Site,Parameter,Date (LT),Year,Month,Day,Hour,NowCast Conc.,AQI,AQI Category,Raw Conc.,Conc. Unit,Duration,QC Name
Kuwait City,PM2.5 - Principal,2021-09-01 01:00 AM,2021,09,01,01,43.4,120,Unhealthy for Sensitive Groups,46.0,UG/M3,1 Hr,Valid
Kuwait City,PM2.5 - Principal,2021-09-01 02:00 AM,2021,09,01,02,44.9,124,Unhealthy for Sensitive Groups,48.0,UG/M3,1 Hr,Valid
Kuwait City,PM2.5 - Principal,2021-09-01 03:00 AM,2021,09,01,03,44.9,124,Unhealthy for Sensitive Groups,45.0,UG/M3,1 Hr,Valid
Kuwait City,PM2.5 - Principal,2021-09-01 04:00 AM,2021,09,01,04,44.6,123,Unhealthy for Sensitive Groups,47.0,UG/M3,1 Hr,Valid
Kuwait City,PM2.5 - Principal,2021-09-01 05:00 AM,2021,09,01,05,46.0,127,Unhealthy for Sensitive Groups,50.0,UG/M3,1 Hr,Valid
Kuwait City,PM2.5 - Principal,2021-09-01 06:00 AM,2021,09,01,06,46.2,127,Unhealthy for Sensitive Groups,47.0,UG/M3,1 Hr,Valid
Kuwait City,PM2.5 - Principal,2021-09-01 07:00 AM,2021,09,01,07,46.7,129,Unhealthy for Sensitive Groups,48.0,UG/M3,1 Hr,Valid
Kuwait City,PM2.5 - Principal,2021-09-01 08:00 AM,2021,09,01,08,47.8,131,Unhealthy for Sensitive Groups,51.0,UG/M3,1 Hr,Valid
Kuwait City,PM2.5 - Principal,2021-09-01 09:00 AM,2021,09,01,09,51.0,139,Unhealthy for Sensitive Groups,57.0,UG/M3,1 Hr,Valid
Kuwait City,PM2.5 - Principal,2021-09-01 10:00 AM,2021,09,01,10,50.1,137,Unhealthy for Sensitive Groups,48.0,UG/M3,1 Hr,Valid
Kuwait City,PM2.5 - Principal,2021-09-01 11:00 AM,2021,09,01,11,52.6,143,Unhealthy for Sensitive Groups,58.0,UG/M3,1 Hr,Valid
Kuwait City,PM2.5 - Principal,2021-09-01 12:00 PM,2021,09,01,12,56.0,151,Unhealthy,64.0,UG/M3,1 Hr,Valid
Kuwait City,PM2.5 - Principal,2021-09-01 01:00 PM,2021,09,01,13,55.4,150,Unhealthy for Sensitive Groups,54.0,UG/M3,1 Hr,Valid
Kuwait City,PM2.5 - Principal,2021-09-01 02:00 PM,2021,09,01,14,52.6,143,Unhealthy for Sensitive Groups,46.0,UG/M3,1 Hr,Valid
Kuwait City,PM2.5 - Principal,2021-09-01 03:00 PM,2021,09,01,15,54.8,149,Unhealthy for Sensitive Groups,60.0,UG/M3,1 Hr,Valid
Kuwait City,PM2.5 - Principal,2021-09-01 04:00 PM,2021,09,01,16,56.0,151,Unhealthy,59.0,UG/M3,1 Hr,Valid
Kuwait City,PM2.5 - Principal,2021-09-01 05:00 PM,2021,09,01,17,57.7,152,Unhealthy,62.0,UG/M3,1 Hr,Valid
Kuwait City,PM2.5 - Principal,2021-09-01 06:00 PM,2021,09,01,18,57.9,152,Unhealthy,58.0,UG/M3,1 Hr,Valid
Kuwait City,PM2.5 - Principal,2021-09-01 07:00 PM,2021,09,01,19,56.2,151,Unhealthy,52.0,UG/M3,1 Hr,Valid
Kuwait City,PM2.5 - Principal,2021-09-01 08:00 PM,2021,09,01,20,54.7,148,Unhealthy for Sensitive Groups,51.0,UG/M3,1 Hr,Valid
Kuwait City,PM2.5 - Principal,2021-09-01 09:00 PM,2021,09,01,21,53.1,144,Unhealthy for Sensitive Groups,49.0,UG/M3,1 Hr,Valid
Kuwait City,PM2.5 - Principal,2021-09-01 10:00 PM,2021,09,01,22,53.6,146,Unhealthy for Sensitive Groups,55.0,UG/M3,1 Hr,Valid
Kuwait City,PM2.5 - Principal,2021-09-01 11:00 PM,2021,09,01,23,55.7,151,Unhealthy,61.0,UG/M3,1 Hr,Valid
Kuwait City,PM2.5 - Principal,2021-09-02 12:00 AM,2021,09,02,00,58.9,153,Unhealthy,66.0,UG/M3,1 Hr,Valid
Kuwait City,PM2.5 - Principal,2021-09-02 01:00 AM,2021,09,02,01,56.2,151,Unhealthy,50.0,UG/M3,1 Hr,Valid
Kuwait City,PM2.5 - Principal,2021-09-02 02:00 AM,2021,09,02,02,55.1,149,Unhealthy for Sensitive Groups,52.0,UG/M3,1 Hr,Valid
Kuwait City,PM2.5 - Principal,2021-09-02 03:00 AM,2021,09,02,03,56.6,152,Unhealthy,61.0,UG/M3,1 Hr,Valid
Kuwait City,PM2.5 - Principal,2021-09-02 04:00 AM,2021,09,02,04,54.8,149,Unhealthy for Sensitive Groups,50.0,UG/M3,1 Hr,Valid
Kuwait City,PM2.5 - Principal,2021-09-02 05:00 AM,2021,09,02,05,53.7,146,Unhealthy for Sensitive Groups,51.0,UG/M3,1 Hr,Valid
Kuwait City,PM2.5 - Principal,2021-09-02 06:00 AM,2021,09,02,06,54.0,147,Unhealthy for Sensitive Groups,55.0,UG/M3,1 Hr,Valid
Kuwait City,PM2.5 - Principal,2021-09-02 07:00 AM,2021,09,02,07,55.9,151,Unhealthy,61.0,UG/M3,1 Hr,Valid
Kuwait City,PM2.5 - Principal,2021-09-02 08:00 AM,2021,09,02,08,59.4,153,Unhealthy,68.0,UG/M3,1 Hr,Valid
Kuwait City,PM2.5 - Principal,2021-09-02 09:00 AM,2021,09,02,09,63.6,155,Unhealthy,72.0,UG/M3,1 Hr,Valid
Kuwait City,PM2.5 - Principal,2021-09-02 10:00 AM,2021,09,02,10,80.8,164,Unhealthy,96.0,UG/M3,1 Hr,Valid
Kuwait City,PM2.5 - Principal,2021-09-02 11:00 AM,2021,09,02,11,54.8,149,Unhealthy for Sensitive Groups,28.0,UG/M3,1 Hr,Valid
Kuwait City,PM2.5 - Principal,2021-09-02 12:00 PM,2021,09,02,12,45.4,125,Unhealthy for Sensitive Groups,36.0,UG/M3,1 Hr,Valid
Kuwait City,PM2.5 - Principal,2021-09-02 01:00 PM,2021,09,02,13,45.2,125,Unhealthy for Sensitive Groups,45.0,UG/M3,1 Hr,Valid
Kuwait City,PM2.5 - Principal,2021-09-02 02:00 PM,2021,09,02,14,47.1,130,Unhealthy for Sensitive Groups,49.0,UG/M3,1 Hr,Valid
Kuwait City,PM2.5 - Principal,2021-09-02 03:00 PM,2021,09,02,15,62.5,155,Unhealthy,78.0,UG/M3,1 Hr,Valid
Kuwait City,PM2.5 - Principal,2021-09-02 04:00 PM,2021,09,02,16,58.7,153,Unhealthy,55.0,UG/M3,1 Hr,Valid
Kuwait City,PM2.5 - Principal,2021-09-02 05:00 PM,2021,09,02,17,62.3,155,Unhealthy,66.0,UG/M3,1 Hr,Valid
Kuwait City,PM2.5 - Principal,2021-09-02 06:00 PM,2021,09,02,18,58.6,153,Unhealthy,55.0,UG/M3,1 Hr,Valid
Kuwait City,PM2.5 - Principal,2021-09-02 07:00 PM,2021,09,02,19,53.8,146,Unhealthy for Sensitive Groups,49.0,UG/M3,1 Hr,Valid
Kuwait City,PM2.5 - Principal,2021-09-02 08:00 PM,2021,09,02,20,49.9,136,Unhealthy for Sensitive Groups,46.0,UG/M3,1 Hr,Valid
Kuwait City,PM2.5 - Principal,2021-09-02 09:00 PM,2021,09,02,21,43.4,120,Unhealthy for Sensitive Groups,37.0,UG/M3,1 Hr,Valid
Kuwait City,PM2.5 - Principal,2021-09-02 10:00 PM,2021,09,02,22,45.7,126,Unhealthy for Sensitive Groups,48.0,UG/M3,1 Hr,Valid
Kuwait City,PM2.5 - Principal,2021-09-02 11:00 PM,2021,09,02,23,51.8,141,Unhealthy for Sensitive Groups,58.0,UG/M3,1 Hr,Valid
Kuwait City,PM2.5 - Principal,2021-09-03 12:00 AM,2021,09,03,00,62.4,155,Unhealthy,73.0,UG/M3,1 Hr,Valid
Kuwait City,PM2.5 - Principal,2021-09-03 01:00 AM,2021,09,03,01,68.2,158,Unhealthy,74.0,UG/M3,1 Hr,Valid
Kuwait City,PM2.5 - Principal,2021-09-03 02:00 AM,2021,09,03,02,67.6,157,Unhealthy,67.0,UG/M3,1 Hr,Valid
Kuwait City,PM2.5 - Principal,2021-09-03 03:00 AM,2021,09,03,03,65.8,156,Unhealthy,64.0,UG/M3,1 Hr,Valid
Kuwait City,PM2.5 - Principal,2021-09-03 04:00 AM,2021,09,03,04,69.9,158,Unhealthy,74.0,UG/M3,1 Hr,Valid
Kuwait City,PM2.5 - Principal,2021-09-03 05:00 AM,2021,09,03,05,64.4,156,Unhealthy,59.0,UG/M3,1 Hr,Valid
Kuwait City,PM2.5 - Principal,2021-09-03 06:00 AM,2021,09,03,06,61.7,154,Unhealthy,59.0,UG/M3,1 Hr,Valid
Kuwait City,PM2.5 - Principal,2021-09-03 07:00 AM,2021,09,03,07,56.8,152,Unhealthy,52.0,UG/M3,1 Hr,Valid
Kuwait City,PM2.5 - Principal,2021-09-03 08:00 AM,2021,09,03,08,53.9,146,Unhealthy for Sensitive Groups,51.0,UG/M3,1 Hr,Valid
Kuwait City,PM2.5 - Principal,2021-09-03 09:00 AM,2021,09,03,09,55.4,150,Unhealthy for Sensitive Groups,54.0,UG/M3,1 Hr,Valid
Kuwait City,PM2.5 - Principal,2021-09-03 10:00 AM,2021,09,03,10,56.0,151,Unhealthy,56.0,UG/M3,1 Hr,Valid
Kuwait City,PM2.5 - Principal,2021-09-03 11:00 AM,2021,09,03,11,57.3,152,Unhealthy,60.0,UG/M3,1 Hr,Valid
Kuwait City,PM2.5 - Principal,2021-09-03 12:00 PM,2021,09,03,12,57.4,152,Unhealthy,58.0,UG/M3,1 Hr,Valid
Kuwait City,PM2.5 - Principal,2021-09-03 01:00 PM,2021,09,03,13,59.7,153,Unhealthy,65.0,UG/M3,1 Hr,Valid
Kuwait City,PM2.5 - Principal,2021-09-03 02:00 PM,2021,09,03,14,59.8,153,Unhealthy,60.0,UG/M3,1 Hr,Valid
Kuwait City,PM2.5 - Principal,2021-09-03 03:00 PM,2021,09,03,15,60.1,153,Unhealthy,61.0,UG/M3,1 Hr,Valid
Kuwait City,PM2.5 - Principal,2021-09-03 04:00 PM,2021,09,03,16,57.9,152,Unhealthy,53.0,UG/M3,1 Hr,Valid
Kuwait City,PM2.5 - Principal,2021-09-03 05:00 PM,2021,09,03,17,57.7,152,Unhealthy,57.0,UG/M3,1 Hr,Valid
Kuwait City,PM2.5 - Principal,2021-09-03 06:00 PM,2021,09,03,18,57.0,152,Unhealthy,55.0,UG/M3,1 Hr,Valid
Kuwait City,PM2.5 - Principal,2021-09-03 07:00 PM,2021,09,03,19,56.4,151,Unhealthy,54.0,UG/M3,1 Hr,Valid
Kuwait City,PM2.5 - Principal,2021-09-03 08:00 PM,2021,09,03,20,53.5,145,Unhealthy for Sensitive Groups,47.0,UG/M3,1 Hr,Valid
Kuwait City,PM2.5 - Principal,2021-09-03 09:00 PM,2021,09,03,21,51.7,141,Unhealthy for Sensitive Groups,47.0,UG/M3,1 Hr,Valid
Kuwait City,PM2.5 - Principal,2021-09-03 10:00 PM,2021,09,03,22,50.9,139,Unhealthy for Sensitive Groups,49.0,UG/M3,1 Hr,Valid
Kuwait City,PM2.5 - Principal,2021-09-03 11:00 PM,2021,09,03,23,50.0,137,Unhealthy for Sensitive Groups,48.0,UG/M3,1 Hr,Valid
Kuwait City,PM2.5 - Principal,2021-09-04 12:00 AM,2021,09,04,00,49.9,136,Unhealthy for Sensitive Groups,50.0,UG/M3,1 Hr,Valid
Kuwait City,PM2.5 - Principal,2021-09-04 01:00 AM,2021,09,04,01,49.9,136,Unhealthy for Sensitive Groups,49.0,UG/M3,1 Hr,Valid
Kuwait City,PM2.5 - Principal,2021-09-04 02:00 AM,2021,09,04,02,50.0,137,Unhealthy for Sensitive Groups,51.0,UG/M3,1 Hr,Valid
Kuwait City,PM2.5 - Principal,2021-09-04 03:00 AM,2021,09,04,03,50.0,137,Unhealthy for Sensitive Groups,50.0,UG/M3,1 Hr,Valid
Kuwait City,PM2.5 - Principal,2021-09-04 04:00 AM,2021,09,04,04,50.5,138,Unhealthy for Sensitive Groups,53.0,UG/M3,1 Hr,Valid
Kuwait City,PM2.5 - Principal,2021-09-04 05:00 AM,2021,09,04,05,52.6,143,Unhealthy for Sensitive Groups,60.0,UG/M3,1 Hr,Valid
Kuwait City,PM2.5 - Principal,2021-09-04 06:00 AM,2021,09,04,06,54.7,148,Unhealthy for Sensitive Groups,61.0,UG/M3,1 Hr,Valid
Kuwait City,PM2.5 - Principal,2021-09-04 07:00 AM,2021,09,04,07,58.1,152,Unhealthy,65.0,UG/M3,1 Hr,Valid
Kuwait City,PM2.5 - Principal,2021-09-04 08:00 AM,2021,09,04,08,61.1,154,Unhealthy,67.0,UG/M3,1 Hr,Valid
Kuwait City,PM2.5 - Principal,2021-09-04 09:00 AM,2021,09,04,09,65.8,156,Unhealthy,73.0,UG/M3,1 Hr,Valid
Kuwait City,PM2.5 - Principal,2021-09-04 10:00 AM,2021,09,04,10,66.9,157,Unhealthy,69.0,UG/M3,1 Hr,Valid
Kuwait City,PM2.5 - Principal,2021-09-04 11:00 AM,2021,09,04,11,58.9,153,Unhealthy,45.0,UG/M3,1 Hr,Valid
Kuwait City,PM2.5 - Principal,2021-09-04 12:00 PM,2021,09,04,12,55.8,151,Unhealthy,51.0,UG/M3,1 Hr,Valid
Kuwait City,PM2.5 - Principal,2021-09-04 01:00 PM,2021,09,04,13,55.5,151,Unhealthy,55.0,UG/M3,1 Hr,Valid
Kuwait City,PM2.5 - Principal,2021-09-04 02:00 PM,2021,09,04,14,52.2,142,Unhealthy for Sensitive Groups,47.0,UG/M3,1 Hr,Valid
Kuwait City,PM2.5 - Principal,2021-09-04 03:00 PM,2021,09,04,15,47.5,131,Unhealthy for Sensitive Groups,42.0,UG/M3,1 Hr,Valid
Kuwait City,PM2.5 - Principal,2021-09-04 04:00 PM,2021,09,04,16,38.6,109,Unhealthy for Sensitive Groups,31.0,UG/M3,1 Hr,Valid
Kuwait City,PM2.5 - Principal,2021-09-04 05:00 PM,2021,09,04,17,35.3,100,Moderate,32.0,UG/M3,1 Hr,Valid
Kuwait City,PM2.5 - Principal,2021-09-04 06:00 PM,2021,09,04,18,31.1,91,Moderate,27.0,UG/M3,1 Hr,Valid
Kuwait City,PM2.5 - Principal,2021-09-04 07:00 PM,2021,09,04,19,27.5,83,Moderate,24.0,UG/M3,1 Hr,Valid
Kuwait City,PM2.5 - Principal,2021-09-04 08:00 PM,2021,09,04,20,29.2,87,Moderate,31.0,UG/M3,1 Hr,Valid
Kuwait City,PM2.5 - Principal,2021-09-04 09:00 PM,2021,09,04,21,26.1,80,Moderate,23.0,UG/M3,1 Hr,Valid
Kuwait City,PM2.5 - Principal,2021-09-04 10:00 PM,2021,09,04,22,24.0,76,Moderate,22.0,UG/M3,1 Hr,Valid
Kuwait City,PM2.5 - Principal,2021-09-04 11:00 PM,2021,09,04,23,25.0,78,Moderate,26.0,UG/M3,1 Hr,Valid
Kuwait City,PM2.5 - Principal,2021-09-05 12:00 AM,2021,09,05,00,23.5,75,Moderate,22.0,UG/M3,1 Hr,Valid
Kuwait City,PM2.5 - Principal,2021-09-05 01:00 AM,2021,09,05,01,22.2,72,Moderate,21.0,UG/M3,1 Hr,Valid
Kuwait City,PM2.5 - Principal,2021-09-05 02:00 AM,2021,09,05,02,24.6,77,Moderate,27.0,UG/M3,1 Hr,Valid
Kuwait City,PM2.5 - Principal,2021-09-05 03:00 AM,2021,09,05,03,24.9,78,Moderate,26.0,UG/M3,1 Hr,Valid
Kuwait City,PM2.5 - Principal,2021-09-05 04:00 AM,2021,09,05,04,22.0,72,Moderate,18.0,UG/M3,1 Hr,Valid
Kuwait City,PM2.5 - Principal,2021-09-05 05:00 AM,2021,09,05,05,18.3,64,Moderate,15.0,UG/M3,1 Hr,Valid
Kuwait City,PM2.5 - Principal,2021-09-05 06:00 AM,2021,09,05,06,13.6,54,Moderate,9.0,UG/M3,1 Hr,Valid
Kuwait City,PM2.5 - Principal,2021-09-05 07:00 AM,2021,09,05,07,17.3,62,Moderate,21.0,UG/M3,1 Hr,Valid
Kuwait City,PM2.5 - Principal,2021-09-05 08:00 AM,2021,09,05,08,13.1,53,Moderate,9.0,UG/M3,1 Hr,Valid
Kuwait City,PM2.5 - Principal,2021-09-05 09:00 AM,2021,09,05,09,22.5,73,Moderate,32.0,UG/M3,1 Hr,Valid
Kuwait City,PM2.5 - Principal,2021-09-05 10:00 AM,2021,09,05,10,27.2,83,Moderate,32.0,UG/M3,1 Hr,Valid
Kuwait City,PM2.5 - Principal,2021-09-05 11:00 AM,2021,09,05,11,29.1,87,Moderate,31.0,UG/M3,1 Hr,Valid
Kuwait City,PM2.5 - Principal,2021-09-05 12:00 PM,2021,09,05,12,32.0,93,Moderate,35.0,UG/M3,1 Hr,Valid
Kuwait City,PM2.5 - Principal,2021-09-05 01:00 PM,2021,09,05,13,34.0,97,Moderate,36.0,UG/M3,1 Hr,Valid
Kuwait City,PM2.5 - Principal,2021-09-05 02:00 PM,2021,09,05,14,34.5,98,Moderate,35.0,UG/M3,1 Hr,Valid
Kuwait City,PM2.5 - Principal,2021-09-05 03:00 PM,2021,09,05,15,32.2,93,Moderate,30.0,UG/M3,1 Hr,Valid
Kuwait City,PM2.5 - Principal,2021-09-05 04:00 PM,2021,09,05,16,29.6,88,Moderate,27.0,UG/M3,1 Hr,Valid
Kuwait City,PM2.5 - Principal,2021-09-05 05:00 PM,2021,09,05,17,30.8,90,Moderate,32.0,UG/M3,1 Hr,Valid
Kuwait City,PM2.5 - Principal,2021-09-05 06:00 PM,2021,09,05,18,31.9,93,Moderate,33.0,UG/M3,1 Hr,Valid
Kuwait City,PM2.5 - Principal,2021-09-05 07:00 PM,2021,09,05,19,27.9,84,Moderate,24.0,UG/M3,1 Hr,Valid
Kuwait City,PM2.5 - Principal,2021-09-05 08:00 PM,2021,09,05,20,22.9,74,Moderate,18.0,UG/M3,1 Hr,Valid
Kuwait City,PM2.5 - Principal,2021-09-05 09:00 PM,2021,09,05,21,19.9,67,Moderate,17.0,UG/M3,1 Hr,Valid
Kuwait City,PM2.5 - Principal,2021-09-05 10:00 PM,2021,09,05,22,18.4,64,Moderate,17.0,UG/M3,1 Hr,Valid
Kuwait City,PM2.5 - Principal,2021-09-05 11:00 PM,2021,09,05,23,18.7,65,Moderate,19.0,UG/M3,1 Hr,Valid
Kuwait City,PM2.5 - Principal,2021-09-06 12:00 AM,2021,09,06,00,22.3,72,Moderate,26.0,UG/M3,1 Hr,Valid
Kuwait City,PM2.5 - Principal,2021-09-06 01:00 AM,2021,09,06,01,29.1,87,Moderate,36.0,UG/M3,1 Hr,Valid
Kuwait City,PM2.5 - Principal,2021-09-06 02:00 AM,2021,09,06,02,30.0,89,Moderate,31.0,UG/M3,1 Hr,Valid
Kuwait City,PM2.5 - Principal,2021-09-06 03:00 AM,2021,09,06,03,32.0,93,Moderate,34.0,UG/M3,1 Hr,Valid
Kuwait City,PM2.5 - Principal,2021-09-06 04:00 AM,2021,09,06,04,37.5,106,Unhealthy for Sensitive Groups,43.0,UG/M3,1 Hr,Valid
Kuwait City,PM2.5 - Principal,2021-09-06 05:00 AM,2021,09,06,05,26.7,82,Moderate,16.0,UG/M3,1 Hr,Valid
Kuwait City,PM2.5 - Principal,2021-09-06 06:00 AM,2021,09,06,06,28.3,85,Moderate,30.0,UG/M3,1 Hr,Valid
Kuwait City,PM2.5 - Principal,2021-09-06 07:00 AM,2021,09,06,07,30.1,89,Moderate,32.0,UG/M3,1 Hr,Valid
Kuwait City,PM2.5 - Principal,2021-09-06 08:00 AM,2021,09,06,08,33.0,95,Moderate,36.0,UG/M3,1 Hr,Valid
Kuwait City,PM2.5 - Principal,2021-09-06 09:00 AM,2021,09,06,09,31.0,91,Moderate,29.0,UG/M3,1 Hr,Valid
Kuwait City,PM2.5 - Principal,2021-09-06 10:00 AM,2021,09,06,10,32.0,93,Moderate,33.0,UG/M3,1 Hr,Valid
Kuwait City,PM2.5 - Principal,2021-09-06 11:00 AM,2021,09,06,11,30.0,89,Moderate,28.0,UG/M3,1 Hr,Valid
Kuwait City,PM2.5 - Principal,2021-09-06 12:00 PM,2021,09,06,12,30.0,89,Moderate,30.0,UG/M3,1 Hr,Valid
Kuwait City,PM2.5 - Principal,2021-09-06 01:00 PM,2021,09,06,13,30.0,89,Moderate,30.0,UG/M3,1 Hr,Valid
Kuwait City,PM2.5 - Principal,2021-09-06 02:00 PM,2021,09,06,14,26.5,81,Moderate,23.0,UG/M3,1 Hr,Valid
Kuwait City,PM2.5 - Principal,2021-09-06 03:00 PM,2021,09,06,15,26.7,82,Moderate,27.0,UG/M3,1 Hr,Valid
Kuwait City,PM2.5 - Principal,2021-09-06 04:00 PM,2021,09,06,16,24.3,77,Moderate,22.0,UG/M3,1 Hr,Valid
Kuwait City,PM2.5 - Principal,2021-09-06 05:00 PM,2021,09,06,17,22.6,73,Moderate,20.0,UG/M3,1 Hr,Valid
Kuwait City,PM2.5 - Principal,2021-09-06 06:00 PM,2021,09,06,18,22.3,72,Moderate,22.0,UG/M3,1 Hr,Valid
Kuwait City,PM2.5 - Principal,2021-09-06 07:00 PM,2021,09,06,19,25.3,79,Moderate,29.0,UG/M3,1 Hr,Valid
Kuwait City,PM2.5 - Principal,2021-09-06 08:00 PM,2021,09,06,20,25.8,80,Moderate,27.0,UG/M3,1 Hr,Valid
Kuwait City,PM2.5 - Principal,2021-09-06 09:00 PM,2021,09,06,21,25.1,78,Moderate,24.0,UG/M3,1 Hr,Valid
Kuwait City,PM2.5 - Principal,2021-09-06 10:00 PM,2021,09,06,22,24.0,76,Moderate,22.0,UG/M3,1 Hr,Valid
Kuwait City,PM2.5 - Principal,2021-09-06 11:00 PM,2021,09,06,23,23.0,74,Moderate,21.0,UG/M3,1 Hr,Valid
Kuwait City,PM2.5 - Principal,2021-09-07 12:00 AM,2021,09,07,00,20.8,69,Moderate,18.0,UG/M3,1 Hr,Valid
Kuwait City,PM2.5 - Principal,2021-09-07 01:00 AM,2021,09,07,01,19.1,66,Moderate,17.0,UG/M3,1 Hr,Valid
Kuwait City,PM2.5 - Principal,2021-09-07 02:00 AM,2021,09,07,02,18.2,64,Moderate,17.0,UG/M3,1 Hr,Valid
Kuwait City,PM2.5 - Principal,2021-09-07 03:00 AM,2021,09,07,03,18.5,64,Moderate,19.0,UG/M3,1 Hr,Valid
Kuwait City,PM2.5 - Principal,2021-09-07 04:00 AM,2021,09,07,04,27.6,84,Moderate,37.0,UG/M3,1 Hr,Valid
Kuwait City,PM2.5 - Principal,2021-09-07 05:00 AM,2021,09,07,05,25.3,79,Moderate,23.0,UG/M3,1 Hr,Valid
Kuwait City,PM2.5 - Principal,2021-09-07 06:00 AM,2021,09,07,06,25.1,78,Moderate,25.0,UG/M3,1 Hr,Valid
Kuwait City,PM2.5 - Principal,2021-09-07 07:00 AM,2021,09,07,07,26.0,80,Moderate,27.0,UG/M3,1 Hr,Valid
Kuwait City,PM2.5 - Principal,2021-09-07 08:00 AM,2021,09,07,08,27.0,82,Moderate,28.0,UG/M3,1 Hr,Valid
Kuwait City,PM2.5 - Principal,2021-09-07 09:00 AM,2021,09,07,09,29.0,87,Moderate,31.0,UG/M3,1 Hr,Valid
Kuwait City,PM2.5 - Principal,2021-09-07 10:00 AM,2021,09,07,10,29.5,88,Moderate,30.0,UG/M3,1 Hr,Valid
Kuwait City,PM2.5 - Principal,2021-09-07 11:00 AM,2021,09,07,11,32.7,94,Moderate,36.0,UG/M3,1 Hr,Valid
Kuwait City,PM2.5 - Principal,2021-09-07 12:00 PM,2021,09,07,12,35.3,100,Moderate,38.0,UG/M3,1 Hr,Valid
Kuwait City,PM2.5 - Principal,2021-09-07 01:00 PM,2021,09,07,13,34.6,98,Moderate,34.0,UG/M3,1 Hr,Valid
Kuwait City,PM2.5 - Principal,2021-09-07 02:00 PM,2021,09,07,14,32.8,95,Moderate,31.0,UG/M3,1 Hr,Valid
Kuwait City,PM2.5 - Principal,2021-09-07 03:00 PM,2021,09,07,15,33.7,96,Moderate,35.0,UG/M3,1 Hr,Valid
Kuwait City,PM2.5 - Principal,2021-09-07 04:00 PM,2021,09,07,16,31.8,92,Moderate,29.0,UG/M3,1 Hr,Valid
Kuwait City,PM2.5 - Principal,2021-09-07 05:00 PM,2021,09,07,17,30.3,89,Moderate,27.0,UG/M3,1 Hr,Valid
Kuwait City,PM2.5 - Principal,2021-09-07 06:00 PM,2021,09,07,18,28.4,85,Moderate,25.0,UG/M3,1 Hr,Valid
Kuwait City,PM2.5 - Principal,2021-09-07 07:00 PM,2021,09,07,19,27.9,84,Moderate,27.0,UG/M3,1 Hr,Valid
Kuwait City,PM2.5 - Principal,2021-09-07 08:00 PM,2021,09,07,20,23.7,75,Moderate,20.0,UG/M3,1 Hr,Valid
Kuwait City,PM2.5 - Principal,2021-09-07 09:00 PM,2021,09,07,21,20.2,68,Moderate,17.0,UG/M3,1 Hr,Valid
Kuwait City,PM2.5 - Principal,2021-09-07 10:00 PM,2021,09,07,22,20.1,68,Moderate,20.0,UG/M3,1 Hr,Valid
Kuwait City,PM2.5 - Principal,2021-09-07 11:00 PM,2021,09,07,23,20.0,68,Moderate,20.0,UG/M3,1 Hr,Valid
Kuwait City,PM2.5 - Principal,2021-09-08 12:00 AM,2021,09,08,00,23.0,74,Moderate,26.0,UG/M3,1 Hr,Valid
Kuwait City,PM2.5 - Principal,2021-09-08 01:00 AM,2021,09,08,01,25.0,78,Moderate,27.0,UG/M3,1 Hr,Valid
Kuwait City,PM2.5 - Principal,2021-09-08 02:00 AM,2021,09,08,02,27.5,83,Moderate,30.0,UG/M3,1 Hr,Valid
Kuwait City,PM2.5 - Principal,2021-09-08 03:00 AM,2021,09,08,03,30.7,90,Moderate,34.0,UG/M3,1 Hr,Valid
Kuwait City,PM2.5 - Principal,2021-09-08 04:00 AM,2021,09,08,04,31.8,92,Moderate,33.0,UG/M3,1 Hr,Valid
Kuwait City,PM2.5 - Principal,2021-09-08 05:00 AM,2021,09,08,05,29.4,87,Moderate,27.0,UG/M3,1 Hr,Valid
Kuwait City,PM2.5 - Principal,2021-09-08 06:00 AM,2021,09,08,06,29.2,87,Moderate,29.0,UG/M3,1 Hr,Valid
Kuwait City,PM2.5 - Principal,2021-09-08 07:00 AM,2021,09,08,07,25.6,79,Moderate,22.0,UG/M3,1 Hr,Valid
Kuwait City,PM2.5 - Principal,2021-09-08 08:00 AM,2021,09,08,08,24.8,78,Moderate,24.0,UG/M3,1 Hr,Valid
Kuwait City,PM2.5 - Principal,2021-09-08 09:00 AM,2021,09,08,09,26.0,80,Moderate,27.0,UG/M3,1 Hr,Valid
Kuwait City,PM2.5 - Principal,2021-09-08 10:00 AM,2021,09,08,10,26.0,80,Moderate,26.0,UG/M3,1 Hr,Valid
Kuwait City,PM2.5 - Principal,2021-09-08 11:00 AM,2021,09,08,11,27.8,84,Moderate,31.0,UG/M3,1 Hr,Valid
Kuwait City,PM2.5 - Principal,2021-09-08 12:00 PM,2021,09,08,12,30.0,89,Moderate,34.0,UG/M3,1 Hr,Valid
Kuwait City,PM2.5 - Principal,2021-09-08 01:00 PM,2021,09,08,13,34.3,98,Moderate,39.0,UG/M3,1 Hr,Valid
Kuwait City,PM2.5 - Principal,2021-09-08 02:00 PM,2021,09,08,14,36.9,104,Unhealthy for Sensitive Groups,40.0,UG/M3,1 Hr,Valid
Kuwait City,PM2.5 - Principal,2021-09-08 03:00 PM,2021,09,08,15,33.3,96,Moderate,29.0,UG/M3,1 Hr,Valid
Kuwait City,PM2.5 - Principal,2021-09-08 04:00 PM,2021,09,08,16,33.2,95,Moderate,33.0,UG/M3,1 Hr,Valid
Kuwait City,PM2.5 - Principal,2021-09-08 05:00 PM,2021,09,08,17,30.4,89,Moderate,27.0,UG/M3,1 Hr,Valid
Kuwait City,PM2.5 - Principal,2021-09-08 06:00 PM,2021,09,08,18,29.3,87,Moderate,28.0,UG/M3,1 Hr,Valid
Kuwait City,PM2.5 - Principal,2021-09-08 07:00 PM,2021,09,08,19,28.5,85,Moderate,27.0,UG/M3,1 Hr,Valid
Kuwait City,PM2.5 - Principal,2021-09-08 08:00 PM,2021,09,08,20,28.6,86,Moderate,28.0,UG/M3,1 Hr,Valid
Kuwait City,PM2.5 - Principal,2021-09-08 09:00 PM,2021,09,08,21,30.8,90,Moderate,35.0,UG/M3,1 Hr,Valid
Kuwait City,PM2.5 - Principal,2021-09-08 10:00 PM,2021,09,08,22,49.7,136,Unhealthy for Sensitive Groups,68.0,UG/M3,1 Hr,Valid
Kuwait City,PM2.5 - Principal,2021-09-08 11:00 PM,2021,09,08,23,59.3,153,Unhealthy,69.0,UG/M3,1 Hr,Valid
Kuwait City,PM2.5 - Principal,2021-09-09 12:00 AM,2021,09,09,00,83.2,165,Unhealthy,107.0,UG/M3,1 Hr,Valid
Kuwait City,PM2.5 - Principal,2021-09-09 01:00 AM,2021,09,09,01,115.6,182,Unhealthy,148.0,UG/M3,1 Hr,Valid
Kuwait City,PM2.5 - Principal,2021-09-09 02:00 AM,2021,09,09,02,143.8,197,Unhealthy,172.0,UG/M3,1 Hr,Valid
Kuwait City,PM2.5 - Principal,2021-09-09 03:00 AM,2021,09,09,03,109.9,179,Unhealthy,76.0,UG/M3,1 Hr,Valid
Kuwait City,PM2.5 - Principal,2021-09-09 04:00 AM,2021,09,09,04,74.4,161,Unhealthy,39.0,UG/M3,1 Hr,Valid
Kuwait City,PM2.5 - Principal,2021-09-09 05:00 AM,2021,09,09,05,44.7,124,Unhealthy for Sensitive Groups,15.0,UG/M3,1 Hr,Valid
Kuwait City,PM2.5 - Principal,2021-09-09 06:00 AM,2021,09,09,06,29.3,87,Moderate,14.0,UG/M3,1 Hr,Valid
Kuwait City,PM2.5 - Principal,2021-09-09 07:00 AM,2021,09,09,07,23.1,74,Moderate,17.0,UG/M3,1 Hr,Valid
Kuwait City,PM2.5 - Principal,2021-09-09 08:00 AM,2021,09,09,08,21.0,70,Moderate,19.0,UG/M3,1 Hr,Valid
Kuwait City,PM2.5 - Principal,2021-09-09 09:00 AM,2021,09,09,09,20.5,69,Moderate,20.0,UG/M3,1 Hr,Valid
Kuwait City,PM2.5 - Principal,2021-09-09 10:00 AM,2021,09,09,10,22.7,73,Moderate,25.0,UG/M3,1 Hr,Valid
Kuwait City,PM2.5 - Principal,2021-09-09 11:00 AM,2021,09,09,11,23.8,76,Moderate,25.0,UG/M3,1 Hr,Valid
Kuwait City,PM2.5 - Principal,2021-09-09 12:00 PM,2021,09,09,12,26.4,81,Moderate,29.0,UG/M3,1 Hr,Valid
Kuwait City,PM2.5 - Principal,2021-09-09 01:00 PM,2021,09,09,13,27.2,83,Moderate,28.0,UG/M3,1 Hr,Valid
Kuwait City,PM2.5 - Principal,2021-09-09 02:00 PM,2021,09,09,14,26.0,80,Moderate,25.0,UG/M3,1 Hr,Valid
Kuwait City,PM2.5 - Principal,2021-09-09 03:00 PM,2021,09,09,15,25.0,78,Moderate,24.0,UG/M3,1 Hr,Valid
Kuwait City,PM2.5 - Principal,2021-09-09 04:00 PM,2021,09,09,16,26.0,80,Moderate,27.0,UG/M3,1 Hr,Valid
Kuwait City,PM2.5 - Principal,2021-09-09 05:00 PM,2021,09,09,17,23.0,74,Moderate,20.0,UG/M3,1 Hr,Valid
Kuwait City,PM2.5 - Principal,2021-09-09 06:00 PM,2021,09,09,18,24.5,77,Moderate,26.0,UG/M3,1 Hr,Valid
Kuwait City,PM2.5 - Principal,2021-09-09 07:00 PM,2021,09,09,19,38.7,109,Unhealthy for Sensitive Groups,53.0,UG/M3,1 Hr,Valid
Kuwait City,PM2.5 - Principal,2021-09-09 08:00 PM,2021,09,09,20,45.3,125,Unhealthy for Sensitive Groups,52.0,UG/M3,1 Hr,Valid
Kuwait City,PM2.5 - Principal,2021-09-09 09:00 PM,2021,09,09,21,46.1,127,Unhealthy for Sensitive Groups,47.0,UG/M3,1 Hr,Valid
Kuwait City,PM2.5 - Principal,2021-09-09 10:00 PM,2021,09,09,22,48.6,133,Unhealthy for Sensitive Groups,51.0,UG/M3,1 Hr,Valid
Kuwait City,PM2.5 - Principal,2021-09-09 11:00 PM,2021,09,09,23,46.8,129,Unhealthy for Sensitive Groups,45.0,UG/M3,1 Hr,Valid
Kuwait City,PM2.5 - Principal,2021-09-10 12:00 AM,2021,09,10,00,41.9,117,Unhealthy for Sensitive Groups,37.0,UG/M3,1 Hr,Valid
Kuwait City,PM2.5 - Principal,2021-09-10 01:00 AM,2021,09,10,01,38.4,108,Unhealthy for Sensitive Groups,35.0,UG/M3,1 Hr,Valid
Kuwait City,PM2.5 - Principal,2021-09-10 02:00 AM,2021,09,10,02,38.7,109,Unhealthy for Sensitive Groups,39.0,UG/M3,1 Hr,Valid
Kuwait City,PM2.5 - Principal,2021-09-10 03:00 AM,2021,09,10,03,44.3,123,Unhealthy for Sensitive Groups,50.0,UG/M3,1 Hr,Valid
Kuwait City,PM2.5 - Principal,2021-09-10 04:00 AM,2021,09,10,04,37.6,106,Unhealthy for Sensitive Groups,31.0,UG/M3,1 Hr,Valid
Kuwait City,PM2.5 - Principal,2021-09-10 05:00 AM,2021,09,10,05,26.8,82,Moderate,16.0,UG/M3,1 Hr,Valid
Kuwait City,PM2.5 - Principal,2021-09-10 06:00 AM,2021,09,10,06,24.9,78,Moderate,23.0,UG/M3,1 Hr,Valid
Kuwait City,PM2.5 - Principal,2021-09-10 07:00 AM,2021,09,10,07,18.9,65,Moderate,13.0,UG/M3,1 Hr,Valid
Kuwait City,PM2.5 - Principal,2021-09-10 08:00 AM,2021,09,10,08,22.9,74,Moderate,27.0,UG/M3,1 Hr,Valid
Kuwait City,PM2.5 - Principal,2021-09-10 09:00 AM,2021,09,10,09,23.4,75,Moderate,24.0,UG/M3,1 Hr,Valid
Kuwait City,PM2.5 - Principal,2021-09-10 10:00 AM,2021,09,10,10,22.7,73,Moderate,22.0,UG/M3,1 Hr,Valid
Kuwait City,PM2.5 - Principal,2021-09-10 11:00 AM,2021,09,10,11,20.8,69,Moderate,19.0,UG/M3,1 Hr,Valid
Kuwait City,PM2.5 - Principal,2021-09-10 12:00 PM,2021,09,10,12,22.9,74,Moderate,25.0,UG/M3,1 Hr,Valid
Kuwait City,PM2.5 - Principal,2021-09-10 01:00 PM,2021,09,10,13,25.4,79,Moderate,28.0,UG/M3,1 Hr,Valid
Kuwait City,PM2.5 - Principal,2021-09-10 02:00 PM,2021,09,10,14,29.7,88,Moderate,34.0,UG/M3,1 Hr,Valid
Kuwait City,PM2.5 - Principal,2021-09-10 03:00 PM,2021,09,10,15,31.3,91,Moderate,33.0,UG/M3,1 Hr,Valid
Kuwait City,PM2.5 - Principal,2021-09-10 04:00 PM,2021,09,10,16,35.1,99,Moderate,39.0,UG/M3,1 Hr,Valid
Kuwait City,PM2.5 - Principal,2021-09-10 05:00 PM,2021,09,10,17,41.0,115,Unhealthy for Sensitive Groups,47.0,UG/M3,1 Hr,Valid
Kuwait City,PM2.5 - Principal,2021-09-10 06:00 PM,2021,09,10,18,46.0,127,Unhealthy for Sensitive Groups,51.0,UG/M3,1 Hr,Valid
Kuwait City,PM2.5 - Principal,2021-09-10 07:00 PM,2021,09,10,19,44.0,122,Unhealthy for Sensitive Groups,42.0,UG/M3,1 Hr,Valid
Kuwait City,PM2.5 - Principal,2021-09-10 08:00 PM,2021,09,10,20,38.5,108,Unhealthy for Sensitive Groups,33.0,UG/M3,1 Hr,Valid
Kuwait City,PM2.5 - Principal,2021-09-10 09:00 PM,2021,09,10,21,33.7,96,Moderate,29.0,UG/M3,1 Hr,Valid
Kuwait City,PM2.5 - Principal,2021-09-10 10:00 PM,2021,09,10,22,30.8,90,Moderate,28.0,UG/M3,1 Hr,Valid
Kuwait City,PM2.5 - Principal,2021-09-10 11:00 PM,2021,09,10,23,27.4,83,Moderate,24.0,UG/M3,1 Hr,Valid
Kuwait City,PM2.5 - Principal,2021-09-11 12:00 AM,2021,09,11,00,24.7,77,Moderate,22.0,UG/M3,1 Hr,Valid
Kuwait City,PM2.5 - Principal,2021-09-11 01:00 AM,2021,09,11,01,26.3,81,Moderate,28.0,UG/M3,1 Hr,Valid
Kuwait City,PM2.5 - Principal,2021-09-11 02:00 AM,2021,09,11,02,47.1,130,Unhealthy for Sensitive Groups,68.0,UG/M3,1 Hr,Valid
Kuwait City,PM2.5 - Principal,2021-09-11 03:00 AM,2021,09,11,03,44.5,123,Unhealthy for Sensitive Groups,42.0,UG/M3,1 Hr,Valid
Kuwait City,PM2.5 - Principal,2021-09-11 04:00 AM,2021,09,11,04,40.2,113,Unhealthy for Sensitive Groups,36.0,UG/M3,1 Hr,Valid
Kuwait City,PM2.5 - Principal,2021-09-11 05:00 AM,2021,09,11,05,32.6,94,Moderate,25.0,UG/M3,1 Hr,Valid
Kuwait City,PM2.5 - Principal,2021-09-11 06:00 AM,2021,09,11,06,27.3,83,Moderate,22.0,UG/M3,1 Hr,Valid
Kuwait City,PM2.5 - Principal,2021-09-11 07:00 AM,2021,09,11,07,23.6,75,Moderate,20.0,UG/M3,1 Hr,Valid
Kuwait City,PM2.5 - Principal,2021-09-11 08:00 AM,2021,09,11,08,37.3,105,Unhealthy for Sensitive Groups,51.0,UG/M3,1 Hr,Valid
Kuwait City,PM2.5 - Principal,2021-09-11 09:00 AM,2021,09,11,09,70.1,159,Unhealthy,103.0,UG/M3,1 Hr,Valid
Kuwait City,PM2.5 - Principal,2021-09-11 10:00 AM,2021,09,11,10,97.5,173,Unhealthy,125.0,UG/M3,1 Hr,Valid
Kuwait City,PM2.5 - Principal,2021-09-11 11:00 AM,2021,09,11,11,102.3,175,Unhealthy,107.0,UG/M3,1 Hr,Valid
Kuwait City,PM2.5 - Principal,2021-09-11 12:00 PM,2021,09,11,12,104.6,176,Unhealthy,107.0,UG/M3,1 Hr,Valid
Kuwait City,PM2.5 - Principal,2021-09-11 01:00 PM,2021,09,11,13,95.3,172,Unhealthy,86.0,UG/M3,1 Hr,Valid
Kuwait City,PM2.5 - Principal,2021-09-11 02:00 PM,2021,09,11,14,89.1,168,Unhealthy,83.0,UG/M3,1 Hr,Valid
Kuwait City,PM2.5 - Principal,2021-09-11 03:00 PM,2021,09,11,15,82.0,165,Unhealthy,75.0,UG/M3,1 Hr,Valid
Kuwait City,PM2.5 - Principal,2021-09-11 04:00 PM,2021,09,11,16,64.0,155,Unhealthy,46.0,UG/M3,1 Hr,Valid
Kuwait City,PM2.5 - Principal,2021-09-11 05:00 PM,2021,09,11,17,52.5,143,Unhealthy for Sensitive Groups,41.0,UG/M3,1 Hr,Valid
Kuwait City,PM2.5 - Principal,2021-09-11 06:00 PM,2021,09,11,18,44.2,122,Unhealthy for Sensitive Groups,36.0,UG/M3,1 Hr,Valid
Kuwait City,PM2.5 - Principal,2021-09-11 07:00 PM,2021,09,11,19,39.6,111,Unhealthy for Sensitive Groups,35.0,UG/M3,1 Hr,Valid
Kuwait City,PM2.5 - Principal,2021-09-11 08:00 PM,2021,09,11,20,38.8,109,Unhealthy for Sensitive Groups,38.0,UG/M3,1 Hr,Valid
Kuwait City,PM2.5 - Principal,2021-09-11 09:00 PM,2021,09,11,21,36.3,103,Unhealthy for Sensitive Groups,34.0,UG/M3,1 Hr,Valid
Kuwait City,PM2.5 - Principal,2021-09-11 10:00 PM,2021,09,11,22,32.1,93,Moderate,28.0,UG/M3,1 Hr,Valid
Kuwait City,PM2.5 - Principal,2021-09-11 11:00 PM,2021,09,11,23,31.5,92,Moderate,31.0,UG/M3,1 Hr,Valid
Kuwait City,PM2.5 - Principal,2021-09-12 12:00 AM,2021,09,12,00,25.7,80,Moderate,20.0,UG/M3,1 Hr,Valid
Kuwait City,PM2.5 - Principal,2021-09-12 01:00 AM,2021,09,12,01,24.3,77,Moderate,23.0,UG/M3,1 Hr,Valid
Kuwait City,PM2.5 - Principal,2021-09-12 02:00 AM,2021,09,12,02,27.1,83,Moderate,30.0,UG/M3,1 Hr,Valid
Kuwait City,PM2.5 - Principal,2021-09-12 03:00 AM,2021,09,12,03,39.5,111,Unhealthy for Sensitive Groups,52.0,UG/M3,1 Hr,Valid
Kuwait City,PM2.5 - Principal,2021-09-12 04:00 AM,2021,09,12,04,37.2,105,Unhealthy for Sensitive Groups,35.0,UG/M3,1 Hr,Valid
Kuwait City,PM2.5 - Principal,2021-09-12 05:00 AM,2021,09,12,05,27.1,83,Moderate,17.0,UG/M3,1 Hr,Valid
Kuwait City,PM2.5 - Principal,2021-09-12 06:00 AM,2021,09,12,06,20.5,69,Moderate,14.0,UG/M3,1 Hr,Valid
Kuwait City,PM2.5 - Principal,2021-09-12 07:00 AM,2021,09,12,07,17.2,62,Moderate,14.0,UG/M3,1 Hr,Valid
Kuwait City,PM2.5 - Principal,2021-09-12 08:00 AM,2021,09,12,08,13.6,54,Moderate,10.0,UG/M3,1 Hr,Valid
Kuwait City,PM2.5 - Principal,2021-09-12 09:00 AM,2021,09,12,09,14.3,56,Moderate,15.0,UG/M3,1 Hr,Valid
Kuwait City,PM2.5 - Principal,2021-09-12 10:00 AM,2021,09,12,10,10.6,44,Good,7.0,UG/M3,1 Hr,Valid
Kuwait City,PM2.5 - Principal,2021-09-12 11:00 AM,2021,09,12,11,16.3,60,Moderate,22.0,UG/M3,1 Hr,Valid
Kuwait City,PM2.5 - Principal,2021-09-12 12:00 PM,2021,09,12,12,19.1,66,Moderate,22.0,UG/M3,1 Hr,Valid
Kuwait City,PM2.5 - Principal,2021-09-12 01:00 PM,2021,09,12,13,21.5,71,Moderate,24.0,UG/M3,1 Hr,Valid
Kuwait City,PM2.5 - Principal,2021-09-12 02:00 PM,2021,09,12,14,21.7,71,Moderate,22.0,UG/M3,1 Hr,Valid
Kuwait City,PM2.5 - Principal,2021-09-12 03:00 PM,2021,09,12,15,20.3,68,Moderate,19.0,UG/M3,1 Hr,Valid
Kuwait City,PM2.5 - Principal,2021-09-12 04:00 PM,2021,09,12,16,21.1,70,Moderate,22.0,UG/M3,1 Hr,Valid
Kuwait City,PM2.5 - Principal,2021-09-12 05:00 PM,2021,09,12,17,19.5,67,Moderate,18.0,UG/M3,1 Hr,Valid
Kuwait City,PM2.5 - Principal,2021-09-12 06:00 PM,2021,09,12,18,20.7,69,Moderate,22.0,UG/M3,1 Hr,Valid
Kuwait City,PM2.5 - Principal,2021-09-12 07:00 PM,2021,09,12,19,21.4,71,Moderate,22.0,UG/M3,1 Hr,Valid
Kuwait City,PM2.5 - Principal,2021-09-12 08:00 PM,2021,09,12,20,20.2,68,Moderate,19.0,UG/M3,1 Hr,Valid
Kuwait City,PM2.5 - Principal,2021-09-12 09:00 PM,2021,09,12,21,16.6,60,Moderate,13.0,UG/M3,1 Hr,Valid
Kuwait City,PM2.5 - Principal,2021-09-12 10:00 PM,2021,09,12,22,15.5,58,Moderate,14.0,UG/M3,1 Hr,Valid
Kuwait City,PM2.5 - Principal,2021-09-12 11:00 PM,2021,09,12,23,17.6,63,Moderate,20.0,UG/M3,1 Hr,Valid
Kuwait City,PM2.5 - Principal,2021-09-13 12:00 AM,2021,09,13,00,20.0,68,Moderate,23.0,UG/M3,1 Hr,Valid
Kuwait City,PM2.5 - Principal,2021-09-13 01:00 AM,2021,09,13,01,21.2,70,Moderate,23.0,UG/M3,1 Hr,Valid
Kuwait City,PM2.5 - Principal,2021-09-13 02:00 AM,2021,09,13,02,21.1,70,Moderate,21.0,UG/M3,1 Hr,Valid
Kuwait City,PM2.5 - Principal,2021-09-13 03:00 AM,2021,09,13,03,33.6,96,Moderate,46.0,UG/M3,1 Hr,Valid
Kuwait City,PM2.5 - Principal,2021-09-13 04:00 AM,2021,09,13,04,52.8,144,Unhealthy for Sensitive Groups,72.0,UG/M3,1 Hr,Valid
Kuwait City,PM2.5 - Principal,2021-09-13 05:00 AM,2021,09,13,05,41.4,116,Unhealthy for Sensitive Groups,30.0,UG/M3,1 Hr,Valid
Kuwait City,PM2.5 - Principal,2021-09-13 06:00 AM,2021,09,13,06,33.2,95,Moderate,25.0,UG/M3,1 Hr,Valid
Kuwait City,PM2.5 - Principal,2021-09-13 07:00 AM,2021,09,13,07,26.1,80,Moderate,19.0,UG/M3,1 Hr,Valid
Kuwait City,PM2.5 - Principal,2021-09-13 08:00 AM,2021,09,13,08,18.5,64,Moderate,11.0,UG/M3,1 Hr,Valid
Kuwait City,PM2.5 - Principal,2021-09-13 09:00 AM,2021,09,13,09,18.7,65,Moderate,19.0,UG/M3,1 Hr,Valid
Kuwait City,PM2.5 - Principal,2021-09-13 10:00 AM,2021,09,13,10,20.8,69,Moderate,23.0,UG/M3,1 Hr,Valid
Kuwait City,PM2.5 - Principal,2021-09-13 11:00 AM,2021,09,13,11,22.9,74,Moderate,25.0,UG/M3,1 Hr,Valid
Kuwait City,PM2.5 - Principal,2021-09-13 12:00 PM,2021,09,13,12,23.4,75,Moderate,24.0,UG/M3,1 Hr,Valid
Kuwait City,PM2.5 - Principal,2021-09-13 01:00 PM,2021,09,13,13,22.7,73,Moderate,22.0,UG/M3,1 Hr,Valid
Kuwait City,PM2.5 - Principal,2021-09-13 02:00 PM,2021,09,13,14,19.8,67,Moderate,17.0,UG/M3,1 Hr,Valid
Kuwait City,PM2.5 - Principal,2021-09-13 03:00 PM,2021,09,13,15,17.4,62,Moderate,15.0,UG/M3,1 Hr,Valid
Kuwait City,PM2.5 - Principal,2021-09-13 04:00 PM,2021,09,13,16,16.2,60,Moderate,15.0,UG/M3,1 Hr,Valid
Kuwait City,PM2.5 - Principal,2021-09-13 05:00 PM,2021,09,13,17,16.1,59,Moderate,16.0,UG/M3,1 Hr,Valid
Kuwait City,PM2.5 - Principal,2021-09-13 06:00 PM,2021,09,13,18,14.5,56,Moderate,13.0,UG/M3,1 Hr,Valid
Kuwait City,PM2.5 - Principal,2021-09-13 07:00 PM,2021,09,13,19,13.2,53,Moderate,12.0,UG/M3,1 Hr,Valid
Kuwait City,PM2.5 - Principal,2021-09-13 08:00 PM,2021,09,13,20,12.6,52,Moderate,12.0,UG/M3,1 Hr,Valid
Kuwait City,PM2.5 - Principal,2021-09-13 09:00 PM,2021,09,13,21,12.8,52,Moderate,13.0,UG/M3,1 Hr,Valid
Kuwait City,PM2.5 - Principal,2021-09-13 10:00 PM,2021,09,13,22,12.9,53,Moderate,13.0,UG/M3,1 Hr,Valid
Kuwait City,PM2.5 - Principal,2021-09-13 11:00 PM,2021,09,13,23,14.4,56,Moderate,16.0,UG/M3,1 Hr,Valid
Kuwait City,PM2.5 - Principal,2021-09-14 12:00 AM,2021,09,14,00,13.2,53,Moderate,12.0,UG/M3,1 Hr,Valid
Kuwait City,PM2.5 - Principal,2021-09-14 01:00 AM,2021,09,14,01,18.6,65,Moderate,24.0,UG/M3,1 Hr,Valid
Kuwait City,PM2.5 - Principal,2021-09-14 02:00 AM,2021,09,14,02,19.3,66,Moderate,20.0,UG/M3,1 Hr,Valid
Kuwait City,PM2.5 - Principal,2021-09-14 03:00 AM,2021,09,14,03,20.1,68,Moderate,21.0,UG/M3,1 Hr,Valid
Kuwait City,PM2.5 - Principal,2021-09-14 04:00 AM,2021,09,14,04,19.5,67,Moderate,19.0,UG/M3,1 Hr,Valid
Kuwait City,PM2.5 - Principal,2021-09-14 05:00 AM,2021,09,14,05,19.2,66,Moderate,19.0,UG/M3,1 Hr,Valid
Kuwait City,PM2.5 - Principal,2021-09-14 06:00 AM,2021,09,14,06,21.1,70,Moderate,23.0,UG/M3,1 Hr,Valid
Kuwait City,PM2.5 - Principal,2021-09-14 07:00 AM,2021,09,14,07,20.0,68,Moderate,19.0,UG/M3,1 Hr,Valid
Kuwait City,PM2.5 - Principal,2021-09-14 08:00 AM,2021,09,14,08,18.5,64,Moderate,17.0,UG/M3,1 Hr,Valid
Kuwait City,PM2.5 - Principal,2021-09-14 09:00 AM,2021,09,14,09,18.7,65,Moderate,19.0,UG/M3,1 Hr,Valid
Kuwait City,PM2.5 - Principal,2021-09-14 10:00 AM,2021,09,14,10,22.3,72,Moderate,26.0,UG/M3,1 Hr,Valid
Kuwait City,PM2.5 - Principal,2021-09-14 11:00 AM,2021,09,14,11,19.6,67,Moderate,17.0,UG/M3,1 Hr,Valid
Kuwait City,PM2.5 - Principal,2021-09-14 12:00 PM,2021,09,14,12,23.0,74,Moderate,28.0,UG/M3,1 Hr,Valid
Kuwait City,PM2.5 - Principal,2021-09-14 01:00 PM,2021,09,14,13,24.6,77,Moderate,27.0,UG/M3,1 Hr,Valid
Kuwait City,PM2.5 - Principal,2021-09-14 02:00 PM,2021,09,14,14,23.5,75,Moderate,22.0,UG/M3,1 Hr,Valid
Kuwait City,PM2.5 - Principal,2021-09-14 03:00 PM,2021,09,14,15,21.7,71,Moderate,19.0,UG/M3,1 Hr,Valid
Kuwait City,PM2.5 - Principal,2021-09-14 04:00 PM,2021,09,14,16,20.6,69,Moderate,19.0,UG/M3,1 Hr,Valid
Kuwait City,PM2.5 - Principal,2021-09-14 05:00 PM,2021,09,14,17,19.2,66,Moderate,17.0,UG/M3,1 Hr,Valid
Kuwait City,PM2.5 - Principal,2021-09-14 06:00 PM,2021,09,14,18,18.3,64,Moderate,17.0,UG/M3,1 Hr,Valid
Kuwait City,PM2.5 - Principal,2021-09-14 07:00 PM,2021,09,14,19,16.5,60,Moderate,15.0,UG/M3,1 Hr,Valid
Kuwait City,PM2.5 - Principal,2021-09-14 08:00 PM,2021,09,14,20,14.1,55,Moderate,12.0,UG/M3,1 Hr,Valid
Kuwait City,PM2.5 - Principal,2021-09-14 09:00 PM,2021,09,14,21,13.5,54,Moderate,13.0,UG/M3,1 Hr,Valid
Kuwait City,PM2.5 - Principal,2021-09-14 10:00 PM,2021,09,14,22,11.7,49,Good,10.0,UG/M3,1 Hr,Valid
Kuwait City,PM2.5 - Principal,2021-09-14 11:00 PM,2021,09,14,23,12.8,52,Moderate,14.0,UG/M3,1 Hr,Valid
Kuwait City,PM2.5 - Principal,2021-09-15 12:00 AM,2021,09,15,00,15.9,59,Moderate,19.0,UG/M3,1 Hr,Valid
Kuwait City,PM2.5 - Principal,2021-09-15 01:00 AM,2021,09,15,01,16.9,61,Moderate,18.0,UG/M3,1 Hr,Valid
Kuwait City,PM2.5 - Principal,2021-09-15 02:00 AM,2021,09,15,02,22.4,73,Moderate,28.0,UG/M3,1 Hr,Valid
Kuwait City,PM2.5 - Principal,2021-09-15 03:00 AM,2021,09,15,03,31.7,92,Moderate,41.0,UG/M3,1 Hr,Valid
Kuwait City,PM2.5 - Principal,2021-09-15 04:00 AM,2021,09,15,04,38.3,108,Unhealthy for Sensitive Groups,45.0,UG/M3,1 Hr,Valid
Kuwait City,PM2.5 - Principal,2021-09-15 05:00 AM,2021,09,15,05,28.6,86,Moderate,19.0,UG/M3,1 Hr,Valid
Kuwait City,PM2.5 - Principal,2021-09-15 06:00 AM,2021,09,15,06,23.3,75,Moderate,18.0,UG/M3,1 Hr,Valid
Kuwait City,PM2.5 - Principal,2021-09-15 07:00 AM,2021,09,15,07,17.6,63,Moderate,12.0,UG/M3,1 Hr,Valid
Kuwait City,PM2.5 - Principal,2021-09-15 08:00 AM,2021,09,15,08,14.8,57,Moderate,12.0,UG/M3,1 Hr,Valid
Kuwait City,PM2.5 - Principal,2021-09-15 09:00 AM,2021,09,15,09,14.4,56,Moderate,14.0,UG/M3,1 Hr,Valid
Kuwait City,PM2.5 - Principal,2021-09-15 10:00 AM,2021,09,15,10,15.7,59,Moderate,17.0,UG/M3,1 Hr,Valid
Kuwait City,PM2.5 - Principal,2021-09-15 11:00 AM,2021,09,15,11,16.8,61,Moderate,18.0,UG/M3,1 Hr,Valid
Kuwait City,PM2.5 - Principal,2021-09-15 12:00 PM,2021,09,15,12,18.9,65,Moderate,21.0,UG/M3,1 Hr,Valid
Kuwait City,PM2.5 - Principal,2021-09-15 01:00 PM,2021,09,15,13,20.4,68,Moderate,22.0,UG/M3,1 Hr,Valid
Kuwait City,PM2.5 - Principal,2021-09-15 02:00 PM,2021,09,15,14,23.2,74,Moderate,26.0,UG/M3,1 Hr,Valid
Kuwait City,PM2.5 - Principal,2021-09-15 03:00 PM,2021,09,15,15,24.1,76,Moderate,25.0,UG/M3,1 Hr,Valid
Kuwait City,PM2.5 - Principal,2021-09-15 04:00 PM,2021,09,15,16,23.5,75,Moderate,23.0,UG/M3,1 Hr,Valid
Kuwait City,PM2.5 - Principal,2021-09-15 05:00 PM,2021,09,15,17,20.2,68,Moderate,17.0,UG/M3,1 Hr,Valid
Kuwait City,PM2.5 - Principal,2021-09-15 06:00 PM,2021,09,15,18,17.6,63,Moderate,15.0,UG/M3,1 Hr,Valid
Kuwait City,PM2.5 - Principal,2021-09-15 07:00 PM,2021,09,15,19,15.3,58,Moderate,13.0,UG/M3,1 Hr,Valid
Kuwait City,PM2.5 - Principal,2021-09-15 08:00 PM,2021,09,15,20,13.6,54,Moderate,12.0,UG/M3,1 Hr,Valid
Kuwait City,PM2.5 - Principal,2021-09-15 09:00 PM,2021,09,15,21,12.3,51,Moderate,11.0,UG/M3,1 Hr,Valid
Kuwait City,PM2.5 - Principal,2021-09-15 10:00 PM,2021,09,15,22,11.6,48,Good,11.0,UG/M3,1 Hr,Valid
Kuwait City,PM2.5 - Principal,2021-09-15 11:00 PM,2021,09,15,23,11.3,47,Good,11.0,UG/M3,1 Hr,Valid
Kuwait City,PM2.5 - Principal,2021-09-16 12:00 AM,2021,09,16,00,12.1,51,Moderate,13.0,UG/M3,1 Hr,Valid
Kuwait City,PM2.5 - Principal,2021-09-16 01:00 AM,2021,09,16,01,12.0,50,Good,12.0,UG/M3,1 Hr,Valid
Kuwait City,PM2.5 - Principal,2021-09-16 02:00 AM,2021,09,16,02,13.0,53,Moderate,14.0,UG/M3,1 Hr,Valid
Kuwait City,PM2.5 - Principal,2021-09-16 03:00 AM,2021,09,16,03,17.0,61,Moderate,21.0,UG/M3,1 Hr,Valid
Kuwait City,PM2.5 - Principal,2021-09-16 04:00 AM,2021,09,16,04,26.0,80,Moderate,35.0,UG/M3,1 Hr,Valid
Kuwait City,PM2.5 - Principal,2021-09-16 05:00 AM,2021,09,16,05,26.0,80,Moderate,26.0,UG/M3,1 Hr,Valid
Kuwait City,PM2.5 - Principal,2021-09-16 06:00 AM,2021,09,16,06,28.5,85,Moderate,31.0,UG/M3,1 Hr,Valid
Kuwait City,PM2.5 - Principal,2021-09-16 07:00 AM,2021,09,16,07,24.2,76,Moderate,20.0,UG/M3,1 Hr,Valid
Kuwait City,PM2.5 - Principal,2021-09-16 08:00 AM,2021,09,16,08,22.1,72,Moderate,20.0,UG/M3,1 Hr,Valid
Kuwait City,PM2.5 - Principal,2021-09-16 09:00 AM,2021,09,16,09,20.5,69,Moderate,19.0,UG/M3,1 Hr,Valid
Kuwait City,PM2.5 - Principal,2021-09-16 10:00 AM,2021,09,16,10,20.7,69,Moderate,21.0,UG/M3,1 Hr,Valid
Kuwait City,PM2.5 - Principal,2021-09-16 11:00 AM,2021,09,16,11,21.3,70,Moderate,22.0,UG/M3,1 Hr,Valid
Kuwait City,PM2.5 - Principal,2021-09-16 12:00 PM,2021,09,16,12,21.6,71,Moderate,22.0,UG/M3,1 Hr,Valid
Kuwait City,PM2.5 - Principal,2021-09-16 01:00 PM,2021,09,16,13,23.3,75,Moderate,25.0,UG/M3,1 Hr,Valid
Kuwait City,PM2.5 - Principal,2021-09-16 02:00 PM,2021,09,16,14,22.1,72,Moderate,21.0,UG/M3,1 Hr,Valid
Kuwait City,PM2.5 - Principal,2021-09-16 03:00 PM,2021,09,16,15,22.5,73,Moderate,23.0,UG/M3,1 Hr,Valid
Kuwait City,PM2.5 - Principal,2021-09-16 04:00 PM,2021,09,16,16,22.6,73,Moderate,23.0,UG/M3,1 Hr,Valid
Kuwait City,PM2.5 - Principal,2021-09-16 05:00 PM,2021,09,16,17,21.2,70,Moderate,19.0,UG/M3,1 Hr,Valid
Kuwait City,PM2.5 - Principal,2021-09-16 06:00 PM,2021,09,16,18,21.6,71,Moderate,22.0,UG/M3,1 Hr,Valid
Kuwait City,PM2.5 - Principal,2021-09-16 07:00 PM,2021,09,16,19,18.1,64,Moderate,14.0,UG/M3,1 Hr,Valid
Kuwait City,PM2.5 - Principal,2021-09-16 08:00 PM,2021,09,16,20,18.1,64,Moderate,18.0,UG/M3,1 Hr,Valid
Kuwait City,PM2.5 - Principal,2021-09-16 09:00 PM,2021,09,16,21,16.7,61,Moderate,15.0,UG/M3,1 Hr,Valid
Kuwait City,PM2.5 - Principal,2021-09-16 10:00 PM,2021,09,16,22,16.8,61,Moderate,17.0,UG/M3,1 Hr,Valid
Kuwait City,PM2.5 - Principal,2021-09-16 11:00 PM,2021,09,16,23,16.4,60,Moderate,16.0,UG/M3,1 Hr,Valid
Kuwait City,PM2.5 - Principal,2021-09-17 12:00 AM,2021,09,17,00,17.1,62,Moderate,18.0,UG/M3,1 Hr,Valid
Kuwait City,PM2.5 - Principal,2021-09-17 01:00 AM,2021,09,17,01,17.8,63,Moderate,19.0,UG/M3,1 Hr,Valid
Kuwait City,PM2.5 - Principal,2021-09-17 02:00 AM,2021,09,17,02,18.7,65,Moderate,20.0,UG/M3,1 Hr,Valid
Kuwait City,PM2.5 - Principal,2021-09-17 03:00 AM,2021,09,17,03,21.5,71,Moderate,25.0,UG/M3,1 Hr,Valid
Kuwait City,PM2.5 - Principal,2021-09-17 04:00 AM,2021,09,17,04,25.0,78,Moderate,28.0,UG/M3,1 Hr,Valid
Kuwait City,PM2.5 - Principal,2021-09-17 05:00 AM,2021,09,17,05,26.0,80,Moderate,27.0,UG/M3,1 Hr,Valid
Kuwait City,PM2.5 - Principal,2021-09-17 06:00 AM,2021,09,17,06,31.5,92,Moderate,37.0,UG/M3,1 Hr,Valid
Kuwait City,PM2.5 - Principal,2021-09-17 07:00 AM,2021,09,17,07,30.7,90,Moderate,30.0,UG/M3,1 Hr,Valid
Kuwait City,PM2.5 - Principal,2021-09-17 08:00 AM,2021,09,17,08,28.3,85,Moderate,26.0,UG/M3,1 Hr,Valid
Kuwait City,PM2.5 - Principal,2021-09-17 09:00 AM,2021,09,17,09,24.1,76,Moderate,20.0,UG/M3,1 Hr,Valid
Kuwait City,PM2.5 - Principal,2021-09-17 10:00 AM,2021,09,17,10,21.5,71,Moderate,19.0,UG/M3,1 Hr,Valid
Kuwait City,PM2.5 - Principal,2021-09-17 11:00 AM,2021,09,17,11,34.3,98,Moderate,47.0,UG/M3,1 Hr,Valid
Kuwait City,PM2.5 - Principal,2021-09-17 12:00 PM,2021,09,17,12,33.6,96,Moderate,33.0,UG/M3,1 Hr,Valid
Kuwait City,PM2.5 - Principal,2021-09-17 01:00 PM,2021,09,17,13,33.8,97,Moderate,34.0,UG/M3,1 Hr,Valid
Kuwait City,PM2.5 - Principal,2021-09-17 02:00 PM,2021,09,17,14,31.4,92,Moderate,29.0,UG/M3,1 Hr,Valid
Kuwait City,PM2.5 - Principal,2021-09-17 03:00 PM,2021,09,17,15,30.7,90,Moderate,30.0,UG/M3,1 Hr,Valid
Kuwait City,PM2.5 - Principal,2021-09-17 04:00 PM,2021,09,17,16,29.3,87,Moderate,28.0,UG/M3,1 Hr,Valid
Kuwait City,PM2.5 - Principal,2021-09-17 05:00 PM,2021,09,17,17,30.1,89,Moderate,31.0,UG/M3,1 Hr,Valid
Kuwait City,PM2.5 - Principal,2021-09-17 06:00 PM,2021,09,17,18,30.5,90,Moderate,31.0,UG/M3,1 Hr,Valid
Kuwait City,PM2.5 - Principal,2021-09-17 07:00 PM,2021,09,17,19,32.2,93,Moderate,34.0,UG/M3,1 Hr,Valid
Kuwait City,PM2.5 - Principal,2021-09-17 08:00 PM,2021,09,17,20,32.1,93,Moderate,32.0,UG/M3,1 Hr,Valid
Kuwait City,PM2.5 - Principal,2021-09-17 09:00 PM,2021,09,17,21,26.0,80,Moderate,20.0,UG/M3,1 Hr,Valid
Kuwait City,PM2.5 - Principal,2021-09-17 10:00 PM,2021,09,17,22,25.0,78,Moderate,24.0,UG/M3,1 Hr,Valid
Kuwait City,PM2.5 - Principal,2021-09-17 11:00 PM,2021,09,17,23,23.8,76,Moderate,21.0,UG/M3,1 Hr,Valid
Kuwait City,PM2.5 - Principal,2021-09-18 12:00 AM,2021,09,18,00,24.2,76,Moderate,25.0,UG/M3,1 Hr,Valid
Kuwait City,PM2.5 - Principal,2021-09-18 01:00 AM,2021,09,18,01,23.3,75,Moderate,22.0,UG/M3,1 Hr,Valid
Kuwait City,PM2.5 - Principal,2021-09-18 02:00 AM,2021,09,18,02,25.2,79,Moderate,28.0,UG/M3,1 Hr,Valid
Kuwait City,PM2.5 - Principal,2021-09-18 03:00 AM,2021,09,18,03,26.3,81,Moderate,28.0,UG/M3,1 Hr,Valid
Kuwait City,PM2.5 - Principal,2021-09-18 04:00 AM,2021,09,18,04,27.0,82,Moderate,28.0,UG/M3,1 Hr,Valid
Kuwait City,PM2.5 - Principal,2021-09-18 05:00 AM,2021,09,18,05,24.1,76,Moderate,20.0,UG/M3,1 Hr,Valid
Kuwait City,PM2.5 - Principal,2021-09-18 06:00 AM,2021,09,18,06,22.8,74,Moderate,21.0,UG/M3,1 Hr,Valid
Kuwait City,PM2.5 - Principal,2021-09-18 07:00 AM,2021,09,18,07,19.9,67,Moderate,17.0,UG/M3,1 Hr,Valid
Kuwait City,PM2.5 - Principal,2021-09-18 08:00 AM,2021,09,18,08,20.7,69,Moderate,21.0,UG/M3,1 Hr,Valid
Kuwait City,PM2.5 - Principal,2021-09-18 09:00 AM,2021,09,18,09,22.4,73,Moderate,25.0,UG/M3,1 Hr,Valid
Kuwait City,PM2.5 - Principal,2021-09-18 10:00 AM,2021,09,18,10,23.0,74,Moderate,24.0,UG/M3,1 Hr,Valid
Kuwait City,PM2.5 - Principal,2021-09-18 11:00 AM,2021,09,18,11,24.6,77,Moderate,27.0,UG/M3,1 Hr,Valid
Kuwait City,PM2.5 - Principal,2021-09-18 12:00 PM,2021,09,18,12,28.2,85,Moderate,32.0,UG/M3,1 Hr,Valid
Kuwait City,PM2.5 - Principal,2021-09-18 01:00 PM,2021,09,18,13,33.2,95,Moderate,38.0,UG/M3,1 Hr,Valid
Kuwait City,PM2.5 - Principal,2021-09-18 02:00 PM,2021,09,18,14,32.1,93,Moderate,31.0,UG/M3,1 Hr,Valid
Kuwait City,PM2.5 - Principal,2021-09-18 03:00 PM,2021,09,18,15,31.0,91,Moderate,30.0,UG/M3,1 Hr,Valid
Kuwait City,PM2.5 - Principal,2021-09-18 04:00 PM,2021,09,18,16,29.0,87,Moderate,27.0,UG/M3,1 Hr,Valid
Kuwait City,PM2.5 - Principal,2021-09-18 05:00 PM,2021,09,18,17,28.5,85,Moderate,28.0,UG/M3,1 Hr,Valid
Kuwait City,PM2.5 - Principal,2021-09-18 06:00 PM,2021,09,18,18,27.2,83,Moderate,26.0,UG/M3,1 Hr,Valid
Kuwait City,PM2.5 - Principal,2021-09-18 07:00 PM,2021,09,18,19,25.4,79,Moderate,23.0,UG/M3,1 Hr,Valid
Kuwait City,PM2.5 - Principal,2021-09-18 08:00 PM,2021,09,18,20,24.7,77,Moderate,23.0,UG/M3,1 Hr,Valid
Kuwait City,PM2.5 - Principal,2021-09-18 09:00 PM,2021,09,18,21,22.8,74,Moderate,21.0,UG/M3,1 Hr,Valid
Kuwait City,PM2.5 - Principal,2021-09-18 10:00 PM,2021,09,18,22,22.4,73,Moderate,22.0,UG/M3,1 Hr,Valid
Kuwait City,PM2.5 - Principal,2021-09-18 11:00 PM,2021,09,18,23,22.7,73,Moderate,23.0,UG/M3,1 Hr,Valid
Kuwait City,PM2.5 - Principal,2021-09-19 12:00 AM,2021,09,19,00,23.2,74,Moderate,24.0,UG/M3,1 Hr,Valid
Kuwait City,PM2.5 - Principal,2021-09-19 01:00 AM,2021,09,19,01,25.1,78,Moderate,29.0,UG/M3,1 Hr,Valid
Kuwait City,PM2.5 - Principal,2021-09-19 02:00 AM,2021,09,19,02,35.5,101,Unhealthy for Sensitive Groups,45.0,UG/M3,1 Hr,Valid
Kuwait City,PM2.5 - Principal,2021-09-19 03:00 AM,2021,09,19,03,46.7,129,Unhealthy for Sensitive Groups,58.0,UG/M3,1 Hr,Valid
Kuwait City,PM2.5 - Principal,2021-09-19 04:00 AM,2021,09,19,04,54.9,149,Unhealthy for Sensitive Groups,63.0,UG/M3,1 Hr,Valid
Kuwait City,PM2.5 - Principal,2021-09-19 05:00 AM,2021,09,19,05,55.4,150,Unhealthy for Sensitive Groups,56.0,UG/M3,1 Hr,Valid
Kuwait City,PM2.5 - Principal,2021-09-19 06:00 AM,2021,09,19,06,59.7,153,Unhealthy,64.0,UG/M3,1 Hr,Valid
Kuwait City,PM2.5 - Principal,2021-09-19 07:00 AM,2021,09,19,07,65.8,156,Unhealthy,72.0,UG/M3,1 Hr,Valid
Kuwait City,PM2.5 - Principal,2021-09-19 08:00 AM,2021,09,19,08,61.9,154,Unhealthy,58.0,UG/M3,1 Hr,Valid
Kuwait City,PM2.5 - Principal,2021-09-19 09:00 AM,2021,09,19,09,48.9,134,Unhealthy for Sensitive Groups,36.0,UG/M3,1 Hr,Valid
Kuwait City,PM2.5 - Principal,2021-09-19 10:00 AM,2021,09,19,10,43.4,120,Unhealthy for Sensitive Groups,38.0,UG/M3,1 Hr,Valid
Kuwait City,PM2.5 - Principal,2021-09-19 11:00 AM,2021,09,19,11,40.7,114,Unhealthy for Sensitive Groups,38.0,UG/M3,1 Hr,Valid
Kuwait City,PM2.5 - Principal,2021-09-19 12:00 PM,2021,09,19,12,39.8,112,Unhealthy for Sensitive Groups,39.0,UG/M3,1 Hr,Valid
Kuwait City,PM2.5 - Principal,2021-09-19 01:00 PM,2021,09,19,13,41.4,116,Unhealthy for Sensitive Groups,43.0,UG/M3,1 Hr,Valid
Kuwait City,PM2.5 - Principal,2021-09-19 02:00 PM,2021,09,19,14,38.2,108,Unhealthy for Sensitive Groups,35.0,UG/M3,1 Hr,Valid
Kuwait City,PM2.5 - Principal,2021-09-19 03:00 PM,2021,09,19,15,36.1,102,Unhealthy for Sensitive Groups,34.0,UG/M3,1 Hr,Valid
Kuwait City,PM2.5 - Principal,2021-09-19 04:00 PM,2021,09,19,16,35.0,99,Moderate,34.0,UG/M3,1 Hr,Valid
Kuwait City,PM2.5 - Principal,2021-09-19 05:00 PM,2021,09,19,17,36.5,103,Unhealthy for Sensitive Groups,38.0,UG/M3,1 Hr,Valid
Kuwait City,PM2.5 - Principal,2021-09-19 06:00 PM,2021,09,19,18,32.7,94,Moderate,29.0,UG/M3,1 Hr,Valid
Kuwait City,PM2.5 - Principal,2021-09-19 07:00 PM,2021,09,19,19,31.3,91,Moderate,30.0,UG/M3,1 Hr,Valid
Kuwait City,PM2.5 - Principal,2021-09-19 08:00 PM,2021,09,19,20,32.4,94,Moderate,32.0,UG/M3,1 Hr,Valid
Kuwait City,PM2.5 - Principal,2021-09-19 09:00 PM,2021,09,19,21,30.2,89,Moderate,27.0,UG/M3,1 Hr,Valid
Kuwait City,PM2.5 - Principal,2021-09-19 10:00 PM,2021,09,19,22,30.1,89,Moderate,30.0,UG/M3,1 Hr,Valid
Kuwait City,PM2.5 - Principal,2021-09-19 11:00 PM,2021,09,19,23,29.7,88,Moderate,29.0,UG/M3,1 Hr,Valid
Kuwait City,PM2.5 - Principal,2021-09-20 12:00 AM,2021,09,20,00,26.4,81,Moderate,23.0,UG/M3,1 Hr,Valid
Kuwait City,PM2.5 - Principal,2021-09-20 01:00 AM,2021,09,20,01,26.9,82,Moderate,27.0,UG/M3,1 Hr,Valid
Kuwait City,PM2.5 - Principal,2021-09-20 02:00 AM,2021,09,20,02,28.5,85,Moderate,31.0,UG/M3,1 Hr,Valid
Kuwait City,PM2.5 - Principal,2021-09-20 03:00 AM,2021,09,20,03,26.3,81,Moderate,23.0,UG/M3,1 Hr,Valid
Kuwait City,PM2.5 - Principal,2021-09-20 04:00 AM,2021,09,20,04,32.6,94,Moderate,41.0,UG/M3,1 Hr,Valid
Kuwait City,PM2.5 - Principal,2021-09-20 05:00 AM,2021,09,20,05,28.8,86,Moderate,24.0,UG/M3,1 Hr,Valid
Kuwait City,PM2.5 - Principal,2021-09-20 06:00 AM,2021,09,20,06,28.0,84,Moderate,27.0,UG/M3,1 Hr,Valid
Kuwait City,PM2.5 - Principal,2021-09-20 07:00 AM,2021,09,20,07,26.7,82,Moderate,25.0,UG/M3,1 Hr,Valid
Kuwait City,PM2.5 - Principal,2021-09-20 08:00 AM,2021,09,20,08,25.0,78,Moderate,23.0,UG/M3,1 Hr,Valid
Kuwait City,PM2.5 - Principal,2021-09-20 09:00 AM,2021,09,20,09,25.4,79,Moderate,26.0,UG/M3,1 Hr,Valid
Kuwait City,PM2.5 - Principal,2021-09-20 10:00 AM,2021,09,20,10,28.7,86,Moderate,33.0,UG/M3,1 Hr,Valid
Kuwait City,PM2.5 - Principal,2021-09-20 11:00 AM,2021,09,20,11,26.6,81,Moderate,24.0,UG/M3,1 Hr,Valid
Kuwait City,PM2.5 - Principal,2021-09-20 12:00 PM,2021,09,20,12,25.5,79,Moderate,24.0,UG/M3,1 Hr,Valid
Kuwait City,PM2.5 - Principal,2021-09-20 01:00 PM,2021,09,20,13,25.2,79,Moderate,25.0,UG/M3,1 Hr,Valid
Kuwait City,PM2.5 - Principal,2021-09-20 02:00 PM,2021,09,20,14,21.5,71,Moderate,18.0,UG/M3,1 Hr,Valid
Kuwait City,PM2.5 - Principal,2021-09-20 03:00 PM,2021,09,20,15,21.2,70,Moderate,21.0,UG/M3,1 Hr,Valid
Kuwait City,PM2.5 - Principal,2021-09-20 04:00 PM,2021,09,20,16,19.9,67,Moderate,18.0,UG/M3,1 Hr,Valid
Kuwait City,PM2.5 - Principal,2021-09-20 05:00 PM,2021,09,20,17,23.5,75,Moderate,28.0,UG/M3,1 Hr,Valid
Kuwait City,PM2.5 - Principal,2021-09-20 06:00 PM,2021,09,20,18,32.9,95,Moderate,42.0,UG/M3,1 Hr,Valid
Kuwait City,PM2.5 - Principal,2021-09-20 07:00 PM,2021,09,20,19,29.4,87,Moderate,26.0,UG/M3,1 Hr,Valid
Kuwait City,PM2.5 - Principal,2021-09-20 08:00 PM,2021,09,20,20,25.7,80,Moderate,22.0,UG/M3,1 Hr,Valid
Kuwait City,PM2.5 - Principal,2021-09-20 09:00 PM,2021,09,20,21,22.8,74,Moderate,20.0,UG/M3,1 Hr,Valid
Kuwait City,PM2.5 - Principal,2021-09-20 10:00 PM,2021,09,20,22,18.9,65,Moderate,15.0,UG/M3,1 Hr,Valid
Kuwait City,PM2.5 - Principal,2021-09-20 11:00 PM,2021,09,20,23,14.4,56,Moderate,10.0,UG/M3,1 Hr,Valid
Kuwait City,PM2.5 - Principal,2021-09-21 12:00 AM,2021,09,21,00,13.7,54,Moderate,13.0,UG/M3,1 Hr,Valid
Kuwait City,PM2.5 - Principal,2021-09-21 01:00 AM,2021,09,21,01,15.3,58,Moderate,17.0,UG/M3,1 Hr,Valid
Kuwait City,PM2.5 - Principal,2021-09-21 02:00 AM,2021,09,21,02,17.6,63,Moderate,20.0,UG/M3,1 Hr,Valid
Kuwait City,PM2.5 - Principal,2021-09-21 03:00 AM,2021,09,21,03,18.3,64,Moderate,19.0,UG/M3,1 Hr,Valid
Kuwait City,PM2.5 - Principal,2021-09-21 04:00 AM,2021,09,21,04,22.1,72,Moderate,26.0,UG/M3,1 Hr,Valid
Kuwait City,PM2.5 - Principal,2021-09-21 05:00 AM,2021,09,21,05,21.5,71,Moderate,21.0,UG/M3,1 Hr,Valid
Kuwait City,PM2.5 - Principal,2021-09-21 06:00 AM,2021,09,21,06,23.2,74,Moderate,25.0,UG/M3,1 Hr,Valid
Kuwait City,PM2.5 - Principal,2021-09-21 07:00 AM,2021,09,21,07,23.1,74,Moderate,23.0,UG/M3,1 Hr,Valid
Kuwait City,PM2.5 - Principal,2021-09-21 08:00 AM,2021,09,21,08,20.5,69,Moderate,18.0,UG/M3,1 Hr,Valid
Kuwait City,PM2.5 - Principal,2021-09-21 09:00 AM,2021,09,21,09,16.7,61,Moderate,13.0,UG/M3,1 Hr,Valid
Kuwait City,PM2.5 - Principal,2021-09-21 10:00 AM,2021,09,21,10,21.8,71,Moderate,27.0,UG/M3,1 Hr,Valid
Kuwait City,PM2.5 - Principal,2021-09-21 11:00 AM,2021,09,21,11,21.4,71,Moderate,21.0,UG/M3,1 Hr,Valid
Kuwait City,PM2.5 - Principal,2021-09-21 12:00 PM,2021,09,21,12,22.7,73,Moderate,24.0,UG/M3,1 Hr,Valid
Kuwait City,PM2.5 - Principal,2021-09-21 01:00 PM,2021,09,21,13,23.3,75,Moderate,24.0,UG/M3,1 Hr,Valid
Kuwait City,PM2.5 - Principal,2021-09-21 02:00 PM,2021,09,21,14,23.1,74,Moderate,23.0,UG/M3,1 Hr,Valid
Kuwait City,PM2.5 - Principal,2021-09-21 03:00 PM,2021,09,21,15,24.0,76,Moderate,25.0,UG/M3,1 Hr,Valid
Kuwait City,PM2.5 - Principal,2021-09-21 04:00 PM,2021,09,21,16,24.0,76,Moderate,24.0,UG/M3,1 Hr,Valid
Kuwait City,PM2.5 - Principal,2021-09-21 05:00 PM,2021,09,21,17,25.0,78,Moderate,26.0,UG/M3,1 Hr,Valid
Kuwait City,PM2.5 - Principal,2021-09-21 06:00 PM,2021,09,21,18,24.0,76,Moderate,23.0,UG/M3,1 Hr,Valid
Kuwait City,PM2.5 - Principal,2021-09-21 07:00 PM,2021,09,21,19,26.5,81,Moderate,29.0,UG/M3,1 Hr,Valid
Kuwait City,PM2.5 - Principal,2021-09-21 08:00 PM,2021,09,21,20,22.2,72,Moderate,18.0,UG/M3,1 Hr,Valid
Kuwait City,PM2.5 - Principal,2021-09-21 09:00 PM,2021,09,21,21,18.1,64,Moderate,14.0,UG/M3,1 Hr,Valid
Kuwait City,PM2.5 - Principal,2021-09-21 10:00 PM,2021,09,21,22,15.0,57,Moderate,12.0,UG/M3,1 Hr,Valid
Kuwait City,PM2.5 - Principal,2021-09-21 11:00 PM,2021,09,21,23,19.0,66,Moderate,23.0,UG/M3,1 Hr,Valid
Kuwait City,PM2.5 - Principal,2021-09-22 12:00 AM,2021,09,22,00,25.5,79,Moderate,32.0,UG/M3,1 Hr,Valid
Kuwait City,PM2.5 - Principal,2021-09-22 01:00 AM,2021,09,22,01,32.7,94,Moderate,40.0,UG/M3,1 Hr,Valid
Kuwait City,PM2.5 - Principal,2021-09-22 02:00 AM,2021,09,22,02,43.3,120,Unhealthy for Sensitive Groups,54.0,UG/M3,1 Hr,Valid
Kuwait City,PM2.5 - Principal,2021-09-22 03:00 AM,2021,09,22,03,40.1,112,Unhealthy for Sensitive Groups,37.0,UG/M3,1 Hr,Valid
Kuwait City,PM2.5 - Principal,2021-09-22 04:00 AM,2021,09,22,04,31.5,92,Moderate,23.0,UG/M3,1 Hr,Valid
Kuwait City,PM2.5 - Principal,2021-09-22 05:00 AM,2021,09,22,05,26.2,81,Moderate,21.0,UG/M3,1 Hr,Valid
Kuwait City,PM2.5 - Principal,2021-09-22 06:00 AM,2021,09,22,06,24.6,77,Moderate,23.0,UG/M3,1 Hr,Valid
Kuwait City,PM2.5 - Principal,2021-09-22 07:00 AM,2021,09,22,07,22.8,74,Moderate,21.0,UG/M3,1 Hr,Valid
Kuwait City,PM2.5 - Principal,2021-09-22 08:00 AM,2021,09,22,08,21.4,71,Moderate,20.0,UG/M3,1 Hr,Valid
Kuwait City,PM2.5 - Principal,2021-09-22 09:00 AM,2021,09,22,09,19.7,67,Moderate,18.0,UG/M3,1 Hr,Valid
Kuwait City,PM2.5 - Principal,2021-09-22 10:00 AM,2021,09,22,10,21.3,70,Moderate,23.0,UG/M3,1 Hr,Valid
Kuwait City,PM2.5 - Principal,2021-09-22 11:00 AM,2021,09,22,11,22.6,73,Moderate,24.0,UG/M3,1 Hr,Valid
Kuwait City,PM2.5 - Principal,2021-09-22 12:00 PM,2021,09,22,12,23.3,75,Moderate,24.0,UG/M3,1 Hr,Valid
Kuwait City,PM2.5 - Principal,2021-09-22 01:00 PM,2021,09,22,13,25.1,78,Moderate,27.0,UG/M3,1 Hr,Valid
Kuwait City,PM2.5 - Principal,2021-09-22 02:00 PM,2021,09,22,14,24.5,77,Moderate,24.0,UG/M3,1 Hr,Valid
Kuwait City,PM2.5 - Principal,2021-09-22 03:00 PM,2021,09,22,15,20.9,70,Moderate,16.0,UG/M3,1 Hr,Valid
Kuwait City,PM2.5 - Principal,2021-09-22 04:00 PM,2021,09,22,16,19.7,67,Moderate,18.0,UG/M3,1 Hr,Valid
Kuwait City,PM2.5 - Principal,2021-09-22 05:00 PM,2021,09,22,17,19.8,67,Moderate,20.0,UG/M3,1 Hr,Valid
Kuwait City,PM2.5 - Principal,2021-09-22 06:00 PM,2021,09,22,18,20.3,68,Moderate,21.0,UG/M3,1 Hr,Valid
Kuwait City,PM2.5 - Principal,2021-09-22 07:00 PM,2021,09,22,19,30.6,90,Moderate,41.0,UG/M3,1 Hr,Valid
Kuwait City,PM2.5 - Principal,2021-09-22 08:00 PM,2021,09,22,20,45.3,125,Unhealthy for Sensitive Groups,60.0,UG/M3,1 Hr,Valid
Kuwait City,PM2.5 - Principal,2021-09-22 09:00 PM,2021,09,22,21,45.6,126,Unhealthy for Sensitive Groups,46.0,UG/M3,1 Hr,Valid
Kuwait City,PM2.5 - Principal,2021-09-22 10:00 PM,2021,09,22,22,47.8,131,Unhealthy for Sensitive Groups,50.0,UG/M3,1 Hr,Valid
Kuwait City,PM2.5 - Principal,2021-09-22 11:00 PM,2021,09,22,23,52.9,144,Unhealthy for Sensitive Groups,58.0,UG/M3,1 Hr,Valid
Kuwait City,PM2.5 - Principal,2021-09-23 12:00 AM,2021,09,23,00,66.4,157,Unhealthy,80.0,UG/M3,1 Hr,Valid
Kuwait City,PM2.5 - Principal,2021-09-23 01:00 AM,2021,09,23,01,68.2,158,Unhealthy,70.0,UG/M3,1 Hr,Valid
Kuwait City,PM2.5 - Principal,2021-09-23 02:00 AM,2021,09,23,02,61.1,154,Unhealthy,54.0,UG/M3,1 Hr,Valid
Kuwait City,PM2.5 - Principal,2021-09-23 03:00 AM,2021,09,23,03,54.5,148,Unhealthy for Sensitive Groups,48.0,UG/M3,1 Hr,Valid
Kuwait City,PM2.5 - Principal,2021-09-23 04:00 AM,2021,09,23,04,59.2,153,Unhealthy,64.0,UG/M3,1 Hr,Valid
Kuwait City,PM2.5 - Principal,2021-09-23 05:00 AM,2021,09,23,05,46.1,127,Unhealthy for Sensitive Groups,33.0,UG/M3,1 Hr,Valid
Kuwait City,PM2.5 - Principal,2021-09-23 06:00 AM,2021,09,23,06,49.0,134,Unhealthy for Sensitive Groups,52.0,UG/M3,1 Hr,Valid
Kuwait City,PM2.5 - Principal,2021-09-23 07:00 AM,2021,09,23,07,51.5,140,Unhealthy for Sensitive Groups,54.0,UG/M3,1 Hr,Valid
Kuwait City,PM2.5 - Principal,2021-09-23 08:00 AM,2021,09,23,08,52.2,142,Unhealthy for Sensitive Groups,53.0,UG/M3,1 Hr,Valid
Kuwait City,PM2.5 - Principal,2021-09-23 09:00 AM,2021,09,23,09,62.6,155,Unhealthy,73.0,UG/M3,1 Hr,Valid
Kuwait City,PM2.5 - Principal,2021-09-23 10:00 AM,2021,09,23,10,63.8,155,Unhealthy,65.0,UG/M3,1 Hr,Valid
Kuwait City,PM2.5 - Principal,2021-09-23 11:00 AM,2021,09,23,11,65.4,156,Unhealthy,67.0,UG/M3,1 Hr,Valid
Kuwait City,PM2.5 - Principal,2021-09-23 12:00 PM,2021,09,23,12,50.7,138,Unhealthy for Sensitive Groups,36.0,UG/M3,1 Hr,Valid
Kuwait City,PM2.5 - Principal,2021-09-23 01:00 PM,2021,09,23,13,43.3,120,Unhealthy for Sensitive Groups,36.0,UG/M3,1 Hr,Valid
Kuwait City,PM2.5 - Principal,2021-09-23 02:00 PM,2021,09,23,14,37.1,105,Unhealthy for Sensitive Groups,31.0,UG/M3,1 Hr,Valid
Kuwait City,PM2.5 - Principal,2021-09-23 03:00 PM,2021,09,23,15,30.0,89,Moderate,23.0,UG/M3,1 Hr,Valid
Kuwait City,PM2.5 - Principal,2021-09-23 04:00 PM,2021,09,23,16,26.0,80,Moderate,22.0,UG/M3,1 Hr,Valid
Kuwait City,PM2.5 - Principal,2021-09-23 05:00 PM,2021,09,23,17,25.0,78,Moderate,24.0,UG/M3,1 Hr,Valid
Kuwait City,PM2.5 - Principal,2021-09-23 06:00 PM,2021,09,23,18,23.5,75,Moderate,22.0,UG/M3,1 Hr,Valid
Kuwait City,PM2.5 - Principal,2021-09-23 07:00 PM,2021,09,23,19,25.2,79,Moderate,27.0,UG/M3,1 Hr,Valid
Kuwait City,PM2.5 - Principal,2021-09-23 08:00 PM,2021,09,23,20,27.6,84,Moderate,30.0,UG/M3,1 Hr,Valid
Kuwait City,PM2.5 - Principal,2021-09-23 09:00 PM,2021,09,23,21,25.3,79,Moderate,23.0,UG/M3,1 Hr,Valid
Kuwait City,PM2.5 - Principal,2021-09-23 10:00 PM,2021,09,23,22,28.6,86,Moderate,32.0,UG/M3,1 Hr,Valid
Kuwait City,PM2.5 - Principal,2021-09-23 11:00 PM,2021,09,23,23,28.7,86,Moderate,30.0,UG/M3,1 Hr,Valid
Kuwait City,PM2.5 - Principal,2021-09-24 12:00 AM,2021,09,24,00,30.8,90,Moderate,34.0,UG/M3,1 Hr,Valid
Kuwait City,PM2.5 - Principal,2021-09-24 01:00 AM,2021,09,24,01,33.9,97,Moderate,38.0,UG/M3,1 Hr,Valid
Kuwait City,PM2.5 - Principal,2021-09-24 02:00 AM,2021,09,24,02,43.9,122,Unhealthy for Sensitive Groups,53.0,UG/M3,1 Hr,Valid
Kuwait City,PM2.5 - Principal,2021-09-24 03:00 AM,2021,09,24,03,44.4,123,Unhealthy for Sensitive Groups,45.0,UG/M3,1 Hr,Valid
Kuwait City,PM2.5 - Principal,2021-09-24 04:00 AM,2021,09,24,04,51.7,141,Unhealthy for Sensitive Groups,59.0,UG/M3,1 Hr,Valid
Kuwait City,PM2.5 - Principal,2021-09-24 05:00 AM,2021,09,24,05,53.8,146,Unhealthy for Sensitive Groups,56.0,UG/M3,1 Hr,Valid
Kuwait City,PM2.5 - Principal,2021-09-24 06:00 AM,2021,09,24,06,50.4,138,Unhealthy for Sensitive Groups,47.0,UG/M3,1 Hr,Valid
Kuwait City,PM2.5 - Principal,2021-09-24 07:00 AM,2021,09,24,07,51.2,140,Unhealthy for Sensitive Groups,52.0,UG/M3,1 Hr,Valid
Kuwait City,PM2.5 - Principal,2021-09-24 08:00 AM,2021,09,24,08,54.1,147,Unhealthy for Sensitive Groups,57.0,UG/M3,1 Hr,Valid
Kuwait City,PM2.5 - Principal,2021-09-24 09:00 AM,2021,09,24,09,58.5,153,Unhealthy,63.0,UG/M3,1 Hr,Valid
Kuwait City,PM2.5 - Principal,2021-09-24 10:00 AM,2021,09,24,10,59.2,153,Unhealthy,60.0,UG/M3,1 Hr,Valid
Kuwait City,PM2.5 - Principal,2021-09-24 11:00 AM,2021,09,24,11,57.6,152,Unhealthy,56.0,UG/M3,1 Hr,Valid
Kuwait City,PM2.5 - Principal,2021-09-24 12:00 PM,2021,09,24,12,51.3,140,Unhealthy for Sensitive Groups,42.0,UG/M3,1 Hr,Valid
Kuwait City,PM2.5 - Principal,2021-09-24 01:00 PM,2021,09,24,13,47.4,130,Unhealthy for Sensitive Groups,40.0,UG/M3,1 Hr,Valid
Kuwait City,PM2.5 - Principal,2021-09-24 02:00 PM,2021,09,24,14,43.3,120,Unhealthy for Sensitive Groups,38.0,UG/M3,1 Hr,Valid
Kuwait City,PM2.5 - Principal,2021-09-24 03:00 PM,2021,09,24,15,41.5,116,Unhealthy for Sensitive Groups,39.0,UG/M3,1 Hr,Valid
Kuwait City,PM2.5 - Principal,2021-09-24 04:00 PM,2021,09,24,16,42.1,117,Unhealthy for Sensitive Groups,43.0,UG/M3,1 Hr,Valid
Kuwait City,PM2.5 - Principal,2021-09-24 05:00 PM,2021,09,24,17,41.2,115,Unhealthy for Sensitive Groups,40.0,UG/M3,1 Hr,Valid
Kuwait City,PM2.5 - Principal,2021-09-24 06:00 PM,2021,09,24,18,41.5,116,Unhealthy for Sensitive Groups,42.0,UG/M3,1 Hr,Valid
Kuwait City,PM2.5 - Principal,2021-09-24 07:00 PM,2021,09,24,19,38.5,108,Unhealthy for Sensitive Groups,35.0,UG/M3,1 Hr,Valid
Kuwait City,PM2.5 - Principal,2021-09-24 08:00 PM,2021,09,24,20,34.0,97,Moderate,30.0,UG/M3,1 Hr,Valid
Kuwait City,PM2.5 - Principal,2021-09-24 09:00 PM,2021,09,24,21,33.0,95,Moderate,32.0,UG/M3,1 Hr,Valid
Kuwait City,PM2.5 - Principal,2021-09-24 10:00 PM,2021,09,24,22,32.7,94,Moderate,32.0,UG/M3,1 Hr,Valid
Kuwait City,PM2.5 - Principal,2021-09-24 11:00 PM,2021,09,24,23,34.6,98,Moderate,36.0,UG/M3,1 Hr,Valid
Kuwait City,PM2.5 - Principal,2021-09-25 12:00 AM,2021,09,25,00,35.3,100,Moderate,37.0,UG/M3,1 Hr,Valid
Kuwait City,PM2.5 - Principal,2021-09-25 01:00 AM,2021,09,25,01,36.4,103,Unhealthy for Sensitive Groups,39.0,UG/M3,1 Hr,Valid
Kuwait City,PM2.5 - Principal,2021-09-25 02:00 AM,2021,09,25,02,38.4,108,Unhealthy for Sensitive Groups,43.0,UG/M3,1 Hr,Valid
Kuwait City,PM2.5 - Principal,2021-09-25 03:00 AM,2021,09,25,03,48.0,132,Unhealthy for Sensitive Groups,57.0,UG/M3,1 Hr,Valid
Kuwait City,PM2.5 - Principal,2021-09-25 04:00 AM,2021,09,25,04,54.7,148,Unhealthy for Sensitive Groups,61.0,UG/M3,1 Hr,Valid
Kuwait City,PM2.5 - Principal,2021-09-25 05:00 AM,2021,09,25,05,45.3,125,Unhealthy for Sensitive Groups,36.0,UG/M3,1 Hr,Valid
Kuwait City,PM2.5 - Principal,2021-09-25 06:00 AM,2021,09,25,06,40.1,112,Unhealthy for Sensitive Groups,35.0,UG/M3,1 Hr,Valid
Kuwait City,PM2.5 - Principal,2021-09-25 07:00 AM,2021,09,25,07,35.0,99,Moderate,30.0,UG/M3,1 Hr,Valid
Kuwait City,PM2.5 - Principal,2021-09-25 08:00 AM,2021,09,25,08,31.0,91,Moderate,27.0,UG/M3,1 Hr,Valid
Kuwait City,PM2.5 - Principal,2021-09-25 09:00 AM,2021,09,25,09,34.5,98,Moderate,38.0,UG/M3,1 Hr,Valid
Kuwait City,PM2.5 - Principal,2021-09-25 10:00 AM,2021,09,25,10,38.2,108,Unhealthy for Sensitive Groups,42.0,UG/M3,1 Hr,Valid
Kuwait City,PM2.5 - Principal,2021-09-25 11:00 AM,2021,09,25,11,38.6,109,Unhealthy for Sensitive Groups,39.0,UG/M3,1 Hr,Valid
Kuwait City,PM2.5 - Principal,2021-09-25 12:00 PM,2021,09,25,12,35.8,102,Unhealthy for Sensitive Groups,33.0,UG/M3,1 Hr,Valid
Kuwait City,PM2.5 - Principal,2021-09-25 01:00 PM,2021,09,25,13,33.4,96,Moderate,31.0,UG/M3,1 Hr,Valid
Kuwait City,PM2.5 - Principal,2021-09-25 02:00 PM,2021,09,25,14,34.2,97,Moderate,35.0,UG/M3,1 Hr,Valid
Kuwait City,PM2.5 - Principal,2021-09-25 03:00 PM,2021,09,25,15,32.0,93,Moderate,30.0,UG/M3,1 Hr,Valid
Kuwait City,PM2.5 - Principal,2021-09-25 04:00 PM,2021,09,25,16,31.0,91,Moderate,28.0,UG/M3,1 Hr,Valid
Kuwait City,PM2.5 - Principal,2021-09-25 05:00 PM,2021,09,25,17,28.3,85,Moderate,25.0,UG/M3,1 Hr,Valid
Kuwait City,PM2.5 - Principal,2021-09-25 06:00 PM,2021,09,25,18,23.2,74,Moderate,19.0,UG/M3,1 Hr,Valid
Kuwait City,PM2.5 - Principal,2021-09-25 07:00 PM,2021,09,25,19,21.6,71,Moderate,20.0,UG/M3,1 Hr,Valid
Kuwait City,PM2.5 - Principal,2021-09-25 08:00 PM,2021,09,25,20,18.3,64,Moderate,15.0,UG/M3,1 Hr,Valid
Kuwait City,PM2.5 - Principal,2021-09-25 09:00 PM,2021,09,25,21,17.1,62,Moderate,16.0,UG/M3,1 Hr,Valid
Kuwait City,PM2.5 - Principal,2021-09-25 10:00 PM,2021,09,25,22,17.5,62,Moderate,18.0,UG/M3,1 Hr,Valid
Kuwait City,PM2.5 - Principal,2021-09-25 11:00 PM,2021,09,25,23,15.2,58,Moderate,13.0,UG/M3,1 Hr,Valid
Kuwait City,PM2.5 - Principal,2021-09-26 12:00 AM,2021,09,26,00,15.1,57,Moderate,15.0,UG/M3,1 Hr,Valid
Kuwait City,PM2.5 - Principal,2021-09-26 01:00 AM,2021,09,26,01,15.0,57,Moderate,15.0,UG/M3,1 Hr,Valid
Kuwait City,PM2.5 - Principal,2021-09-26 02:00 AM,2021,09,26,02,15.0,57,Moderate,15.0,UG/M3,1 Hr,Valid
Kuwait City,PM2.5 - Principal,2021-09-26 03:00 AM,2021,09,26,03,17.5,62,Moderate,20.0,UG/M3,1 Hr,Valid
Kuwait City,PM2.5 - Principal,2021-09-26 04:00 AM,2021,09,26,04,26.2,81,Moderate,35.0,UG/M3,1 Hr,Valid
Kuwait City,PM2.5 - Principal,2021-09-26 05:00 AM,2021,09,26,05,25.1,78,Moderate,24.0,UG/M3,1 Hr,Valid
Kuwait City,PM2.5 - Principal,2021-09-26 06:00 AM,2021,09,26,06,23.5,75,Moderate,22.0,UG/M3,1 Hr,Valid
Kuwait City,PM2.5 - Principal,2021-09-26 07:00 AM,2021,09,26,07,22.2,72,Moderate,21.0,UG/M3,1 Hr,Valid
Kuwait City,PM2.5 - Principal,2021-09-26 08:00 AM,2021,09,26,08,26.1,80,Moderate,30.0,UG/M3,1 Hr,Valid
Kuwait City,PM2.5 - Principal,2021-09-26 09:00 AM,2021,09,26,09,25.5,79,Moderate,25.0,UG/M3,1 Hr,Valid
Kuwait City,PM2.5 - Principal,2021-09-26 10:00 AM,2021,09,26,10,22.2,72,Moderate,19.0,UG/M3,1 Hr,Valid
Kuwait City,PM2.5 - Principal,2021-09-26 11:00 AM,2021,09,26,11,22.6,73,Moderate,23.0,UG/M3,1 Hr,Valid
Kuwait City,PM2.5 - Principal,2021-09-26 12:00 PM,2021,09,26,12,21.8,71,Moderate,21.0,UG/M3,1 Hr,Valid
Kuwait City,PM2.5 - Principal,2021-09-26 01:00 PM,2021,09,26,13,23.9,76,Moderate,26.0,UG/M3,1 Hr,Valid
Kuwait City,PM2.5 - Principal,2021-09-26 02:00 PM,2021,09,26,14,30.9,91,Moderate,38.0,UG/M3,1 Hr,Valid
Kuwait City,PM2.5 - Principal,2021-09-26 03:00 PM,2021,09,26,15,52.4,143,Unhealthy for Sensitive Groups,74.0,UG/M3,1 Hr,Valid
Kuwait City,PM2.5 - Principal,2021-09-26 04:00 PM,2021,09,26,16,146.2,198,Unhealthy,240.0,UG/M3,1 Hr,Valid
Kuwait City,PM2.5 - Principal,2021-09-26 05:00 PM,2021,09,26,17,309.6,360,Hazardous,473.0,UG/M3,1 Hr,Valid
Kuwait City,PM2.5 - Principal,2021-09-26 06:00 PM,2021,09,26,18,440.4,460,Hazardous,571.0,UG/M3,1 Hr,Valid
Kuwait City,PM2.5 - Principal,2021-09-26 07:00 PM,2021,09,26,19,431.7,455,Hazardous,423.0,UG/M3,1 Hr,Valid
Kuwait City,PM2.5 - Principal,2021-09-26 08:00 PM,2021,09,26,20,320.3,370,Hazardous,209.0,UG/M3,1 Hr,Valid
Kuwait City,PM2.5 - Principal,2021-09-26 09:00 PM,2021,09,26,21,254.2,305,Hazardous,188.0,UG/M3,1 Hr,Valid
Kuwait City,PM2.5 - Principal,2021-09-26 10:00 PM,2021,09,26,22,222.1,272,Very Unhealthy,190.0,UG/M3,1 Hr,Valid
Kuwait City,PM2.5 - Principal,2021-09-26 11:00 PM,2021,09,26,23,216.0,266,Very Unhealthy,210.0,UG/M3,1 Hr,Valid
Kuwait City,PM2.5 - Principal,2021-09-27 12:00 AM,2021,09,27,00,234.0,284,Very Unhealthy,252.0,UG/M3,1 Hr,Valid
Kuwait City,PM2.5 - Principal,2021-09-27 01:00 AM,2021,09,27,01,193.5,244,Very Unhealthy,153.0,UG/M3,1 Hr,Valid
Kuwait City,PM2.5 - Principal,2021-09-27 02:00 AM,2021,09,27,02,126.2,188,Unhealthy,59.0,UG/M3,1 Hr,Valid
Kuwait City,PM2.5 - Principal,2021-09-27 03:00 AM,2021,09,27,03,80.6,164,Unhealthy,35.0,UG/M3,1 Hr,Valid
Kuwait City,PM2.5 - Principal,2021-09-27 04:00 AM,2021,09,27,04,55.7,151,Unhealthy,31.0,UG/M3,1 Hr,Valid
Kuwait City,PM2.5 - Principal,2021-09-27 05:00 AM,2021,09,27,05,43.3,120,Unhealthy for Sensitive Groups,31.0,UG/M3,1 Hr,Valid
Kuwait City,PM2.5 - Principal,2021-09-27 06:00 AM,2021,09,27,06,30.6,90,Moderate,18.0,UG/M3,1 Hr,Valid
Kuwait City,PM2.5 - Principal,2021-09-27 07:00 AM,2021,09,27,07,29.2,87,Moderate,28.0,UG/M3,1 Hr,Valid
Kuwait City,PM2.5 - Principal,2021-09-27 08:00 AM,2021,09,27,08,29.1,87,Moderate,29.0,UG/M3,1 Hr,Valid
Kuwait City,PM2.5 - Principal,2021-09-27 09:00 AM,2021,09,27,09,34.0,97,Moderate,39.0,UG/M3,1 Hr,Valid
Kuwait City,PM2.5 - Principal,2021-09-27 10:00 AM,2021,09,27,10,30.9,91,Moderate,28.0,UG/M3,1 Hr,Valid
Kuwait City,PM2.5 - Principal,2021-09-27 11:00 AM,2021,09,27,11,31.9,93,Moderate,33.0,UG/M3,1 Hr,Valid
Kuwait City,PM2.5 - Principal,2021-09-27 12:00 PM,2021,09,27,12,36.9,104,Unhealthy for Sensitive Groups,42.0,UG/M3,1 Hr,Valid
Kuwait City,PM2.5 - Principal,2021-09-27 01:00 PM,2021,09,27,13,37.9,107,Unhealthy for Sensitive Groups,39.0,UG/M3,1 Hr,Valid
Kuwait City,PM2.5 - Principal,2021-09-27 02:00 PM,2021,09,27,14,43.4,120,Unhealthy for Sensitive Groups,49.0,UG/M3,1 Hr,Valid
Kuwait City,PM2.5 - Principal,2021-09-27 03:00 PM,2021,09,27,15,46.2,127,Unhealthy for Sensitive Groups,49.0,UG/M3,1 Hr,Valid
Kuwait City,PM2.5 - Principal,2021-09-27 04:00 PM,2021,09,27,16,46.2,127,Unhealthy for Sensitive Groups,-999.0,UG/M3,1 Hr,Missing
Kuwait City,PM2.5 - Principal,2021-09-27 05:00 PM,2021,09,27,17,42.7,119,Unhealthy for Sensitive Groups,41.0,UG/M3,1 Hr,Valid
Kuwait City,PM2.5 - Principal,2021-09-27 06:00 PM,2021,09,27,18,43.9,122,Unhealthy for Sensitive Groups,45.0,UG/M3,1 Hr,Valid
Kuwait City,PM2.5 - Principal,2021-09-27 07:00 PM,2021,09,27,19,36.5,103,Unhealthy for Sensitive Groups,28.0,UG/M3,1 Hr,Valid
Kuwait City,PM2.5 - Principal,2021-09-27 08:00 PM,2021,09,27,20,31.8,92,Moderate,27.0,UG/M3,1 Hr,Valid
Kuwait City,PM2.5 - Principal,2021-09-27 09:00 PM,2021,09,27,21,25.4,79,Moderate,20.0,UG/M3,1 Hr,Valid
Kuwait City,PM2.5 - Principal,2021-09-27 10:00 PM,2021,09,27,22,25.2,79,Moderate,25.0,UG/M3,1 Hr,Valid
Kuwait City,PM2.5 - Principal,2021-09-27 11:00 PM,2021,09,27,23,30.6,90,Moderate,36.0,UG/M3,1 Hr,Valid
Kuwait City,PM2.5 - Principal,2021-09-28 12:00 AM,2021,09,28,00,42.8,119,Unhealthy for Sensitive Groups,55.0,UG/M3,1 Hr,Valid
Kuwait City,PM2.5 - Principal,2021-09-28 01:00 AM,2021,09,28,01,58.9,153,Unhealthy,75.0,UG/M3,1 Hr,Valid
Kuwait City,PM2.5 - Principal,2021-09-28 02:00 AM,2021,09,28,02,80.4,164,Unhealthy,102.0,UG/M3,1 Hr,Valid
Kuwait City,PM2.5 - Principal,2021-09-28 03:00 AM,2021,09,28,03,59.2,153,Unhealthy,38.0,UG/M3,1 Hr,Valid
Kuwait City,PM2.5 - Principal,2021-09-28 04:00 AM,2021,09,28,04,38.1,107,Unhealthy for Sensitive Groups,17.0,UG/M3,1 Hr,Valid
Kuwait City,PM2.5 - Principal,2021-09-28 05:00 AM,2021,09,28,05,29.5,88,Moderate,21.0,UG/M3,1 Hr,Valid
Kuwait City,PM2.5 - Principal,2021-09-28 06:00 AM,2021,09,28,06,23.2,74,Moderate,17.0,UG/M3,1 Hr,Valid
Kuwait City,PM2.5 - Principal,2021-09-28 07:00 AM,2021,09,28,07,21.6,71,Moderate,20.0,UG/M3,1 Hr,Valid
Kuwait City,PM2.5 - Principal,2021-09-28 08:00 AM,2021,09,28,08,20.8,69,Moderate,20.0,UG/M3,1 Hr,Valid
Kuwait City,PM2.5 - Principal,2021-09-28 09:00 AM,2021,09,28,09,22.4,73,Moderate,24.0,UG/M3,1 Hr,Valid
Kuwait City,PM2.5 - Principal,2021-09-28 10:00 AM,2021,09,28,10,23.7,75,Moderate,25.0,UG/M3,1 Hr,Valid
Kuwait City,PM2.5 - Principal,2021-09-28 11:00 AM,2021,09,28,11,26.8,82,Moderate,30.0,UG/M3,1 Hr,Valid
Kuwait City,PM2.5 - Principal,2021-09-28 12:00 PM,2021,09,28,12,33.9,97,Moderate,41.0,UG/M3,1 Hr,Valid
Kuwait City,PM2.5 - Principal,2021-09-28 01:00 PM,2021,09,28,13,35.4,100,Moderate,37.0,UG/M3,1 Hr,Valid
Kuwait City,PM2.5 - Principal,2021-09-28 02:00 PM,2021,09,28,14,37.7,106,Unhealthy for Sensitive Groups,40.0,UG/M3,1 Hr,Valid
Kuwait City,PM2.5 - Principal,2021-09-28 03:00 PM,2021,09,28,15,36.8,104,Unhealthy for Sensitive Groups,36.0,UG/M3,1 Hr,Valid
Kuwait City,PM2.5 - Principal,2021-09-28 04:00 PM,2021,09,28,16,33.9,97,Moderate,31.0,UG/M3,1 Hr,Valid
Kuwait City,PM2.5 - Principal,2021-09-28 05:00 PM,2021,09,28,17,31.4,92,Moderate,29.0,UG/M3,1 Hr,Valid
Kuwait City,PM2.5 - Principal,2021-09-28 06:00 PM,2021,09,28,18,30.7,90,Moderate,30.0,UG/M3,1 Hr,Valid
Kuwait City,PM2.5 - Principal,2021-09-28 07:00 PM,2021,09,28,19,30.3,89,Moderate,30.0,UG/M3,1 Hr,Valid
Kuwait City,PM2.5 - Principal,2021-09-28 08:00 PM,2021,09,28,20,29.1,87,Moderate,27.0,UG/M3,1 Hr,Valid
Kuwait City,PM2.5 - Principal,2021-09-28 09:00 PM,2021,09,28,21,29.9,88,Moderate,31.0,UG/M3,1 Hr,Valid
Kuwait City,PM2.5 - Principal,2021-09-28 10:00 PM,2021,09,28,22,30.1,89,Moderate,30.0,UG/M3,1 Hr,Valid
Kuwait City,PM2.5 - Principal,2021-09-28 11:00 PM,2021,09,28,23,30.7,90,Moderate,32.0,UG/M3,1 Hr,Valid
Kuwait City,PM2.5 - Principal,2021-09-29 12:00 AM,2021,09,29,00,32.4,94,Moderate,36.0,UG/M3,1 Hr,Valid
Kuwait City,PM2.5 - Principal,2021-09-29 01:00 AM,2021,09,29,01,29.3,87,Moderate,24.0,UG/M3,1 Hr,Valid
Kuwait City,PM2.5 - Principal,2021-09-29 02:00 AM,2021,09,29,02,33.0,95,Moderate,39.0,UG/M3,1 Hr,Valid
Kuwait City,PM2.5 - Principal,2021-09-29 03:00 AM,2021,09,29,03,45.4,125,Unhealthy for Sensitive Groups,57.0,UG/M3,1 Hr,Valid
Kuwait City,PM2.5 - Principal,2021-09-29 04:00 AM,2021,09,29,04,52.7,143,Unhealthy for Sensitive Groups,60.0,UG/M3,1 Hr,Valid
Kuwait City,PM2.5 - Principal,2021-09-29 05:00 AM,2021,09,29,05,42.8,119,Unhealthy for Sensitive Groups,33.0,UG/M3,1 Hr,Valid
Kuwait City,PM2.5 - Principal,2021-09-29 06:00 AM,2021,09,29,06,34.4,98,Moderate,26.0,UG/M3,1 Hr,Valid
Kuwait City,PM2.5 - Principal,2021-09-29 07:00 AM,2021,09,29,07,30.2,89,Moderate,26.0,UG/M3,1 Hr,Valid
Kuwait City,PM2.5 - Principal,2021-09-29 08:00 AM,2021,09,29,08,31.1,91,Moderate,32.0,UG/M3,1 Hr,Valid
Kuwait City,PM2.5 - Principal,2021-09-29 09:00 AM,2021,09,29,09,30.5,90,Moderate,30.0,UG/M3,1 Hr,Valid
Kuwait City,PM2.5 - Principal,2021-09-29 10:00 AM,2021,09,29,10,30.7,90,Moderate,31.0,UG/M3,1 Hr,Valid
Kuwait City,PM2.5 - Principal,2021-09-29 11:00 AM,2021,09,29,11,28.8,86,Moderate,27.0,UG/M3,1 Hr,Valid
Kuwait City,PM2.5 - Principal,2021-09-29 12:00 PM,2021,09,29,12,27.9,84,Moderate,27.0,UG/M3,1 Hr,Valid
Kuwait City,PM2.5 - Principal,2021-09-29 01:00 PM,2021,09,29,13,28.9,86,Moderate,30.0,UG/M3,1 Hr,Valid
Kuwait City,PM2.5 - Principal,2021-09-29 02:00 PM,2021,09,29,14,30.4,89,Moderate,32.0,UG/M3,1 Hr,Valid
Kuwait City,PM2.5 - Principal,2021-09-29 03:00 PM,2021,09,29,15,34.2,97,Moderate,38.0,UG/M3,1 Hr,Valid
Kuwait City,PM2.5 - Principal,2021-09-29 04:00 PM,2021,09,29,16,33.9,97,Moderate,37.0,UG/M3,1 Hr,Valid
Kuwait City,PM2.5 - Principal,2021-09-29 05:00 PM,2021,09,29,17,33.6,96,Moderate,33.0,UG/M3,1 Hr,Valid
Kuwait City,PM2.5 - Principal,2021-09-29 06:00 PM,2021,09,29,18,37.0,105,Unhealthy for Sensitive Groups,42.0,UG/M3,1 Hr,Valid
Kuwait City,PM2.5 - Principal,2021-09-29 07:00 PM,2021,09,29,19,38.3,108,Unhealthy for Sensitive Groups,41.0,UG/M3,1 Hr,Valid
Kuwait City,PM2.5 - Principal,2021-09-29 08:00 PM,2021,09,29,20,35.3,100,Moderate,30.0,UG/M3,1 Hr,Valid
Kuwait City,PM2.5 - Principal,2021-09-29 09:00 PM,2021,09,29,21,41.3,115,Unhealthy for Sensitive Groups,49.0,UG/M3,1 Hr,Valid
Kuwait City,PM2.5 - Principal,2021-09-29 10:00 PM,2021,09,29,22,40.2,113,Unhealthy for Sensitive Groups,39.0,UG/M3,1 Hr,Valid
Kuwait City,PM2.5 - Principal,2021-09-29 11:00 PM,2021,09,29,23,38.8,109,Unhealthy for Sensitive Groups,37.0,UG/M3,1 Hr,Valid
Kuwait City,PM2.5 - Principal,2021-09-30 12:00 AM,2021,09,30,00,38.9,109,Unhealthy for Sensitive Groups,39.0,UG/M3,1 Hr,Valid
Kuwait City,PM2.5 - Principal,2021-09-30 01:00 AM,2021,09,30,01,43.9,122,Unhealthy for Sensitive Groups,51.0,UG/M3,1 Hr,Valid
Kuwait City,PM2.5 - Principal,2021-09-30 02:00 AM,2021,09,30,02,48.0,132,Unhealthy for Sensitive Groups,53.0,UG/M3,1 Hr,Valid
Kuwait City,PM2.5 - Principal,2021-09-30 03:00 AM,2021,09,30,03,54.4,148,Unhealthy for Sensitive Groups,60.0,UG/M3,1 Hr,Valid
Kuwait City,PM2.5 - Principal,2021-09-30 04:00 AM,2021,09,30,04,71.2,159,Unhealthy,88.0,UG/M3,1 Hr,Valid
Kuwait City,PM2.5 - Principal,2021-09-30 05:00 AM,2021,09,30,05,72.6,160,Unhealthy,74.0,UG/M3,1 Hr,Valid
Kuwait City,PM2.5 - Principal,2021-09-30 06:00 AM,2021,09,30,06,74.8,161,Unhealthy,77.0,UG/M3,1 Hr,Valid
Kuwait City,PM2.5 - Principal,2021-09-30 07:00 AM,2021,09,30,07,69.9,158,Unhealthy,65.0,UG/M3,1 Hr,Valid
Kuwait City,PM2.5 - Principal,2021-09-30 08:00 AM,2021,09,30,08,63.9,155,Unhealthy,58.0,UG/M3,1 Hr,Valid
Kuwait City,PM2.5 - Principal,2021-09-30 09:00 AM,2021,09,30,09,60.9,154,Unhealthy,58.0,UG/M3,1 Hr,Valid
Kuwait City,PM2.5 - Principal,2021-09-30 10:00 AM,2021,09,30,10,59.9,153,Unhealthy,59.0,UG/M3,1 Hr,Valid
Kuwait City,PM2.5 - Principal,2021-09-30 11:00 AM,2021,09,30,11,61.9,154,Unhealthy,64.0,UG/M3,1 Hr,Valid
Kuwait City,PM2.5 - Principal,2021-09-30 12:00 PM,2021,09,30,12,53.0,144,Unhealthy for Sensitive Groups,44.0,UG/M3,1 Hr,Valid
Kuwait City,PM2.5 - Principal,2021-09-30 01:00 PM,2021,09,30,13,43.4,120,Unhealthy for Sensitive Groups,34.0,UG/M3,1 Hr,Valid
Kuwait City,PM2.5 - Principal,2021-09-30 02:00 PM,2021,09,30,14,37.7,106,Unhealthy for Sensitive Groups,32.0,UG/M3,1 Hr,Valid
Kuwait City,PM2.5 - Principal,2021-09-30 03:00 PM,2021,09,30,15,35.8,102,Unhealthy for Sensitive Groups,34.0,UG/M3,1 Hr,Valid
Kuwait City,PM2.5 - Principal,2021-09-30 04:00 PM,2021,09,30,16,39.4,111,Unhealthy for Sensitive Groups,43.0,UG/M3,1 Hr,Valid
Kuwait City,PM2.5 - Principal,2021-09-30 05:00 PM,2021,09,30,17,39.2,110,Unhealthy for Sensitive Groups,39.0,UG/M3,1 Hr,Valid
Kuwait City,PM2.5 - Principal,2021-09-30 06:00 PM,2021,09,30,18,37.1,105,Unhealthy for Sensitive Groups,35.0,UG/M3,1 Hr,Valid
Kuwait City,PM2.5 - Principal,2021-09-30 07:00 PM,2021,09,30,19,34.5,98,Moderate,32.0,UG/M3,1 Hr,Valid
Kuwait City,PM2.5 - Principal,2021-09-30 08:00 PM,2021,09,30,20,27.2,83,Moderate,20.0,UG/M3,1 Hr,Valid
Kuwait City,PM2.5 - Principal,2021-09-30 09:00 PM,2021,09,30,21,26.1,80,Moderate,25.0,UG/M3,1 Hr,Valid
Kuwait City,PM2.5 - Principal,2021-09-30 10:00 PM,2021,09,30,22,27.0,82,Moderate,28.0,UG/M3,1 Hr,Valid
Kuwait City,PM2.5 - Principal,2021-09-30 11:00 PM,2021,09,30,23,27.0,82,Moderate,27.0,UG/M3,1 Hr,Valid
Kuwait City,PM2.5 - Principal,2021-10-01 12:00 AM,2021,10,01,00,25.5,79,Moderate,24.0,UG/M3,1 Hr,Valid
