Site,Parameter,Date (LT),Year,Month,Day,Hour,NowCast Conc.,AQI,AQI Category,Raw Conc.,Conc. Unit,Duration,QC Name
Phora Durbar Kathmandu,PM2.5 - Principal,2024-09-01 02:00 AM,2024,09,01,02,23.5,78,Moderate,-15.0,UG/M3,1 Hr,Invalid
Phora Durbar Kathmandu,PM2.5 - Principal,2024-09-01 03:00 AM,2024,09,01,03,41.9,117,Unhealthy for Sensitive Groups,50.0,UG/M3,1 Hr,Valid
Phora Durbar Kathmandu,PM2.5 - Principal,2024-09-01 04:00 AM,2024,09,01,04,-999.0,-999,N/A,-15.0,UG/M3,1 Hr,Invalid
Phora Durbar Kathmandu,PM2.5 - Principal,2024-09-01 05:00 AM,2024,09,01,05,48.6,133,Unhealthy for Sensitive Groups,51.0,UG/M3,1 Hr,Valid
Phora Durbar Kathmandu,PM2.5 - Principal,2024-09-01 06:00 AM,2024,09,01,06,-999.0,-999,N/A,-15.0,UG/M3,1 Hr,Invalid
Phora Durbar Kathmandu,PM2.5 - Principal,2024-09-01 07:00 AM,2024,09,01,07,37.7,106,Unhealthy for Sensitive Groups,34.0,UG/M3,1 Hr,Valid
Phora Durbar Kathmandu,PM2.5 - Principal,2024-09-01 08:00 AM,2024,09,01,08,12.7,58,Moderate,-4.0,UG/M3,1 Hr,Valid
Phora Durbar Kathmandu,PM2.5 - Principal,2024-09-01 09:00 AM,2024,09,01,09,15.6,63,Moderate,18.0,UG/M3,1 Hr,Valid
Phora Durbar Kathmandu,PM2.5 - Principal,2024-09-01 10:00 AM,2024,09,01,10,13.2,59,Moderate,11.0,UG/M3,1 Hr,Valid
Phora Durbar Kathmandu,PM2.5 - Principal,2024-09-01 11:00 AM,2024,09,01,11,29.9,90,Moderate,46.0,UG/M3,1 Hr,Valid
Phora Durbar Kathmandu,PM2.5 - Principal,2024-09-01 12:00 PM,2024,09,01,12,29.9,90,Moderate,-12.0,UG/M3,1 Hr,Invalid
Phora Durbar Kathmandu,PM2.5 - Principal,2024-09-01 01:00 PM,2024,09,01,13,-999.0,-999,N/A,-13.0,UG/M3,1 Hr,Invalid
Phora Durbar Kathmandu,PM2.5 - Principal,2024-09-01 02:00 PM,2024,09,01,14,-999.0,-999,N/A,16.0,UG/M3,1 Hr,Valid
Phora Durbar Kathmandu,PM2.5 - Principal,2024-09-01 03:00 PM,2024,09,01,15,19.5,70,Moderate,20.0,UG/M3,1 Hr,Valid
Phora Durbar Kathmandu,PM2.5 - Principal,2024-09-01 04:00 PM,2024,09,01,16,31.9,93,Moderate,42.0,UG/M3,1 Hr,Valid
Phora Durbar Kathmandu,PM2.5 - Principal,2024-09-01 05:00 PM,2024,09,01,17,23.0,77,Moderate,15.0,UG/M3,1 Hr,Valid
Phora Durbar Kathmandu,PM2.5 - Principal,2024-09-01 06:00 PM,2024,09,01,18,45.5,126,Unhealthy for Sensitive Groups,67.0,UG/M3,1 Hr,Valid
Phora Durbar Kathmandu,PM2.5 - Principal,2024-09-01 07:00 PM,2024,09,01,19,26.5,83,Moderate,8.0,UG/M3,1 Hr,Valid
Phora Durbar Kathmandu,PM2.5 - Principal,2024-09-01 08:00 PM,2024,09,01,20,14.7,61,Moderate,3.0,UG/M3,1 Hr,Valid
Phora Durbar Kathmandu,PM2.5 - Principal,2024-09-01 09:00 PM,2024,09,01,21,27.3,85,Moderate,40.0,UG/M3,1 Hr,Valid
Phora Durbar Kathmandu,PM2.5 - Principal,2024-09-01 10:00 PM,2024,09,01,22,36.2,103,Unhealthy for Sensitive Groups,45.0,UG/M3,1 Hr,Valid
Phora Durbar Kathmandu,PM2.5 - Principal,2024-09-01 11:00 PM,2024,09,01,23,38.1,107,Unhealthy for Sensitive Groups,40.0,UG/M3,1 Hr,Valid
Phora Durbar Kathmandu,PM2.5 - Principal,2024-09-02 12:00 AM,2024,09,02,00,29.0,88,Moderate,20.0,UG/M3,1 Hr,Valid
Phora Durbar Kathmandu,PM2.5 - Principal,2024-09-02 01:00 AM,2024,09,02,01,17.0,66,Moderate,5.0,UG/M3,1 Hr,Valid
Phora Durbar Kathmandu,PM2.5 - Principal,2024-09-02 02:00 AM,2024,09,02,02,33.0,96,Moderate,49.0,UG/M3,1 Hr,Valid
Phora Durbar Kathmandu,PM2.5 - Principal,2024-09-02 03:00 AM,2024,09,02,03,33.0,96,Moderate,-15.0,UG/M3,1 Hr,Invalid
Phora Durbar Kathmandu,PM2.5 - Principal,2024-09-02 04:00 AM,2024,09,02,04,27.0,84,Moderate,24.0,UG/M3,1 Hr,Valid
Phora Durbar Kathmandu,PM2.5 - Principal,2024-09-02 05:00 AM,2024,09,02,05,-999.0,-999,N/A,-15.0,UG/M3,1 Hr,Invalid
Phora Durbar Kathmandu,PM2.5 - Principal,2024-09-02 06:00 AM,2024,09,02,06,32.0,94,Moderate,34.0,UG/M3,1 Hr,Valid
Phora Durbar Kathmandu,PM2.5 - Principal,2024-09-02 07:00 AM,2024,09,02,07,37.9,107,Unhealthy for Sensitive Groups,42.0,UG/M3,1 Hr,Valid
Phora Durbar Kathmandu,PM2.5 - Principal,2024-09-02 08:00 AM,2024,09,02,08,49.3,135,Unhealthy for Sensitive Groups,59.0,UG/M3,1 Hr,Valid
Phora Durbar Kathmandu,PM2.5 - Principal,2024-09-02 09:00 AM,2024,09,02,09,53.8,146,Unhealthy for Sensitive Groups,58.0,UG/M3,1 Hr,Valid
Phora Durbar Kathmandu,PM2.5 - Principal,2024-09-02 10:00 AM,2024,09,02,10,41.6,116,Unhealthy for Sensitive Groups,30.0,UG/M3,1 Hr,Valid
Phora Durbar Kathmandu,PM2.5 - Principal,2024-09-02 11:00 AM,2024,09,02,11,37.8,107,Unhealthy for Sensitive Groups,34.0,UG/M3,1 Hr,Valid
Phora Durbar Kathmandu,PM2.5 - Principal,2024-09-02 12:00 PM,2024,09,02,12,28.8,88,Moderate,20.0,UG/M3,1 Hr,Valid
Phora Durbar Kathmandu,PM2.5 - Principal,2024-09-02 01:00 PM,2024,09,02,13,51.4,140,Unhealthy for Sensitive Groups,74.0,UG/M3,1 Hr,Valid
Phora Durbar Kathmandu,PM2.5 - Principal,2024-09-02 02:00 PM,2024,09,02,14,33.7,97,Moderate,16.0,UG/M3,1 Hr,Valid
Phora Durbar Kathmandu,PM2.5 - Principal,2024-09-02 03:00 PM,2024,09,02,15,33.7,97,Moderate,-15.0,UG/M3,1 Hr,Invalid
Phora Durbar Kathmandu,PM2.5 - Principal,2024-09-02 04:00 PM,2024,09,02,16,13.8,60,Moderate,4.0,UG/M3,1 Hr,Valid
Phora Durbar Kathmandu,PM2.5 - Principal,2024-09-02 05:00 PM,2024,09,02,17,64.2,157,Unhealthy,102.0,UG/M3,1 Hr,Valid
Phora Durbar Kathmandu,PM2.5 - Principal,2024-09-02 06:00 PM,2024,09,02,18,46.5,128,Unhealthy for Sensitive Groups,31.0,UG/M3,1 Hr,Valid
Phora Durbar Kathmandu,PM2.5 - Principal,2024-09-02 07:00 PM,2024,09,02,19,46.5,128,Unhealthy for Sensitive Groups,-15.0,UG/M3,1 Hr,Invalid
Phora Durbar Kathmandu,PM2.5 - Principal,2024-09-02 08:00 PM,2024,09,02,20,35.9,102,Unhealthy for Sensitive Groups,31.0,UG/M3,1 Hr,Valid
Phora Durbar Kathmandu,PM2.5 - Principal,2024-09-02 09:00 PM,2024,09,02,21,-999.0,-999,N/A,-9.0,UG/M3,1 Hr,Invalid
Phora Durbar Kathmandu,PM2.5 - Principal,2024-09-02 10:00 PM,2024,09,02,22,47.6,131,Unhealthy for Sensitive Groups,52.0,UG/M3,1 Hr,Valid
Phora Durbar Kathmandu,PM2.5 - Principal,2024-09-02 11:00 PM,2024,09,02,23,-999.0,-999,N/A,-15.0,UG/M3,1 Hr,Invalid
Phora Durbar Kathmandu,PM2.5 - Principal,2024-09-03 12:00 AM,2024,09,03,00,-999.0,-999,N/A,-15.0,UG/M3,1 Hr,Invalid
Phora Durbar Kathmandu,PM2.5 - Principal,2024-09-03 01:00 AM,2024,09,03,01,-999.0,-999,N/A,14.0,UG/M3,1 Hr,Valid
Phora Durbar Kathmandu,PM2.5 - Principal,2024-09-03 02:00 AM,2024,09,03,02,20.8,73,Moderate,22.0,UG/M3,1 Hr,Valid
Phora Durbar Kathmandu,PM2.5 - Principal,2024-09-03 03:00 AM,2024,09,03,03,29.3,89,Moderate,36.0,UG/M3,1 Hr,Valid
Phora Durbar Kathmandu,PM2.5 - Principal,2024-09-03 04:00 AM,2024,09,03,04,29.3,89,Moderate,-15.0,UG/M3,1 Hr,Invalid
Phora Durbar Kathmandu,PM2.5 - Principal,2024-09-03 05:00 AM,2024,09,03,05,20.7,73,Moderate,17.0,UG/M3,1 Hr,Valid
Phora Durbar Kathmandu,PM2.5 - Principal,2024-09-03 06:00 AM,2024,09,03,06,10.4,53,Moderate,3.0,UG/M3,1 Hr,Valid
Phora Durbar Kathmandu,PM2.5 - Principal,2024-09-03 07:00 AM,2024,09,03,07,22.0,75,Moderate,32.0,UG/M3,1 Hr,Valid
Phora Durbar Kathmandu,PM2.5 - Principal,2024-09-03 08:00 AM,2024,09,03,08,17.8,67,Moderate,14.0,UG/M3,1 Hr,Valid
Phora Durbar Kathmandu,PM2.5 - Principal,2024-09-03 09:00 AM,2024,09,03,09,12.8,58,Moderate,8.0,UG/M3,1 Hr,Valid
Phora Durbar Kathmandu,PM2.5 - Principal,2024-09-03 10:00 AM,2024,09,03,10,16.9,66,Moderate,21.0,UG/M3,1 Hr,Valid
Phora Durbar Kathmandu,PM2.5 - Principal,2024-09-03 11:00 AM,2024,09,03,11,12.4,57,Moderate,8.0,UG/M3,1 Hr,Valid
Phora Durbar Kathmandu,PM2.5 - Principal,2024-09-03 12:00 PM,2024,09,03,12,12.4,57,Moderate,120.0,UG/M3,1 Hr,Invalid
Phora Durbar Kathmandu,PM2.5 - Principal,2024-09-03 01:00 PM,2024,09,03,13,2.8,16,Good,-2.0,UG/M3,1 Hr,Valid
Phora Durbar Kathmandu,PM2.5 - Principal,2024-09-03 02:00 PM,2024,09,03,14,17.2,66,Moderate,28.0,UG/M3,1 Hr,Valid
Phora Durbar Kathmandu,PM2.5 - Principal,2024-09-03 03:00 PM,2024,09,03,15,11.2,55,Moderate,6.0,UG/M3,1 Hr,Valid
Phora Durbar Kathmandu,PM2.5 - Principal,2024-09-03 04:00 PM,2024,09,03,16,31.7,93,Moderate,51.0,UG/M3,1 Hr,Valid
Phora Durbar Kathmandu,PM2.5 - Principal,2024-09-03 05:00 PM,2024,09,03,17,31.7,93,Moderate,-5.0,UG/M3,1 Hr,Invalid
Phora Durbar Kathmandu,PM2.5 - Principal,2024-09-03 06:00 PM,2024,09,03,18,13.7,60,Moderate,5.0,UG/M3,1 Hr,Valid
Phora Durbar Kathmandu,PM2.5 - Principal,2024-09-03 07:00 PM,2024,09,03,19,24.7,80,Moderate,33.0,UG/M3,1 Hr,Valid
Phora Durbar Kathmandu,PM2.5 - Principal,2024-09-03 08:00 PM,2024,09,03,20,24.7,80,Moderate,-15.0,UG/M3,1 Hr,Invalid
Phora Durbar Kathmandu,PM2.5 - Principal,2024-09-03 09:00 PM,2024,09,03,21,-999.0,-999,N/A,-15.0,UG/M3,1 Hr,Invalid
Phora Durbar Kathmandu,PM2.5 - Principal,2024-09-03 10:00 PM,2024,09,03,22,-999.0,-999,N/A,20.0,UG/M3,1 Hr,Valid
Phora Durbar Kathmandu,PM2.5 - Principal,2024-09-03 11:00 PM,2024,09,03,23,12.2,57,Moderate,7.0,UG/M3,1 Hr,Valid
Phora Durbar Kathmandu,PM2.5 - Principal,2024-09-04 12:00 AM,2024,09,04,00,10.4,53,Moderate,9.0,UG/M3,1 Hr,Valid
Phora Durbar Kathmandu,PM2.5 - Principal,2024-09-04 01:00 AM,2024,09,04,01,10.4,53,Moderate,-7.0,UG/M3,1 Hr,Invalid
Phora Durbar Kathmandu,PM2.5 - Principal,2024-09-04 02:00 AM,2024,09,04,02,28.0,86,Moderate,36.0,UG/M3,1 Hr,Valid
Phora Durbar Kathmandu,PM2.5 - Principal,2024-09-04 03:00 AM,2024,09,04,03,19.9,71,Moderate,14.0,UG/M3,1 Hr,Valid
Phora Durbar Kathmandu,PM2.5 - Principal,2024-09-04 04:00 AM,2024,09,04,04,12.9,58,Moderate,7.0,UG/M3,1 Hr,Valid
Phora Durbar Kathmandu,PM2.5 - Principal,2024-09-04 05:00 AM,2024,09,04,05,31.1,92,Moderate,48.0,UG/M3,1 Hr,Valid
Phora Durbar Kathmandu,PM2.5 - Principal,2024-09-04 06:00 AM,2024,09,04,06,21.8,75,Moderate,13.0,UG/M3,1 Hr,Valid
Phora Durbar Kathmandu,PM2.5 - Principal,2024-09-04 07:00 AM,2024,09,04,07,9.8,52,Moderate,-2.0,UG/M3,1 Hr,Valid
Phora Durbar Kathmandu,PM2.5 - Principal,2024-09-04 08:00 AM,2024,09,04,08,21.4,74,Moderate,33.0,UG/M3,1 Hr,Valid
Phora Durbar Kathmandu,PM2.5 - Principal,2024-09-04 09:00 AM,2024,09,04,09,51.3,140,Unhealthy for Sensitive Groups,81.0,UG/M3,1 Hr,Valid
Phora Durbar Kathmandu,PM2.5 - Principal,2024-09-04 10:00 AM,2024,09,04,10,29.6,89,Moderate,8.0,UG/M3,1 Hr,Valid
Phora Durbar Kathmandu,PM2.5 - Principal,2024-09-04 11:00 AM,2024,09,04,11,19.8,71,Moderate,10.0,UG/M3,1 Hr,Valid
Phora Durbar Kathmandu,PM2.5 - Principal,2024-09-04 12:00 PM,2024,09,04,12,24.4,80,Moderate,29.0,UG/M3,1 Hr,Valid
Phora Durbar Kathmandu,PM2.5 - Principal,2024-09-04 01:00 PM,2024,09,04,13,24.4,80,Moderate,-15.0,UG/M3,1 Hr,Invalid
Phora Durbar Kathmandu,PM2.5 - Principal,2024-09-04 02:00 PM,2024,09,04,14,-999.0,-999,N/A,-11.0,UG/M3,1 Hr,Invalid
Phora Durbar Kathmandu,PM2.5 - Principal,2024-09-04 03:00 PM,2024,09,04,15,-999.0,-999,N/A,57.0,UG/M3,1 Hr,Valid
Phora Durbar Kathmandu,PM2.5 - Principal,2024-09-04 04:00 PM,2024,09,04,16,36.0,102,Unhealthy for Sensitive Groups,27.0,UG/M3,1 Hr,Valid
Phora Durbar Kathmandu,PM2.5 - Principal,2024-09-04 05:00 PM,2024,09,04,17,23.8,78,Moderate,14.0,UG/M3,1 Hr,Valid
Phora Durbar Kathmandu,PM2.5 - Principal,2024-09-04 06:00 PM,2024,09,04,18,15.5,63,Moderate,8.0,UG/M3,1 Hr,Valid
Phora Durbar Kathmandu,PM2.5 - Principal,2024-09-04 07:00 PM,2024,09,04,19,20.3,72,Moderate,25.0,UG/M3,1 Hr,Valid
Phora Durbar Kathmandu,PM2.5 - Principal,2024-09-04 08:00 PM,2024,09,04,20,20.6,72,Moderate,21.0,UG/M3,1 Hr,Valid
Phora Durbar Kathmandu,PM2.5 - Principal,2024-09-04 09:00 PM,2024,09,04,21,19.8,71,Moderate,19.0,UG/M3,1 Hr,Valid
Phora Durbar Kathmandu,PM2.5 - Principal,2024-09-04 10:00 PM,2024,09,04,22,31.9,93,Moderate,44.0,UG/M3,1 Hr,Valid
Phora Durbar Kathmandu,PM2.5 - Principal,2024-09-04 11:00 PM,2024,09,04,23,24.4,80,Moderate,17.0,UG/M3,1 Hr,Valid
Phora Durbar Kathmandu,PM2.5 - Principal,2024-09-05 12:00 AM,2024,09,05,00,24.4,80,Moderate,-14.0,UG/M3,1 Hr,Invalid
Phora Durbar Kathmandu,PM2.5 - Principal,2024-09-05 01:00 AM,2024,09,05,01,11.4,55,Moderate,5.0,UG/M3,1 Hr,Valid
Phora Durbar Kathmandu,PM2.5 - Principal,2024-09-05 02:00 AM,2024,09,05,02,54.6,148,Unhealthy for Sensitive Groups,87.0,UG/M3,1 Hr,Valid
Phora Durbar Kathmandu,PM2.5 - Principal,2024-09-05 03:00 AM,2024,09,05,03,32.9,95,Moderate,14.0,UG/M3,1 Hr,Valid
Phora Durbar Kathmandu,PM2.5 - Principal,2024-09-05 04:00 AM,2024,09,05,04,32.9,95,Moderate,-15.0,UG/M3,1 Hr,Invalid
Phora Durbar Kathmandu,PM2.5 - Principal,2024-09-05 05:00 AM,2024,09,05,05,23.4,78,Moderate,19.0,UG/M3,1 Hr,Valid
Phora Durbar Kathmandu,PM2.5 - Principal,2024-09-05 06:00 AM,2024,09,05,06,26.0,82,Moderate,28.0,UG/M3,1 Hr,Valid
Phora Durbar Kathmandu,PM2.5 - Principal,2024-09-05 07:00 AM,2024,09,05,07,40.5,113,Unhealthy for Sensitive Groups,53.0,UG/M3,1 Hr,Valid
Phora Durbar Kathmandu,PM2.5 - Principal,2024-09-05 08:00 AM,2024,09,05,08,31.4,93,Moderate,23.0,UG/M3,1 Hr,Valid
Phora Durbar Kathmandu,PM2.5 - Principal,2024-09-05 09:00 AM,2024,09,05,09,19.0,69,Moderate,7.0,UG/M3,1 Hr,Valid
Phora Durbar Kathmandu,PM2.5 - Principal,2024-09-05 10:00 AM,2024,09,05,10,29.0,88,Moderate,39.0,UG/M3,1 Hr,Valid
Phora Durbar Kathmandu,PM2.5 - Principal,2024-09-05 11:00 AM,2024,09,05,11,27.0,84,Moderate,25.0,UG/M3,1 Hr,Valid
Phora Durbar Kathmandu,PM2.5 - Principal,2024-09-05 12:00 PM,2024,09,05,12,46.5,128,Unhealthy for Sensitive Groups,66.0,UG/M3,1 Hr,Valid
Phora Durbar Kathmandu,PM2.5 - Principal,2024-09-05 01:00 PM,2024,09,05,13,34.7,99,Moderate,23.0,UG/M3,1 Hr,Valid
Phora Durbar Kathmandu,PM2.5 - Principal,2024-09-05 02:00 PM,2024,09,05,14,38.8,109,Unhealthy for Sensitive Groups,43.0,UG/M3,1 Hr,Valid
Phora Durbar Kathmandu,PM2.5 - Principal,2024-09-05 03:00 PM,2024,09,05,15,24.4,80,Moderate,10.0,UG/M3,1 Hr,Valid
Phora Durbar Kathmandu,PM2.5 - Principal,2024-09-05 04:00 PM,2024,09,05,16,11.2,55,Moderate,-2.0,UG/M3,1 Hr,Valid
Phora Durbar Kathmandu,PM2.5 - Principal,2024-09-05 05:00 PM,2024,09,05,17,14.1,60,Moderate,17.0,UG/M3,1 Hr,Valid
Phora Durbar Kathmandu,PM2.5 - Principal,2024-09-05 06:00 PM,2024,09,05,18,9.5,52,Moderate,5.0,UG/M3,1 Hr,Valid
Phora Durbar Kathmandu,PM2.5 - Principal,2024-09-05 07:00 PM,2024,09,05,19,21.2,74,Moderate,33.0,UG/M3,1 Hr,Valid
Phora Durbar Kathmandu,PM2.5 - Principal,2024-09-05 08:00 PM,2024,09,05,20,21.2,74,Moderate,-6.0,UG/M3,1 Hr,Invalid
Phora Durbar Kathmandu,PM2.5 - Principal,2024-09-05 09:00 PM,2024,09,05,21,21.7,74,Moderate,22.0,UG/M3,1 Hr,Valid
Phora Durbar Kathmandu,PM2.5 - Principal,2024-09-05 10:00 PM,2024,09,05,22,15.6,63,Moderate,11.0,UG/M3,1 Hr,Valid
Phora Durbar Kathmandu,PM2.5 - Principal,2024-09-05 11:00 PM,2024,09,05,23,28.0,86,Moderate,39.0,UG/M3,1 Hr,Valid
Phora Durbar Kathmandu,PM2.5 - Principal,2024-09-06 12:00 AM,2024,09,06,00,28.0,86,Moderate,-15.0,UG/M3,1 Hr,Invalid
Phora Durbar Kathmandu,PM2.5 - Principal,2024-09-06 01:00 AM,2024,09,06,01,21.8,75,Moderate,19.0,UG/M3,1 Hr,Valid
Phora Durbar Kathmandu,PM2.5 - Principal,2024-09-06 02:00 AM,2024,09,06,02,21.3,74,Moderate,21.0,UG/M3,1 Hr,Valid
Phora Durbar Kathmandu,PM2.5 - Principal,2024-09-06 03:00 AM,2024,09,06,03,16.3,64,Moderate,12.0,UG/M3,1 Hr,Valid
Phora Durbar Kathmandu,PM2.5 - Principal,2024-09-06 04:00 AM,2024,09,06,04,10.4,53,Moderate,5.0,UG/M3,1 Hr,Valid
Phora Durbar Kathmandu,PM2.5 - Principal,2024-09-06 05:00 AM,2024,09,06,05,40.7,114,Unhealthy for Sensitive Groups,70.0,UG/M3,1 Hr,Valid
Phora Durbar Kathmandu,PM2.5 - Principal,2024-09-06 06:00 AM,2024,09,06,06,19.1,70,Moderate,-2.0,UG/M3,1 Hr,Valid
Phora Durbar Kathmandu,PM2.5 - Principal,2024-09-06 07:00 AM,2024,09,06,07,25.1,81,Moderate,31.0,UG/M3,1 Hr,Valid
Phora Durbar Kathmandu,PM2.5 - Principal,2024-09-06 08:00 AM,2024,09,06,08,24.0,79,Moderate,23.0,UG/M3,1 Hr,Valid
Phora Durbar Kathmandu,PM2.5 - Principal,2024-09-06 09:00 AM,2024,09,06,09,37.5,106,Unhealthy for Sensitive Groups,51.0,UG/M3,1 Hr,Valid
Phora Durbar Kathmandu,PM2.5 - Principal,2024-09-06 10:00 AM,2024,09,06,10,31.7,93,Moderate,26.0,UG/M3,1 Hr,Valid
Phora Durbar Kathmandu,PM2.5 - Principal,2024-09-06 11:00 AM,2024,09,06,11,31.8,93,Moderate,32.0,UG/M3,1 Hr,Valid
Phora Durbar Kathmandu,PM2.5 - Principal,2024-09-06 12:00 PM,2024,09,06,12,21.9,75,Moderate,12.0,UG/M3,1 Hr,Valid
Phora Durbar Kathmandu,PM2.5 - Principal,2024-09-06 01:00 PM,2024,09,06,13,18.4,68,Moderate,15.0,UG/M3,1 Hr,Valid
Phora Durbar Kathmandu,PM2.5 - Principal,2024-09-06 02:00 PM,2024,09,06,14,11.7,56,Moderate,5.0,UG/M3,1 Hr,Valid
Phora Durbar Kathmandu,PM2.5 - Principal,2024-09-06 03:00 PM,2024,09,06,15,11.8,56,Moderate,12.0,UG/M3,1 Hr,Valid
Phora Durbar Kathmandu,PM2.5 - Principal,2024-09-06 04:00 PM,2024,09,06,16,19.9,71,Moderate,28.0,UG/M3,1 Hr,Valid
Phora Durbar Kathmandu,PM2.5 - Principal,2024-09-06 05:00 PM,2024,09,06,17,19.9,71,Moderate,-15.0,UG/M3,1 Hr,Invalid
Phora Durbar Kathmandu,PM2.5 - Principal,2024-09-06 06:00 PM,2024,09,06,18,24.6,80,Moderate,27.0,UG/M3,1 Hr,Valid
Phora Durbar Kathmandu,PM2.5 - Principal,2024-09-06 07:00 PM,2024,09,06,19,31.7,93,Moderate,37.0,UG/M3,1 Hr,Valid
Phora Durbar Kathmandu,PM2.5 - Principal,2024-09-06 08:00 PM,2024,09,06,20,22.2,75,Moderate,14.0,UG/M3,1 Hr,Valid
Phora Durbar Kathmandu,PM2.5 - Principal,2024-09-06 09:00 PM,2024,09,06,21,22.2,75,Moderate,-15.0,UG/M3,1 Hr,Invalid
Phora Durbar Kathmandu,PM2.5 - Principal,2024-09-06 10:00 PM,2024,09,06,22,37.0,105,Unhealthy for Sensitive Groups,44.0,UG/M3,1 Hr,Valid
Phora Durbar Kathmandu,PM2.5 - Principal,2024-09-06 11:00 PM,2024,09,06,23,-999.0,-999,N/A,-15.0,UG/M3,1 Hr,Invalid
Phora Durbar Kathmandu,PM2.5 - Principal,2024-09-07 12:00 AM,2024,09,07,00,-999.0,-999,N/A,-15.0,UG/M3,1 Hr,Invalid
Phora Durbar Kathmandu,PM2.5 - Principal,2024-09-07 01:00 AM,2024,09,07,01,-999.0,-999,N/A,2.0,UG/M3,1 Hr,Valid
Phora Durbar Kathmandu,PM2.5 - Principal,2024-09-07 02:00 AM,2024,09,07,02,10.9,54,Moderate,13.0,UG/M3,1 Hr,Valid
Phora Durbar Kathmandu,PM2.5 - Principal,2024-09-07 03:00 AM,2024,09,07,03,10.4,53,Moderate,10.0,UG/M3,1 Hr,Valid
Phora Durbar Kathmandu,PM2.5 - Principal,2024-09-07 04:00 AM,2024,09,07,04,13.8,60,Moderate,17.0,UG/M3,1 Hr,Valid
Phora Durbar Kathmandu,PM2.5 - Principal,2024-09-07 05:00 AM,2024,09,07,05,11.3,55,Moderate,9.0,UG/M3,1 Hr,Valid
Phora Durbar Kathmandu,PM2.5 - Principal,2024-09-07 06:00 AM,2024,09,07,06,32.9,95,Moderate,54.0,UG/M3,1 Hr,Valid
Phora Durbar Kathmandu,PM2.5 - Principal,2024-09-07 07:00 AM,2024,09,07,07,35.4,100,Moderate,38.0,UG/M3,1 Hr,Valid
Phora Durbar Kathmandu,PM2.5 - Principal,2024-09-07 08:00 AM,2024,09,07,08,41.7,116,Unhealthy for Sensitive Groups,48.0,UG/M3,1 Hr,Valid
Phora Durbar Kathmandu,PM2.5 - Principal,2024-09-07 09:00 AM,2024,09,07,09,27.3,85,Moderate,13.0,UG/M3,1 Hr,Valid
Phora Durbar Kathmandu,PM2.5 - Principal,2024-09-07 10:00 AM,2024,09,07,10,16.1,64,Moderate,5.0,UG/M3,1 Hr,Valid
Phora Durbar Kathmandu,PM2.5 - Principal,2024-09-07 11:00 AM,2024,09,07,11,18.0,68,Moderate,20.0,UG/M3,1 Hr,Valid
Phora Durbar Kathmandu,PM2.5 - Principal,2024-09-07 12:00 PM,2024,09,07,12,25.5,82,Moderate,33.0,UG/M3,1 Hr,Valid
Phora Durbar Kathmandu,PM2.5 - Principal,2024-09-07 01:00 PM,2024,09,07,13,21.7,74,Moderate,18.0,UG/M3,1 Hr,Valid
Phora Durbar Kathmandu,PM2.5 - Principal,2024-09-07 02:00 PM,2024,09,07,14,39.8,112,Unhealthy for Sensitive Groups,58.0,UG/M3,1 Hr,Valid
Phora Durbar Kathmandu,PM2.5 - Principal,2024-09-07 03:00 PM,2024,09,07,15,39.8,112,Unhealthy for Sensitive Groups,-15.0,UG/M3,1 Hr,Invalid
Phora Durbar Kathmandu,PM2.5 - Principal,2024-09-07 04:00 PM,2024,09,07,16,58.6,153,Unhealthy,68.0,UG/M3,1 Hr,Valid
Phora Durbar Kathmandu,PM2.5 - Principal,2024-09-07 05:00 PM,2024,09,07,17,30.8,91,Moderate,10.0,UG/M3,1 Hr,Valid
Phora Durbar Kathmandu,PM2.5 - Principal,2024-09-07 06:00 PM,2024,09,07,18,15.9,64,Moderate,3.0,UG/M3,1 Hr,Valid
Phora Durbar Kathmandu,PM2.5 - Principal,2024-09-07 07:00 PM,2024,09,07,19,27.8,86,Moderate,39.0,UG/M3,1 Hr,Valid
Phora Durbar Kathmandu,PM2.5 - Principal,2024-09-07 08:00 PM,2024,09,07,20,19.8,71,Moderate,12.0,UG/M3,1 Hr,Valid
Phora Durbar Kathmandu,PM2.5 - Principal,2024-09-07 09:00 PM,2024,09,07,21,27.9,86,Moderate,36.0,UG/M3,1 Hr,Valid
Phora Durbar Kathmandu,PM2.5 - Principal,2024-09-07 10:00 PM,2024,09,07,22,27.9,86,Moderate,-15.0,UG/M3,1 Hr,Invalid
Phora Durbar Kathmandu,PM2.5 - Principal,2024-09-07 11:00 PM,2024,09,07,23,50.0,137,Unhealthy for Sensitive Groups,61.0,UG/M3,1 Hr,Valid
Phora Durbar Kathmandu,PM2.5 - Principal,2024-09-08 12:00 AM,2024,09,08,00,-999.0,-999,N/A,-15.0,UG/M3,1 Hr,Invalid
Phora Durbar Kathmandu,PM2.5 - Principal,2024-09-08 01:00 AM,2024,09,08,01,-999.0,-999,N/A,-15.0,UG/M3,1 Hr,Invalid
Phora Durbar Kathmandu,PM2.5 - Principal,2024-09-08 02:00 AM,2024,09,08,02,-999.0,-999,N/A,34.0,UG/M3,1 Hr,Valid
Phora Durbar Kathmandu,PM2.5 - Principal,2024-09-08 03:00 AM,2024,09,08,03,49.3,135,Unhealthy for Sensitive Groups,57.0,UG/M3,1 Hr,Valid
Phora Durbar Kathmandu,PM2.5 - Principal,2024-09-08 04:00 AM,2024,09,08,04,48.0,132,Unhealthy for Sensitive Groups,47.0,UG/M3,1 Hr,Valid
Phora Durbar Kathmandu,PM2.5 - Principal,2024-09-08 05:00 AM,2024,09,08,05,48.0,132,Unhealthy for Sensitive Groups,-15.0,UG/M3,1 Hr,Invalid
Phora Durbar Kathmandu,PM2.5 - Principal,2024-09-08 06:00 AM,2024,09,08,06,21.7,74,Moderate,10.0,UG/M3,1 Hr,Valid
Phora Durbar Kathmandu,PM2.5 - Principal,2024-09-08 07:00 AM,2024,09,08,07,22.4,76,Moderate,23.0,UG/M3,1 Hr,Valid
Phora Durbar Kathmandu,PM2.5 - Principal,2024-09-08 08:00 AM,2024,09,08,08,25.4,81,Moderate,28.0,UG/M3,1 Hr,Valid
Phora Durbar Kathmandu,PM2.5 - Principal,2024-09-08 09:00 AM,2024,09,08,09,25.4,81,Moderate,-15.0,UG/M3,1 Hr,Invalid
Phora Durbar Kathmandu,PM2.5 - Principal,2024-09-08 10:00 AM,2024,09,08,10,18.3,68,Moderate,15.0,UG/M3,1 Hr,Valid
Phora Durbar Kathmandu,PM2.5 - Principal,2024-09-08 11:00 AM,2024,09,08,11,50.4,138,Unhealthy for Sensitive Groups,74.0,UG/M3,1 Hr,Valid
Phora Durbar Kathmandu,PM2.5 - Principal,2024-09-08 12:00 PM,2024,09,08,12,28.2,87,Moderate,9.0,UG/M3,1 Hr,Valid
Phora Durbar Kathmandu,PM2.5 - Principal,2024-09-08 01:00 PM,2024,09,08,13,16.7,65,Moderate,6.0,UG/M3,1 Hr,Valid
Phora Durbar Kathmandu,PM2.5 - Principal,2024-09-08 02:00 PM,2024,09,08,14,11.2,55,Moderate,6.0,UG/M3,1 Hr,Valid
Phora Durbar Kathmandu,PM2.5 - Principal,2024-09-08 03:00 PM,2024,09,08,15,33.8,97,Moderate,56.0,UG/M3,1 Hr,Valid
Phora Durbar Kathmandu,PM2.5 - Principal,2024-09-08 04:00 PM,2024,09,08,16,28.3,87,Moderate,23.0,UG/M3,1 Hr,Valid
Phora Durbar Kathmandu,PM2.5 - Principal,2024-09-08 05:00 PM,2024,09,08,17,28.3,87,Moderate,-15.0,UG/M3,1 Hr,Invalid
Phora Durbar Kathmandu,PM2.5 - Principal,2024-09-08 06:00 PM,2024,09,08,18,49.4,135,Unhealthy for Sensitive Groups,60.0,UG/M3,1 Hr,Valid
Phora Durbar Kathmandu,PM2.5 - Principal,2024-09-08 07:00 PM,2024,09,08,19,-999.0,-999,N/A,-15.0,UG/M3,1 Hr,Invalid
Phora Durbar Kathmandu,PM2.5 - Principal,2024-09-08 08:00 PM,2024,09,08,20,32.4,94,Moderate,26.0,UG/M3,1 Hr,Valid
Phora Durbar Kathmandu,PM2.5 - Principal,2024-09-08 09:00 PM,2024,09,08,21,14.3,61,Moderate,2.0,UG/M3,1 Hr,Valid
Phora Durbar Kathmandu,PM2.5 - Principal,2024-09-08 10:00 PM,2024,09,08,22,28.8,88,Moderate,41.0,UG/M3,1 Hr,Valid
Phora Durbar Kathmandu,PM2.5 - Principal,2024-09-08 11:00 PM,2024,09,08,23,28.8,88,Moderate,-15.0,UG/M3,1 Hr,Invalid
Phora Durbar Kathmandu,PM2.5 - Principal,2024-09-09 12:00 AM,2024,09,09,00,22.7,76,Moderate,20.0,UG/M3,1 Hr,Valid
Phora Durbar Kathmandu,PM2.5 - Principal,2024-09-09 01:00 AM,2024,09,09,01,19.4,70,Moderate,17.0,UG/M3,1 Hr,Valid
Phora Durbar Kathmandu,PM2.5 - Principal,2024-09-09 02:00 AM,2024,09,09,02,13.3,59,Moderate,8.0,UG/M3,1 Hr,Valid
Phora Durbar Kathmandu,PM2.5 - Principal,2024-09-09 03:00 AM,2024,09,09,03,15.2,62,Moderate,17.0,UG/M3,1 Hr,Valid
Phora Durbar Kathmandu,PM2.5 - Principal,2024-09-09 04:00 AM,2024,09,09,04,15.2,62,Moderate,-15.0,UG/M3,1 Hr,Invalid
Phora Durbar Kathmandu,PM2.5 - Principal,2024-09-09 05:00 AM,2024,09,09,05,40.0,112,Unhealthy for Sensitive Groups,52.0,UG/M3,1 Hr,Valid
Phora Durbar Kathmandu,PM2.5 - Principal,2024-09-09 06:00 AM,2024,09,09,06,-999.0,-999,N/A,-15.0,UG/M3,1 Hr,Invalid
Phora Durbar Kathmandu,PM2.5 - Principal,2024-09-09 07:00 AM,2024,09,09,07,35.6,101,Unhealthy for Sensitive Groups,34.0,UG/M3,1 Hr,Valid
Phora Durbar Kathmandu,PM2.5 - Principal,2024-09-09 08:00 AM,2024,09,09,08,61.3,155,Unhealthy,79.0,UG/M3,1 Hr,Valid
Phora Durbar Kathmandu,PM2.5 - Principal,2024-09-09 09:00 AM,2024,09,09,09,61.3,155,Unhealthy,-15.0,UG/M3,1 Hr,Invalid
Phora Durbar Kathmandu,PM2.5 - Principal,2024-09-09 10:00 AM,2024,09,09,10,-999.0,-999,N/A,-15.0,UG/M3,1 Hr,Invalid
Phora Durbar Kathmandu,PM2.5 - Principal,2024-09-09 11:00 AM,2024,09,09,11,-999.0,-999,N/A,46.0,UG/M3,1 Hr,Valid
Phora Durbar Kathmandu,PM2.5 - Principal,2024-09-09 12:00 PM,2024,09,09,12,53.8,146,Unhealthy for Sensitive Groups,57.0,UG/M3,1 Hr,Valid
Phora Durbar Kathmandu,PM2.5 - Principal,2024-09-09 01:00 PM,2024,09,09,13,40.6,114,Unhealthy for Sensitive Groups,30.0,UG/M3,1 Hr,Valid
Phora Durbar Kathmandu,PM2.5 - Principal,2024-09-09 02:00 PM,2024,09,09,14,40.6,114,Unhealthy for Sensitive Groups,-15.0,UG/M3,1 Hr,Invalid
Phora Durbar Kathmandu,PM2.5 - Principal,2024-09-09 03:00 PM,2024,09,09,15,-999.0,-999,N/A,-11.0,UG/M3,1 Hr,Invalid
Phora Durbar Kathmandu,PM2.5 - Principal,2024-09-09 04:00 PM,2024,09,09,16,-999.0,-999,N/A,-6.0,UG/M3,1 Hr,Invalid
Phora Durbar Kathmandu,PM2.5 - Principal,2024-09-09 05:00 PM,2024,09,09,17,-999.0,-999,N/A,52.0,UG/M3,1 Hr,Valid
Phora Durbar Kathmandu,PM2.5 - Principal,2024-09-09 06:00 PM,2024,09,09,18,29.0,88,Moderate,17.0,UG/M3,1 Hr,Valid
Phora Durbar Kathmandu,PM2.5 - Principal,2024-09-09 07:00 PM,2024,09,09,19,21.1,73,Moderate,15.0,UG/M3,1 Hr,Valid
Phora Durbar Kathmandu,PM2.5 - Principal,2024-09-09 08:00 PM,2024,09,09,20,16.8,65,Moderate,13.0,UG/M3,1 Hr,Valid
Phora Durbar Kathmandu,PM2.5 - Principal,2024-09-09 09:00 PM,2024,09,09,21,26.1,83,Moderate,35.0,UG/M3,1 Hr,Valid
Phora Durbar Kathmandu,PM2.5 - Principal,2024-09-09 10:00 PM,2024,09,09,22,24.5,80,Moderate,23.0,UG/M3,1 Hr,Valid
Phora Durbar Kathmandu,PM2.5 - Principal,2024-09-09 11:00 PM,2024,09,09,23,18.7,69,Moderate,13.0,UG/M3,1 Hr,Valid
Phora Durbar Kathmandu,PM2.5 - Principal,2024-09-10 12:00 AM,2024,09,10,00,23.8,78,Moderate,29.0,UG/M3,1 Hr,Valid
Phora Durbar Kathmandu,PM2.5 - Principal,2024-09-10 01:00 AM,2024,09,10,01,22.4,76,Moderate,21.0,UG/M3,1 Hr,Valid
Phora Durbar Kathmandu,PM2.5 - Principal,2024-09-10 02:00 AM,2024,09,10,02,21.2,74,Moderate,20.0,UG/M3,1 Hr,Valid
Phora Durbar Kathmandu,PM2.5 - Principal,2024-09-10 03:00 AM,2024,09,10,03,29.6,89,Moderate,38.0,UG/M3,1 Hr,Valid
Phora Durbar Kathmandu,PM2.5 - Principal,2024-09-10 04:00 AM,2024,09,10,04,23.3,77,Moderate,17.0,UG/M3,1 Hr,Valid
Phora Durbar Kathmandu,PM2.5 - Principal,2024-09-10 05:00 AM,2024,09,10,05,54.1,147,Unhealthy for Sensitive Groups,85.0,UG/M3,1 Hr,Valid
Phora Durbar Kathmandu,PM2.5 - Principal,2024-09-10 06:00 AM,2024,09,10,06,35.0,99,Moderate,16.0,UG/M3,1 Hr,Valid
Phora Durbar Kathmandu,PM2.5 - Principal,2024-09-10 07:00 AM,2024,09,10,07,36.0,102,Unhealthy for Sensitive Groups,37.0,UG/M3,1 Hr,Valid
Phora Durbar Kathmandu,PM2.5 - Principal,2024-09-10 08:00 AM,2024,09,10,08,38.0,107,Unhealthy for Sensitive Groups,40.0,UG/M3,1 Hr,Valid
Phora Durbar Kathmandu,PM2.5 - Principal,2024-09-10 09:00 AM,2024,09,10,09,38.0,107,Unhealthy for Sensitive Groups,-15.0,UG/M3,1 Hr,Invalid
Phora Durbar Kathmandu,PM2.5 - Principal,2024-09-10 10:00 AM,2024,09,10,10,52.0,142,Unhealthy for Sensitive Groups,59.0,UG/M3,1 Hr,Valid
Phora Durbar Kathmandu,PM2.5 - Principal,2024-09-10 11:00 AM,2024,09,10,11,57.7,153,Unhealthy,62.0,UG/M3,1 Hr,Valid
Phora Durbar Kathmandu,PM2.5 - Principal,2024-09-10 12:00 PM,2024,09,10,12,24.8,80,Moderate,-4.0,UG/M3,1 Hr,Valid
Phora Durbar Kathmandu,PM2.5 - Principal,2024-09-10 01:00 PM,2024,09,10,13,33.1,96,Moderate,41.0,UG/M3,1 Hr,Valid
Phora Durbar Kathmandu,PM2.5 - Principal,2024-09-10 02:00 PM,2024,09,10,14,48.3,133,Unhealthy for Sensitive Groups,63.0,UG/M3,1 Hr,Valid
Phora Durbar Kathmandu,PM2.5 - Principal,2024-09-10 03:00 PM,2024,09,10,15,48.3,133,Unhealthy for Sensitive Groups,-15.0,UG/M3,1 Hr,Invalid
Phora Durbar Kathmandu,PM2.5 - Principal,2024-09-10 04:00 PM,2024,09,10,16,31.3,92,Moderate,23.0,UG/M3,1 Hr,Valid
Phora Durbar Kathmandu,PM2.5 - Principal,2024-09-10 05:00 PM,2024,09,10,17,44.3,123,Unhealthy for Sensitive Groups,54.0,UG/M3,1 Hr,Valid
Phora Durbar Kathmandu,PM2.5 - Principal,2024-09-10 06:00 PM,2024,09,10,18,22.2,75,Moderate,3.0,UG/M3,1 Hr,Valid
Phora Durbar Kathmandu,PM2.5 - Principal,2024-09-10 07:00 PM,2024,09,10,19,49.4,135,Unhealthy for Sensitive Groups,75.0,UG/M3,1 Hr,Valid
Phora Durbar Kathmandu,PM2.5 - Principal,2024-09-10 08:00 PM,2024,09,10,20,33.4,96,Moderate,18.0,UG/M3,1 Hr,Valid
Phora Durbar Kathmandu,PM2.5 - Principal,2024-09-10 09:00 PM,2024,09,10,21,33.4,96,Moderate,-11.0,UG/M3,1 Hr,Invalid
Phora Durbar Kathmandu,PM2.5 - Principal,2024-09-10 10:00 PM,2024,09,10,22,45.2,125,Unhealthy for Sensitive Groups,51.0,UG/M3,1 Hr,Valid
Phora Durbar Kathmandu,PM2.5 - Principal,2024-09-10 11:00 PM,2024,09,10,23,-999.0,-999,N/A,-15.0,UG/M3,1 Hr,Invalid
Phora Durbar Kathmandu,PM2.5 - Principal,2024-09-11 12:00 AM,2024,09,11,00,31.9,93,Moderate,27.0,UG/M3,1 Hr,Valid
Phora Durbar Kathmandu,PM2.5 - Principal,2024-09-11 01:00 AM,2024,09,11,01,-999.0,-999,N/A,-15.0,UG/M3,1 Hr,Invalid
Phora Durbar Kathmandu,PM2.5 - Principal,2024-09-11 02:00 AM,2024,09,11,02,74.4,164,Unhealthy,89.0,UG/M3,1 Hr,Valid
Phora Durbar Kathmandu,PM2.5 - Principal,2024-09-11 03:00 AM,2024,09,11,03,40.0,112,Unhealthy for Sensitive Groups,17.0,UG/M3,1 Hr,Valid
Phora Durbar Kathmandu,PM2.5 - Principal,2024-09-11 04:00 AM,2024,09,11,04,28.0,86,Moderate,18.0,UG/M3,1 Hr,Valid
Phora Durbar Kathmandu,PM2.5 - Principal,2024-09-11 05:00 AM,2024,09,11,05,18.1,68,Moderate,9.0,UG/M3,1 Hr,Valid
Phora Durbar Kathmandu,PM2.5 - Principal,2024-09-11 06:00 AM,2024,09,11,06,25.7,82,Moderate,33.0,UG/M3,1 Hr,Valid
Phora Durbar Kathmandu,PM2.5 - Principal,2024-09-11 07:00 AM,2024,09,11,07,27.8,86,Moderate,30.0,UG/M3,1 Hr,Valid
Phora Durbar Kathmandu,PM2.5 - Principal,2024-09-11 08:00 AM,2024,09,11,08,20.3,72,Moderate,13.0,UG/M3,1 Hr,Valid
Phora Durbar Kathmandu,PM2.5 - Principal,2024-09-11 09:00 AM,2024,09,11,09,26.7,84,Moderate,33.0,UG/M3,1 Hr,Valid
Phora Durbar Kathmandu,PM2.5 - Principal,2024-09-11 10:00 AM,2024,09,11,10,23.8,78,Moderate,21.0,UG/M3,1 Hr,Valid
Phora Durbar Kathmandu,PM2.5 - Principal,2024-09-11 11:00 AM,2024,09,11,11,23.9,79,Moderate,24.0,UG/M3,1 Hr,Valid
Phora Durbar Kathmandu,PM2.5 - Principal,2024-09-11 12:00 PM,2024,09,11,12,24.9,80,Moderate,26.0,UG/M3,1 Hr,Valid
Phora Durbar Kathmandu,PM2.5 - Principal,2024-09-11 01:00 PM,2024,09,11,13,24.9,80,Moderate,-15.0,UG/M3,1 Hr,Invalid
Phora Durbar Kathmandu,PM2.5 - Principal,2024-09-11 02:00 PM,2024,09,11,14,10.3,53,Moderate,3.0,UG/M3,1 Hr,Valid
Phora Durbar Kathmandu,PM2.5 - Principal,2024-09-11 03:00 PM,2024,09,11,15,10.1,53,Moderate,10.0,UG/M3,1 Hr,Valid
Phora Durbar Kathmandu,PM2.5 - Principal,2024-09-11 04:00 PM,2024,09,11,16,15.3,63,Moderate,20.0,UG/M3,1 Hr,Valid
Phora Durbar Kathmandu,PM2.5 - Principal,2024-09-11 05:00 PM,2024,09,11,17,29.6,89,Moderate,43.0,UG/M3,1 Hr,Valid
Phora Durbar Kathmandu,PM2.5 - Principal,2024-09-11 06:00 PM,2024,09,11,18,45.5,126,Unhealthy for Sensitive Groups,61.0,UG/M3,1 Hr,Valid
Phora Durbar Kathmandu,PM2.5 - Principal,2024-09-11 07:00 PM,2024,09,11,19,28.1,86,Moderate,11.0,UG/M3,1 Hr,Valid
Phora Durbar Kathmandu,PM2.5 - Principal,2024-09-11 08:00 PM,2024,09,11,20,28.1,86,Moderate,-10.0,UG/M3,1 Hr,Invalid
Phora Durbar Kathmandu,PM2.5 - Principal,2024-09-11 09:00 PM,2024,09,11,21,-999.0,-999,N/A,-15.0,UG/M3,1 Hr,Invalid
Phora Durbar Kathmandu,PM2.5 - Principal,2024-09-11 10:00 PM,2024,09,11,22,-999.0,-999,N/A,7.0,UG/M3,1 Hr,Valid
Phora Durbar Kathmandu,PM2.5 - Principal,2024-09-11 11:00 PM,2024,09,11,23,25.8,82,Moderate,35.0,UG/M3,1 Hr,Valid
Phora Durbar Kathmandu,PM2.5 - Principal,2024-09-12 12:00 AM,2024,09,12,00,13.7,60,Moderate,4.0,UG/M3,1 Hr,Valid
Phora Durbar Kathmandu,PM2.5 - Principal,2024-09-12 01:00 AM,2024,09,12,01,27.5,85,Moderate,40.0,UG/M3,1 Hr,Valid
Phora Durbar Kathmandu,PM2.5 - Principal,2024-09-12 02:00 AM,2024,09,12,02,12.9,58,Moderate,-1.0,UG/M3,1 Hr,Valid
Phora Durbar Kathmandu,PM2.5 - Principal,2024-09-12 03:00 AM,2024,09,12,03,20.5,72,Moderate,28.0,UG/M3,1 Hr,Valid
Phora Durbar Kathmandu,PM2.5 - Principal,2024-09-12 04:00 AM,2024,09,12,04,24.3,79,Moderate,28.0,UG/M3,1 Hr,Valid
Phora Durbar Kathmandu,PM2.5 - Principal,2024-09-12 05:00 AM,2024,09,12,05,24.2,79,Moderate,-15.0,UG/M3,1 Hr,Invalid
Phora Durbar Kathmandu,PM2.5 - Principal,2024-09-12 06:00 AM,2024,09,12,06,50.8,139,Unhealthy for Sensitive Groups,64.0,UG/M3,1 Hr,Valid
Phora Durbar Kathmandu,PM2.5 - Principal,2024-09-12 07:00 AM,2024,09,12,07,-999.0,-999,N/A,-15.0,UG/M3,1 Hr,Invalid
Phora Durbar Kathmandu,PM2.5 - Principal,2024-09-12 08:00 AM,2024,09,12,08,26.9,84,Moderate,18.0,UG/M3,1 Hr,Valid
Phora Durbar Kathmandu,PM2.5 - Principal,2024-09-12 09:00 AM,2024,09,12,09,13.3,59,Moderate,4.0,UG/M3,1 Hr,Valid
Phora Durbar Kathmandu,PM2.5 - Principal,2024-09-12 10:00 AM,2024,09,12,10,19.1,70,Moderate,24.0,UG/M3,1 Hr,Valid
Phora Durbar Kathmandu,PM2.5 - Principal,2024-09-12 11:00 AM,2024,09,12,11,40.3,113,Unhealthy for Sensitive Groups,60.0,UG/M3,1 Hr,Valid
Phora Durbar Kathmandu,PM2.5 - Principal,2024-09-12 12:00 PM,2024,09,12,12,40.4,113,Unhealthy for Sensitive Groups,-15.0,UG/M3,1 Hr,Invalid
Phora Durbar Kathmandu,PM2.5 - Principal,2024-09-12 01:00 PM,2024,09,12,13,21.2,74,Moderate,12.0,UG/M3,1 Hr,Valid
Phora Durbar Kathmandu,PM2.5 - Principal,2024-09-12 02:00 PM,2024,09,12,14,19.9,71,Moderate,19.0,UG/M3,1 Hr,Valid
Phora Durbar Kathmandu,PM2.5 - Principal,2024-09-12 03:00 PM,2024,09,12,15,22.1,75,Moderate,24.0,UG/M3,1 Hr,Valid
Phora Durbar Kathmandu,PM2.5 - Principal,2024-09-12 04:00 PM,2024,09,12,16,23.6,78,Moderate,25.0,UG/M3,1 Hr,Valid
Phora Durbar Kathmandu,PM2.5 - Principal,2024-09-12 05:00 PM,2024,09,12,17,23.6,78,Moderate,-15.0,UG/M3,1 Hr,Invalid
Phora Durbar Kathmandu,PM2.5 - Principal,2024-09-12 06:00 PM,2024,09,12,18,35.9,102,Unhealthy for Sensitive Groups,42.0,UG/M3,1 Hr,Valid
Phora Durbar Kathmandu,PM2.5 - Principal,2024-09-12 07:00 PM,2024,09,12,19,33.1,96,Moderate,31.0,UG/M3,1 Hr,Valid
Phora Durbar Kathmandu,PM2.5 - Principal,2024-09-12 08:00 PM,2024,09,12,20,37.3,105,Unhealthy for Sensitive Groups,41.0,UG/M3,1 Hr,Valid
Phora Durbar Kathmandu,PM2.5 - Principal,2024-09-12 09:00 PM,2024,09,12,21,37.3,105,Unhealthy for Sensitive Groups,-15.0,UG/M3,1 Hr,Invalid
Phora Durbar Kathmandu,PM2.5 - Principal,2024-09-12 10:00 PM,2024,09,12,22,25.5,82,Moderate,20.0,UG/M3,1 Hr,Valid
Phora Durbar Kathmandu,PM2.5 - Principal,2024-09-12 11:00 PM,2024,09,12,23,-999.0,-999,N/A,-15.0,UG/M3,1 Hr,Invalid
Phora Durbar Kathmandu,PM2.5 - Principal,2024-09-13 12:00 AM,2024,09,13,00,33.9,97,Moderate,37.0,UG/M3,1 Hr,Valid
Phora Durbar Kathmandu,PM2.5 - Principal,2024-09-13 01:00 AM,2024,09,13,01,24.4,80,Moderate,18.0,UG/M3,1 Hr,Valid
Phora Durbar Kathmandu,PM2.5 - Principal,2024-09-13 02:00 AM,2024,09,13,02,10.6,54,Moderate,-1.0,UG/M3,1 Hr,Valid
Phora Durbar Kathmandu,PM2.5 - Principal,2024-09-13 03:00 AM,2024,09,13,03,24.3,79,Moderate,37.0,UG/M3,1 Hr,Valid
Phora Durbar Kathmandu,PM2.5 - Principal,2024-09-13 04:00 AM,2024,09,13,04,24.3,79,Moderate,-5.0,UG/M3,1 Hr,Invalid
Phora Durbar Kathmandu,PM2.5 - Principal,2024-09-13 05:00 AM,2024,09,13,05,27.4,85,Moderate,29.0,UG/M3,1 Hr,Valid
Phora Durbar Kathmandu,PM2.5 - Principal,2024-09-13 06:00 AM,2024,09,13,06,-999.0,-999,N/A,-15.0,UG/M3,1 Hr,Invalid
Phora Durbar Kathmandu,PM2.5 - Principal,2024-09-13 07:00 AM,2024,09,13,07,31.5,93,Moderate,33.0,UG/M3,1 Hr,Valid
Phora Durbar Kathmandu,PM2.5 - Principal,2024-09-13 08:00 AM,2024,09,13,08,-999.0,-999,N/A,-15.0,UG/M3,1 Hr,Invalid
Phora Durbar Kathmandu,PM2.5 - Principal,2024-09-13 09:00 AM,2024,09,13,09,45.2,125,Unhealthy for Sensitive Groups,50.0,UG/M3,1 Hr,Valid
Phora Durbar Kathmandu,PM2.5 - Principal,2024-09-13 10:00 AM,2024,09,13,10,-999.0,-999,N/A,-14.0,UG/M3,1 Hr,Invalid
Phora Durbar Kathmandu,PM2.5 - Principal,2024-09-13 11:00 AM,2024,09,13,11,46.5,128,Unhealthy for Sensitive Groups,47.0,UG/M3,1 Hr,Valid
Phora Durbar Kathmandu,PM2.5 - Principal,2024-09-13 12:00 PM,2024,09,13,12,-999.0,-999,N/A,-15.0,UG/M3,1 Hr,Invalid
Phora Durbar Kathmandu,PM2.5 - Principal,2024-09-13 01:00 PM,2024,09,13,13,10.1,53,Moderate,-2.0,UG/M3,1 Hr,Valid
Phora Durbar Kathmandu,PM2.5 - Principal,2024-09-13 02:00 PM,2024,09,13,14,25.6,82,Moderate,36.0,UG/M3,1 Hr,Valid
Phora Durbar Kathmandu,PM2.5 - Principal,2024-09-13 03:00 PM,2024,09,13,15,11.6,56,Moderate,0.0,UG/M3,1 Hr,Valid
Phora Durbar Kathmandu,PM2.5 - Principal,2024-09-13 04:00 PM,2024,09,13,16,18.0,68,Moderate,24.0,UG/M3,1 Hr,Valid
Phora Durbar Kathmandu,PM2.5 - Principal,2024-09-13 05:00 PM,2024,09,13,17,21.6,74,Moderate,25.0,UG/M3,1 Hr,Valid
Phora Durbar Kathmandu,PM2.5 - Principal,2024-09-13 06:00 PM,2024,09,13,18,22.8,77,Moderate,24.0,UG/M3,1 Hr,Valid
Phora Durbar Kathmandu,PM2.5 - Principal,2024-09-13 07:00 PM,2024,09,13,19,25.4,81,Moderate,28.0,UG/M3,1 Hr,Valid
Phora Durbar Kathmandu,PM2.5 - Principal,2024-09-13 08:00 PM,2024,09,13,20,58.3,153,Unhealthy,91.0,UG/M3,1 Hr,Valid
Phora Durbar Kathmandu,PM2.5 - Principal,2024-09-13 09:00 PM,2024,09,13,21,37.1,105,Unhealthy for Sensitive Groups,16.0,UG/M3,1 Hr,Valid
Phora Durbar Kathmandu,PM2.5 - Principal,2024-09-13 10:00 PM,2024,09,13,22,18.0,68,Moderate,-1.0,UG/M3,1 Hr,Valid
Phora Durbar Kathmandu,PM2.5 - Principal,2024-09-13 11:00 PM,2024,09,13,23,24.5,80,Moderate,31.0,UG/M3,1 Hr,Valid
Phora Durbar Kathmandu,PM2.5 - Principal,2024-09-14 12:00 AM,2024,09,14,00,27.2,85,Moderate,30.0,UG/M3,1 Hr,Valid
Phora Durbar Kathmandu,PM2.5 - Principal,2024-09-14 01:00 AM,2024,09,14,01,27.1,85,Moderate,27.0,UG/M3,1 Hr,Valid
Phora Durbar Kathmandu,PM2.5 - Principal,2024-09-14 02:00 AM,2024,09,14,02,23.5,78,Moderate,20.0,UG/M3,1 Hr,Valid
Phora Durbar Kathmandu,PM2.5 - Principal,2024-09-14 03:00 AM,2024,09,14,03,21.2,74,Moderate,19.0,UG/M3,1 Hr,Valid
Phora Durbar Kathmandu,PM2.5 - Principal,2024-09-14 04:00 AM,2024,09,14,04,24.1,79,Moderate,27.0,UG/M3,1 Hr,Valid
Phora Durbar Kathmandu,PM2.5 - Principal,2024-09-14 05:00 AM,2024,09,14,05,26.0,82,Moderate,28.0,UG/M3,1 Hr,Valid
Phora Durbar Kathmandu,PM2.5 - Principal,2024-09-14 06:00 AM,2024,09,14,06,24.5,80,Moderate,23.0,UG/M3,1 Hr,Valid
Phora Durbar Kathmandu,PM2.5 - Principal,2024-09-14 07:00 AM,2024,09,14,07,31.2,92,Moderate,38.0,UG/M3,1 Hr,Valid
Phora Durbar Kathmandu,PM2.5 - Principal,2024-09-14 08:00 AM,2024,09,14,08,29.6,89,Moderate,28.0,UG/M3,1 Hr,Valid
Phora Durbar Kathmandu,PM2.5 - Principal,2024-09-14 09:00 AM,2024,09,14,09,31.8,93,Moderate,34.0,UG/M3,1 Hr,Valid
Phora Durbar Kathmandu,PM2.5 - Principal,2024-09-14 10:00 AM,2024,09,14,10,35.9,102,Unhealthy for Sensitive Groups,40.0,UG/M3,1 Hr,Valid
Phora Durbar Kathmandu,PM2.5 - Principal,2024-09-14 11:00 AM,2024,09,14,11,71.9,162,Unhealthy,108.0,UG/M3,1 Hr,Valid
Phora Durbar Kathmandu,PM2.5 - Principal,2024-09-14 12:00 PM,2024,09,14,12,47.9,132,Unhealthy for Sensitive Groups,24.0,UG/M3,1 Hr,Valid
Phora Durbar Kathmandu,PM2.5 - Principal,2024-09-14 01:00 PM,2024,09,14,13,40.4,113,Unhealthy for Sensitive Groups,33.0,UG/M3,1 Hr,Valid
Phora Durbar Kathmandu,PM2.5 - Principal,2024-09-14 02:00 PM,2024,09,14,14,22.2,75,Moderate,4.0,UG/M3,1 Hr,Valid
Phora Durbar Kathmandu,PM2.5 - Principal,2024-09-14 03:00 PM,2024,09,14,15,32.1,94,Moderate,42.0,UG/M3,1 Hr,Valid
Phora Durbar Kathmandu,PM2.5 - Principal,2024-09-14 04:00 PM,2024,09,14,16,32.1,94,Moderate,-7.0,UG/M3,1 Hr,Invalid
Phora Durbar Kathmandu,PM2.5 - Principal,2024-09-14 05:00 PM,2024,09,14,17,-999.0,-999,N/A,-14.0,UG/M3,1 Hr,Invalid
Phora Durbar Kathmandu,PM2.5 - Principal,2024-09-14 06:00 PM,2024,09,14,18,-999.0,-999,N/A,54.0,UG/M3,1 Hr,Valid
Phora Durbar Kathmandu,PM2.5 - Principal,2024-09-14 07:00 PM,2024,09,14,19,32.0,94,Moderate,21.0,UG/M3,1 Hr,Valid
Phora Durbar Kathmandu,PM2.5 - Principal,2024-09-14 08:00 PM,2024,09,14,20,13.2,59,Moderate,-2.0,UG/M3,1 Hr,Valid
Phora Durbar Kathmandu,PM2.5 - Principal,2024-09-14 09:00 PM,2024,09,14,21,45.1,125,Unhealthy for Sensitive Groups,74.0,UG/M3,1 Hr,Valid
Phora Durbar Kathmandu,PM2.5 - Principal,2024-09-14 10:00 PM,2024,09,14,22,19.9,71,Moderate,-4.0,UG/M3,1 Hr,Valid
Phora Durbar Kathmandu,PM2.5 - Principal,2024-09-14 11:00 PM,2024,09,14,23,19.9,71,Moderate,106.0,UG/M3,1 Hr,Invalid
Phora Durbar Kathmandu,PM2.5 - Principal,2024-09-15 12:00 AM,2024,09,15,00,15.2,62,Moderate,13.0,UG/M3,1 Hr,Valid
Phora Durbar Kathmandu,PM2.5 - Principal,2024-09-15 01:00 AM,2024,09,15,01,-999.0,-999,N/A,-11.0,UG/M3,1 Hr,Invalid
Phora Durbar Kathmandu,PM2.5 - Principal,2024-09-15 02:00 AM,2024,09,15,02,55.9,151,Unhealthy,71.0,UG/M3,1 Hr,Valid
Phora Durbar Kathmandu,PM2.5 - Principal,2024-09-15 03:00 AM,2024,09,15,03,29.2,88,Moderate,11.0,UG/M3,1 Hr,Valid
Phora Durbar Kathmandu,PM2.5 - Principal,2024-09-15 04:00 AM,2024,09,15,04,22.6,76,Moderate,17.0,UG/M3,1 Hr,Valid
Phora Durbar Kathmandu,PM2.5 - Principal,2024-09-15 05:00 AM,2024,09,15,05,22.8,77,Moderate,23.0,UG/M3,1 Hr,Valid
Phora Durbar Kathmandu,PM2.5 - Principal,2024-09-15 06:00 AM,2024,09,15,06,24.9,80,Moderate,27.0,UG/M3,1 Hr,Valid
Phora Durbar Kathmandu,PM2.5 - Principal,2024-09-15 07:00 AM,2024,09,15,07,36.0,102,Unhealthy for Sensitive Groups,47.0,UG/M3,1 Hr,Valid
Phora Durbar Kathmandu,PM2.5 - Principal,2024-09-15 08:00 AM,2024,09,15,08,61.6,155,Unhealthy,87.0,UG/M3,1 Hr,Valid
Phora Durbar Kathmandu,PM2.5 - Principal,2024-09-15 09:00 AM,2024,09,15,09,49.8,136,Unhealthy for Sensitive Groups,38.0,UG/M3,1 Hr,Valid
Phora Durbar Kathmandu,PM2.5 - Principal,2024-09-15 10:00 AM,2024,09,15,10,35.8,102,Unhealthy for Sensitive Groups,22.0,UG/M3,1 Hr,Valid
Phora Durbar Kathmandu,PM2.5 - Principal,2024-09-15 11:00 AM,2024,09,15,11,38.4,108,Unhealthy for Sensitive Groups,41.0,UG/M3,1 Hr,Valid
Phora Durbar Kathmandu,PM2.5 - Principal,2024-09-15 12:00 PM,2024,09,15,12,38.4,108,Unhealthy for Sensitive Groups,-15.0,UG/M3,1 Hr,Invalid
Phora Durbar Kathmandu,PM2.5 - Principal,2024-09-15 01:00 PM,2024,09,15,13,-999.0,-999,N/A,-15.0,UG/M3,1 Hr,Invalid
Phora Durbar Kathmandu,PM2.5 - Principal,2024-09-15 02:00 PM,2024,09,15,14,-999.0,-999,N/A,10.0,UG/M3,1 Hr,Valid
Phora Durbar Kathmandu,PM2.5 - Principal,2024-09-15 03:00 PM,2024,09,15,15,15.2,62,Moderate,15.0,UG/M3,1 Hr,Valid
Phora Durbar Kathmandu,PM2.5 - Principal,2024-09-15 04:00 PM,2024,09,15,16,33.8,97,Moderate,49.0,UG/M3,1 Hr,Valid
Phora Durbar Kathmandu,PM2.5 - Principal,2024-09-15 05:00 PM,2024,09,15,17,30.2,90,Moderate,27.0,UG/M3,1 Hr,Valid
Phora Durbar Kathmandu,PM2.5 - Principal,2024-09-15 06:00 PM,2024,09,15,18,30.2,90,Moderate,-15.0,UG/M3,1 Hr,Invalid
Phora Durbar Kathmandu,PM2.5 - Principal,2024-09-15 07:00 PM,2024,09,15,19,35.5,101,Unhealthy for Sensitive Groups,38.0,UG/M3,1 Hr,Valid
Phora Durbar Kathmandu,PM2.5 - Principal,2024-09-15 08:00 PM,2024,09,15,20,24.2,79,Moderate,16.0,UG/M3,1 Hr,Valid
Phora Durbar Kathmandu,PM2.5 - Principal,2024-09-15 09:00 PM,2024,09,15,21,21.9,75,Moderate,20.0,UG/M3,1 Hr,Valid
Phora Durbar Kathmandu,PM2.5 - Principal,2024-09-15 10:00 PM,2024,09,15,22,21.9,75,Moderate,-15.0,UG/M3,1 Hr,Invalid
Phora Durbar Kathmandu,PM2.5 - Principal,2024-09-15 11:00 PM,2024,09,15,23,29.4,89,Moderate,33.0,UG/M3,1 Hr,Valid
Phora Durbar Kathmandu,PM2.5 - Principal,2024-09-16 12:00 AM,2024,09,16,00,-999.0,-999,N/A,-15.0,UG/M3,1 Hr,Invalid
Phora Durbar Kathmandu,PM2.5 - Principal,2024-09-16 01:00 AM,2024,09,16,01,102.3,184,Unhealthy,129.0,UG/M3,1 Hr,Valid
Phora Durbar Kathmandu,PM2.5 - Principal,2024-09-16 02:00 AM,2024,09,16,02,-999.0,-999,N/A,-15.0,UG/M3,1 Hr,Invalid
Phora Durbar Kathmandu,PM2.5 - Principal,2024-09-16 03:00 AM,2024,09,16,03,43.9,122,Unhealthy for Sensitive Groups,24.0,UG/M3,1 Hr,Valid
Phora Durbar Kathmandu,PM2.5 - Principal,2024-09-16 04:00 AM,2024,09,16,04,25.4,81,Moderate,13.0,UG/M3,1 Hr,Valid
Phora Durbar Kathmandu,PM2.5 - Principal,2024-09-16 05:00 AM,2024,09,16,05,35.0,99,Moderate,43.0,UG/M3,1 Hr,Valid
Phora Durbar Kathmandu,PM2.5 - Principal,2024-09-16 06:00 AM,2024,09,16,06,28.7,88,Moderate,23.0,UG/M3,1 Hr,Valid
Phora Durbar Kathmandu,PM2.5 - Principal,2024-09-16 07:00 AM,2024,09,16,07,24.7,80,Moderate,21.0,UG/M3,1 Hr,Valid
Phora Durbar Kathmandu,PM2.5 - Principal,2024-09-16 08:00 AM,2024,09,16,08,26.9,84,Moderate,29.0,UG/M3,1 Hr,Valid
Phora Durbar Kathmandu,PM2.5 - Principal,2024-09-16 09:00 AM,2024,09,16,09,26.9,84,Moderate,-15.0,UG/M3,1 Hr,Invalid
Phora Durbar Kathmandu,PM2.5 - Principal,2024-09-16 10:00 AM,2024,09,16,10,35.0,99,Moderate,39.0,UG/M3,1 Hr,Valid
Phora Durbar Kathmandu,PM2.5 - Principal,2024-09-16 11:00 AM,2024,09,16,11,15.5,63,Moderate,1.0,UG/M3,1 Hr,Valid
Phora Durbar Kathmandu,PM2.5 - Principal,2024-09-16 12:00 PM,2024,09,16,12,38.7,109,Unhealthy for Sensitive Groups,59.0,UG/M3,1 Hr,Valid
Phora Durbar Kathmandu,PM2.5 - Principal,2024-09-16 01:00 PM,2024,09,16,13,38.7,109,Unhealthy for Sensitive Groups,-15.0,UG/M3,1 Hr,Invalid
Phora Durbar Kathmandu,PM2.5 - Principal,2024-09-16 02:00 PM,2024,09,16,14,11.6,56,Moderate,-1.0,UG/M3,1 Hr,Valid
Phora Durbar Kathmandu,PM2.5 - Principal,2024-09-16 03:00 PM,2024,09,16,15,21.0,73,Moderate,28.0,UG/M3,1 Hr,Valid
Phora Durbar Kathmandu,PM2.5 - Principal,2024-09-16 04:00 PM,2024,09,16,16,23.7,78,Moderate,26.0,UG/M3,1 Hr,Valid
Phora Durbar Kathmandu,PM2.5 - Principal,2024-09-16 05:00 PM,2024,09,16,17,61.6,155,Unhealthy,97.0,UG/M3,1 Hr,Valid
Phora Durbar Kathmandu,PM2.5 - Principal,2024-09-16 06:00 PM,2024,09,16,18,61.6,155,Unhealthy,-15.0,UG/M3,1 Hr,Invalid
Phora Durbar Kathmandu,PM2.5 - Principal,2024-09-16 07:00 PM,2024,09,16,19,-999.0,-999,N/A,-15.0,UG/M3,1 Hr,Invalid
Phora Durbar Kathmandu,PM2.5 - Principal,2024-09-16 08:00 PM,2024,09,16,20,-999.0,-999,N/A,45.0,UG/M3,1 Hr,Valid
Phora Durbar Kathmandu,PM2.5 - Principal,2024-09-16 09:00 PM,2024,09,16,21,27.7,86,Moderate,15.0,UG/M3,1 Hr,Valid
Phora Durbar Kathmandu,PM2.5 - Principal,2024-09-16 10:00 PM,2024,09,16,22,30.6,91,Moderate,33.0,UG/M3,1 Hr,Valid
Phora Durbar Kathmandu,PM2.5 - Principal,2024-09-16 11:00 PM,2024,09,16,23,26.1,83,Moderate,22.0,UG/M3,1 Hr,Valid
Phora Durbar Kathmandu,PM2.5 - Principal,2024-09-17 12:00 AM,2024,09,17,00,15.2,62,Moderate,5.0,UG/M3,1 Hr,Valid
Phora Durbar Kathmandu,PM2.5 - Principal,2024-09-17 01:00 AM,2024,09,17,01,39.4,111,Unhealthy for Sensitive Groups,63.0,UG/M3,1 Hr,Valid
Phora Durbar Kathmandu,PM2.5 - Principal,2024-09-17 02:00 AM,2024,09,17,02,38.7,109,Unhealthy for Sensitive Groups,38.0,UG/M3,1 Hr,Valid
Phora Durbar Kathmandu,PM2.5 - Principal,2024-09-17 03:00 AM,2024,09,17,03,29.3,89,Moderate,20.0,UG/M3,1 Hr,Valid
Phora Durbar Kathmandu,PM2.5 - Principal,2024-09-17 04:00 AM,2024,09,17,04,55.2,150,Unhealthy for Sensitive Groups,81.0,UG/M3,1 Hr,Valid
Phora Durbar Kathmandu,PM2.5 - Principal,2024-09-17 05:00 AM,2024,09,17,05,38.5,108,Unhealthy for Sensitive Groups,22.0,UG/M3,1 Hr,Valid
Phora Durbar Kathmandu,PM2.5 - Principal,2024-09-17 06:00 AM,2024,09,17,06,35.7,101,Unhealthy for Sensitive Groups,33.0,UG/M3,1 Hr,Valid
Phora Durbar Kathmandu,PM2.5 - Principal,2024-09-17 07:00 AM,2024,09,17,07,28.3,87,Moderate,21.0,UG/M3,1 Hr,Valid
Phora Durbar Kathmandu,PM2.5 - Principal,2024-09-17 08:00 AM,2024,09,17,08,27.6,85,Moderate,27.0,UG/M3,1 Hr,Valid
Phora Durbar Kathmandu,PM2.5 - Principal,2024-09-17 09:00 AM,2024,09,17,09,29.3,89,Moderate,31.0,UG/M3,1 Hr,Valid
Phora Durbar Kathmandu,PM2.5 - Principal,2024-09-17 10:00 AM,2024,09,17,10,33.6,97,Moderate,38.0,UG/M3,1 Hr,Valid
Phora Durbar Kathmandu,PM2.5 - Principal,2024-09-17 11:00 AM,2024,09,17,11,29.8,90,Moderate,26.0,UG/M3,1 Hr,Valid
Phora Durbar Kathmandu,PM2.5 - Principal,2024-09-17 12:00 PM,2024,09,17,12,27.4,85,Moderate,25.0,UG/M3,1 Hr,Valid
Phora Durbar Kathmandu,PM2.5 - Principal,2024-09-17 01:00 PM,2024,09,17,13,14.2,61,Moderate,1.0,UG/M3,1 Hr,Valid
Phora Durbar Kathmandu,PM2.5 - Principal,2024-09-17 02:00 PM,2024,09,17,14,31.6,93,Moderate,49.0,UG/M3,1 Hr,Valid
Phora Durbar Kathmandu,PM2.5 - Principal,2024-09-17 03:00 PM,2024,09,17,15,19.8,71,Moderate,8.0,UG/M3,1 Hr,Valid
Phora Durbar Kathmandu,PM2.5 - Principal,2024-09-17 04:00 PM,2024,09,17,16,43.3,120,Unhealthy for Sensitive Groups,67.0,UG/M3,1 Hr,Valid
Phora Durbar Kathmandu,PM2.5 - Principal,2024-09-17 05:00 PM,2024,09,17,17,35.1,99,Moderate,27.0,UG/M3,1 Hr,Valid
Phora Durbar Kathmandu,PM2.5 - Principal,2024-09-17 06:00 PM,2024,09,17,18,18.0,68,Moderate,1.0,UG/M3,1 Hr,Valid
Phora Durbar Kathmandu,PM2.5 - Principal,2024-09-17 07:00 PM,2024,09,17,19,26.5,83,Moderate,35.0,UG/M3,1 Hr,Valid
Phora Durbar Kathmandu,PM2.5 - Principal,2024-09-17 08:00 PM,2024,09,17,20,26.5,83,Moderate,-15.0,UG/M3,1 Hr,Invalid
Phora Durbar Kathmandu,PM2.5 - Principal,2024-09-17 09:00 PM,2024,09,17,21,26.1,83,Moderate,26.0,UG/M3,1 Hr,Valid
Phora Durbar Kathmandu,PM2.5 - Principal,2024-09-17 10:00 PM,2024,09,17,22,14.6,61,Moderate,6.0,UG/M3,1 Hr,Valid
Phora Durbar Kathmandu,PM2.5 - Principal,2024-09-17 11:00 PM,2024,09,17,23,22.3,76,Moderate,29.0,UG/M3,1 Hr,Valid
Phora Durbar Kathmandu,PM2.5 - Principal,2024-09-18 12:00 AM,2024,09,18,00,22.3,76,Moderate,-15.0,UG/M3,1 Hr,Invalid
Phora Durbar Kathmandu,PM2.5 - Principal,2024-09-18 01:00 AM,2024,09,18,01,73.1,163,Unhealthy,97.0,UG/M3,1 Hr,Valid
Phora Durbar Kathmandu,PM2.5 - Principal,2024-09-18 02:00 AM,2024,09,18,02,45.9,127,Unhealthy for Sensitive Groups,26.0,UG/M3,1 Hr,Valid
Phora Durbar Kathmandu,PM2.5 - Principal,2024-09-18 03:00 AM,2024,09,18,03,20.8,73,Moderate,-1.0,UG/M3,1 Hr,Valid
Phora Durbar Kathmandu,PM2.5 - Principal,2024-09-18 04:00 AM,2024,09,18,04,24.5,80,Moderate,28.0,UG/M3,1 Hr,Valid
Phora Durbar Kathmandu,PM2.5 - Principal,2024-09-18 05:00 AM,2024,09,18,05,30.3,90,Moderate,36.0,UG/M3,1 Hr,Valid
Phora Durbar Kathmandu,PM2.5 - Principal,2024-09-18 06:00 AM,2024,09,18,06,26.1,83,Moderate,22.0,UG/M3,1 Hr,Valid
Phora Durbar Kathmandu,PM2.5 - Principal,2024-09-18 07:00 AM,2024,09,18,07,30.0,90,Moderate,34.0,UG/M3,1 Hr,Valid
Phora Durbar Kathmandu,PM2.5 - Principal,2024-09-18 08:00 AM,2024,09,18,08,41.0,115,Unhealthy for Sensitive Groups,52.0,UG/M3,1 Hr,Valid
Phora Durbar Kathmandu,PM2.5 - Principal,2024-09-18 09:00 AM,2024,09,18,09,18.5,69,Moderate,-4.0,UG/M3,1 Hr,Valid
Phora Durbar Kathmandu,PM2.5 - Principal,2024-09-18 10:00 AM,2024,09,18,10,28.2,87,Moderate,38.0,UG/M3,1 Hr,Valid
Phora Durbar Kathmandu,PM2.5 - Principal,2024-09-18 11:00 AM,2024,09,18,11,28.2,87,Moderate,-15.0,UG/M3,1 Hr,Invalid
Phora Durbar Kathmandu,PM2.5 - Principal,2024-09-18 12:00 PM,2024,09,18,12,-999.0,-999,N/A,-15.0,UG/M3,1 Hr,Invalid
Phora Durbar Kathmandu,PM2.5 - Principal,2024-09-18 01:00 PM,2024,09,18,13,-999.0,-999,N/A,49.0,UG/M3,1 Hr,Valid
Phora Durbar Kathmandu,PM2.5 - Principal,2024-09-18 02:00 PM,2024,09,18,14,17.2,66,Moderate,0.0,UG/M3,1 Hr,Valid
Phora Durbar Kathmandu,PM2.5 - Principal,2024-09-18 03:00 PM,2024,09,18,15,17.2,66,Moderate,158.0,UG/M3,1 Hr,Invalid
Phora Durbar Kathmandu,PM2.5 - Principal,2024-09-18 04:00 PM,2024,09,18,16,3.5,19,Good,-2.0,UG/M3,1 Hr,Valid
Phora Durbar Kathmandu,PM2.5 - Principal,2024-09-18 05:00 PM,2024,09,18,17,-999.0,-999,N/A,111.0,UG/M3,1 Hr,Invalid
Phora Durbar Kathmandu,PM2.5 - Principal,2024-09-18 06:00 PM,2024,09,18,18,25.3,81,Moderate,33.0,UG/M3,1 Hr,Valid
Phora Durbar Kathmandu,PM2.5 - Principal,2024-09-18 07:00 PM,2024,09,18,19,19.1,70,Moderate,15.0,UG/M3,1 Hr,Valid
Phora Durbar Kathmandu,PM2.5 - Principal,2024-09-18 08:00 PM,2024,09,18,20,17.4,66,Moderate,16.0,UG/M3,1 Hr,Valid
Phora Durbar Kathmandu,PM2.5 - Principal,2024-09-18 09:00 PM,2024,09,18,21,22.9,77,Moderate,28.0,UG/M3,1 Hr,Valid
Phora Durbar Kathmandu,PM2.5 - Principal,2024-09-18 10:00 PM,2024,09,18,22,22.9,77,Moderate,23.0,UG/M3,1 Hr,Valid
Phora Durbar Kathmandu,PM2.5 - Principal,2024-09-18 11:00 PM,2024,09,18,23,22.9,77,Moderate,-15.0,UG/M3,1 Hr,Invalid
Phora Durbar Kathmandu,PM2.5 - Principal,2024-09-19 12:00 AM,2024,09,19,00,43.1,120,Unhealthy for Sensitive Groups,53.0,UG/M3,1 Hr,Valid
Phora Durbar Kathmandu,PM2.5 - Principal,2024-09-19 01:00 AM,2024,09,19,01,41.9,117,Unhealthy for Sensitive Groups,41.0,UG/M3,1 Hr,Valid
Phora Durbar Kathmandu,PM2.5 - Principal,2024-09-19 02:00 AM,2024,09,19,02,17.9,67,Moderate,-3.0,UG/M3,1 Hr,Valid
Phora Durbar Kathmandu,PM2.5 - Principal,2024-09-19 03:00 AM,2024,09,19,03,18.4,68,Moderate,19.0,UG/M3,1 Hr,Valid
Phora Durbar Kathmandu,PM2.5 - Principal,2024-09-19 04:00 AM,2024,09,19,04,26.3,83,Moderate,34.0,UG/M3,1 Hr,Valid
Phora Durbar Kathmandu,PM2.5 - Principal,2024-09-19 05:00 AM,2024,09,19,05,14.5,61,Moderate,3.0,UG/M3,1 Hr,Valid
Phora Durbar Kathmandu,PM2.5 - Principal,2024-09-19 06:00 AM,2024,09,19,06,67.5,159,Unhealthy,120.0,UG/M3,1 Hr,Valid
Phora Durbar Kathmandu,PM2.5 - Principal,2024-09-19 07:00 AM,2024,09,19,07,54.7,148,Unhealthy for Sensitive Groups,42.0,UG/M3,1 Hr,Valid
Phora Durbar Kathmandu,PM2.5 - Principal,2024-09-19 08:00 AM,2024,09,19,08,54.7,148,Unhealthy for Sensitive Groups,-15.0,UG/M3,1 Hr,Invalid
Phora Durbar Kathmandu,PM2.5 - Principal,2024-09-19 09:00 AM,2024,09,19,09,52.2,142,Unhealthy for Sensitive Groups,51.0,UG/M3,1 Hr,Valid
Phora Durbar Kathmandu,PM2.5 - Principal,2024-09-19 10:00 AM,2024,09,19,10,49.2,135,Unhealthy for Sensitive Groups,47.0,UG/M3,1 Hr,Valid
Phora Durbar Kathmandu,PM2.5 - Principal,2024-09-19 11:00 AM,2024,09,19,11,34.7,99,Moderate,22.0,UG/M3,1 Hr,Valid
Phora Durbar Kathmandu,PM2.5 - Principal,2024-09-19 12:00 PM,2024,09,19,12,17.8,67,Moderate,2.0,UG/M3,1 Hr,Valid
Phora Durbar Kathmandu,PM2.5 - Principal,2024-09-19 01:00 PM,2024,09,19,13,27.5,85,Moderate,37.0,UG/M3,1 Hr,Valid
Phora Durbar Kathmandu,PM2.5 - Principal,2024-09-19 02:00 PM,2024,09,19,14,14.6,61,Moderate,2.0,UG/M3,1 Hr,Valid
Phora Durbar Kathmandu,PM2.5 - Principal,2024-09-19 03:00 PM,2024,09,19,15,18.3,68,Moderate,22.0,UG/M3,1 Hr,Valid
Phora Durbar Kathmandu,PM2.5 - Principal,2024-09-19 04:00 PM,2024,09,19,16,11.6,56,Moderate,5.0,UG/M3,1 Hr,Valid
Phora Durbar Kathmandu,PM2.5 - Principal,2024-09-19 05:00 PM,2024,09,19,17,19.8,71,Moderate,28.0,UG/M3,1 Hr,Valid
Phora Durbar Kathmandu,PM2.5 - Principal,2024-09-19 06:00 PM,2024,09,19,18,20.4,72,Moderate,21.0,UG/M3,1 Hr,Valid
Phora Durbar Kathmandu,PM2.5 - Principal,2024-09-19 07:00 PM,2024,09,19,19,25.7,82,Moderate,31.0,UG/M3,1 Hr,Valid
Phora Durbar Kathmandu,PM2.5 - Principal,2024-09-19 08:00 PM,2024,09,19,20,25.7,82,Moderate,-15.0,UG/M3,1 Hr,Invalid
Phora Durbar Kathmandu,PM2.5 - Principal,2024-09-19 09:00 PM,2024,09,19,21,45.9,127,Unhealthy for Sensitive Groups,56.0,UG/M3,1 Hr,Valid
Phora Durbar Kathmandu,PM2.5 - Principal,2024-09-19 10:00 PM,2024,09,19,22,63.1,156,Unhealthy,76.0,UG/M3,1 Hr,Valid
Phora Durbar Kathmandu,PM2.5 - Principal,2024-09-19 11:00 PM,2024,09,19,23,63.1,156,Unhealthy,-10.0,UG/M3,1 Hr,Invalid
Phora Durbar Kathmandu,PM2.5 - Principal,2024-09-20 12:00 AM,2024,09,20,00,49.8,136,Unhealthy for Sensitive Groups,44.0,UG/M3,1 Hr,Valid
Phora Durbar Kathmandu,PM2.5 - Principal,2024-09-20 01:00 AM,2024,09,20,01,34.2,98,Moderate,23.0,UG/M3,1 Hr,Valid
Phora Durbar Kathmandu,PM2.5 - Principal,2024-09-20 02:00 AM,2024,09,20,02,29.2,88,Moderate,25.0,UG/M3,1 Hr,Valid
Phora Durbar Kathmandu,PM2.5 - Principal,2024-09-20 03:00 AM,2024,09,20,03,28.6,87,Moderate,28.0,UG/M3,1 Hr,Valid
Phora Durbar Kathmandu,PM2.5 - Principal,2024-09-20 04:00 AM,2024,09,20,04,41.5,116,Unhealthy for Sensitive Groups,54.0,UG/M3,1 Hr,Valid
Phora Durbar Kathmandu,PM2.5 - Principal,2024-09-20 05:00 AM,2024,09,20,05,41.5,116,Unhealthy for Sensitive Groups,-15.0,UG/M3,1 Hr,Invalid
Phora Durbar Kathmandu,PM2.5 - Principal,2024-09-20 06:00 AM,2024,09,20,06,25.7,82,Moderate,18.0,UG/M3,1 Hr,Valid
Phora Durbar Kathmandu,PM2.5 - Principal,2024-09-20 07:00 AM,2024,09,20,07,24.7,80,Moderate,24.0,UG/M3,1 Hr,Valid
Phora Durbar Kathmandu,PM2.5 - Principal,2024-09-20 08:00 AM,2024,09,20,08,33.4,96,Moderate,41.0,UG/M3,1 Hr,Valid
Phora Durbar Kathmandu,PM2.5 - Principal,2024-09-20 09:00 AM,2024,09,20,09,33.4,96,Moderate,-15.0,UG/M3,1 Hr,Invalid
Phora Durbar Kathmandu,PM2.5 - Principal,2024-09-20 10:00 AM,2024,09,20,10,35.8,102,Unhealthy for Sensitive Groups,37.0,UG/M3,1 Hr,Valid
Phora Durbar Kathmandu,PM2.5 - Principal,2024-09-20 11:00 AM,2024,09,20,11,90.1,175,Unhealthy,130.0,UG/M3,1 Hr,Valid
Phora Durbar Kathmandu,PM2.5 - Principal,2024-09-20 12:00 PM,2024,09,20,12,61.6,155,Unhealthy,37.0,UG/M3,1 Hr,Valid
Phora Durbar Kathmandu,PM2.5 - Principal,2024-09-20 01:00 PM,2024,09,20,13,44.7,124,Unhealthy for Sensitive Groups,29.0,UG/M3,1 Hr,Valid
Phora Durbar Kathmandu,PM2.5 - Principal,2024-09-20 02:00 PM,2024,09,20,14,30.6,91,Moderate,17.0,UG/M3,1 Hr,Valid
Phora Durbar Kathmandu,PM2.5 - Principal,2024-09-20 03:00 PM,2024,09,20,15,30.6,91,Moderate,-15.0,UG/M3,1 Hr,Invalid
Phora Durbar Kathmandu,PM2.5 - Principal,2024-09-20 04:00 PM,2024,09,20,16,46.9,129,Unhealthy for Sensitive Groups,55.0,UG/M3,1 Hr,Valid
Phora Durbar Kathmandu,PM2.5 - Principal,2024-09-20 05:00 PM,2024,09,20,17,33.2,96,Moderate,23.0,UG/M3,1 Hr,Valid
Phora Durbar Kathmandu,PM2.5 - Principal,2024-09-20 06:00 PM,2024,09,20,18,44.3,123,Unhealthy for Sensitive Groups,54.0,UG/M3,1 Hr,Valid
Phora Durbar Kathmandu,PM2.5 - Principal,2024-09-20 07:00 PM,2024,09,20,19,51.3,140,Unhealthy for Sensitive Groups,58.0,UG/M3,1 Hr,Valid
Phora Durbar Kathmandu,PM2.5 - Principal,2024-09-20 08:00 PM,2024,09,20,20,45.6,126,Unhealthy for Sensitive Groups,40.0,UG/M3,1 Hr,Valid
Phora Durbar Kathmandu,PM2.5 - Principal,2024-09-20 09:00 PM,2024,09,20,21,45.6,126,Unhealthy for Sensitive Groups,-15.0,UG/M3,1 Hr,Invalid
Phora Durbar Kathmandu,PM2.5 - Principal,2024-09-20 10:00 PM,2024,09,20,22,42.5,118,Unhealthy for Sensitive Groups,41.0,UG/M3,1 Hr,Valid
Phora Durbar Kathmandu,PM2.5 - Principal,2024-09-20 11:00 PM,2024,09,20,23,-999.0,-999,N/A,-15.0,UG/M3,1 Hr,Invalid
Phora Durbar Kathmandu,PM2.5 - Principal,2024-09-21 12:00 AM,2024,09,21,00,39.2,110,Unhealthy for Sensitive Groups,38.0,UG/M3,1 Hr,Valid
Phora Durbar Kathmandu,PM2.5 - Principal,2024-09-21 01:00 AM,2024,09,21,01,37.3,105,Unhealthy for Sensitive Groups,36.0,UG/M3,1 Hr,Valid
Phora Durbar Kathmandu,PM2.5 - Principal,2024-09-21 02:00 AM,2024,09,21,02,37.3,105,Unhealthy for Sensitive Groups,-15.0,UG/M3,1 Hr,Invalid
Phora Durbar Kathmandu,PM2.5 - Principal,2024-09-21 03:00 AM,2024,09,21,03,42.7,119,Unhealthy for Sensitive Groups,45.0,UG/M3,1 Hr,Valid
Phora Durbar Kathmandu,PM2.5 - Principal,2024-09-21 04:00 AM,2024,09,21,04,33.5,96,Moderate,27.0,UG/M3,1 Hr,Valid
Phora Durbar Kathmandu,PM2.5 - Principal,2024-09-21 05:00 AM,2024,09,21,05,14.9,62,Moderate,-1.0,UG/M3,1 Hr,Valid
Phora Durbar Kathmandu,PM2.5 - Principal,2024-09-21 06:00 AM,2024,09,21,06,24.8,80,Moderate,34.0,UG/M3,1 Hr,Valid
Phora Durbar Kathmandu,PM2.5 - Principal,2024-09-21 07:00 AM,2024,09,21,07,18.7,69,Moderate,13.0,UG/M3,1 Hr,Valid
Phora Durbar Kathmandu,PM2.5 - Principal,2024-09-21 08:00 AM,2024,09,21,08,18.7,69,Moderate,-12.0,UG/M3,1 Hr,Invalid
Phora Durbar Kathmandu,PM2.5 - Principal,2024-09-21 09:00 AM,2024,09,21,09,29.6,89,Moderate,35.0,UG/M3,1 Hr,Valid
Phora Durbar Kathmandu,PM2.5 - Principal,2024-09-21 10:00 AM,2024,09,21,10,15.5,63,Moderate,5.0,UG/M3,1 Hr,Valid
Phora Durbar Kathmandu,PM2.5 - Principal,2024-09-21 11:00 AM,2024,09,21,11,38.7,109,Unhealthy for Sensitive Groups,59.0,UG/M3,1 Hr,Valid
Phora Durbar Kathmandu,PM2.5 - Principal,2024-09-21 12:00 PM,2024,09,21,12,38.7,109,Unhealthy for Sensitive Groups,-15.0,UG/M3,1 Hr,Invalid
Phora Durbar Kathmandu,PM2.5 - Principal,2024-09-21 01:00 PM,2024,09,21,13,36.8,104,Unhealthy for Sensitive Groups,36.0,UG/M3,1 Hr,Valid
Phora Durbar Kathmandu,PM2.5 - Principal,2024-09-21 02:00 PM,2024,09,21,14,13.3,59,Moderate,-4.0,UG/M3,1 Hr,Valid
Phora Durbar Kathmandu,PM2.5 - Principal,2024-09-21 03:00 PM,2024,09,21,15,4.5,25,Good,-3.0,UG/M3,1 Hr,Valid
Phora Durbar Kathmandu,PM2.5 - Principal,2024-09-21 04:00 PM,2024,09,21,16,14.6,61,Moderate,24.0,UG/M3,1 Hr,Valid
Phora Durbar Kathmandu,PM2.5 - Principal,2024-09-21 05:00 PM,2024,09,21,17,20.4,72,Moderate,26.0,UG/M3,1 Hr,Valid
Phora Durbar Kathmandu,PM2.5 - Principal,2024-09-21 06:00 PM,2024,09,21,18,24.2,79,Moderate,28.0,UG/M3,1 Hr,Valid
Phora Durbar Kathmandu,PM2.5 - Principal,2024-09-21 07:00 PM,2024,09,21,19,36.6,104,Unhealthy for Sensitive Groups,49.0,UG/M3,1 Hr,Valid
Phora Durbar Kathmandu,PM2.5 - Principal,2024-09-21 08:00 PM,2024,09,21,20,26.3,83,Moderate,16.0,UG/M3,1 Hr,Valid
Phora Durbar Kathmandu,PM2.5 - Principal,2024-09-21 09:00 PM,2024,09,21,21,35.1,99,Moderate,44.0,UG/M3,1 Hr,Valid
Phora Durbar Kathmandu,PM2.5 - Principal,2024-09-21 10:00 PM,2024,09,21,22,66.6,159,Unhealthy,98.0,UG/M3,1 Hr,Valid
Phora Durbar Kathmandu,PM2.5 - Principal,2024-09-21 11:00 PM,2024,09,21,23,44.2,122,Unhealthy for Sensitive Groups,22.0,UG/M3,1 Hr,Valid
Phora Durbar Kathmandu,PM2.5 - Principal,2024-09-22 12:00 AM,2024,09,22,00,58.6,153,Unhealthy,73.0,UG/M3,1 Hr,Valid
Phora Durbar Kathmandu,PM2.5 - Principal,2024-09-22 01:00 AM,2024,09,22,01,58.6,153,Unhealthy,-15.0,UG/M3,1 Hr,Invalid
Phora Durbar Kathmandu,PM2.5 - Principal,2024-09-22 02:00 AM,2024,09,22,02,38.8,109,Unhealthy for Sensitive Groups,29.0,UG/M3,1 Hr,Valid
Phora Durbar Kathmandu,PM2.5 - Principal,2024-09-22 03:00 AM,2024,09,22,03,30.9,92,Moderate,25.0,UG/M3,1 Hr,Valid
Phora Durbar Kathmandu,PM2.5 - Principal,2024-09-22 04:00 AM,2024,09,22,04,34.1,98,Moderate,37.0,UG/M3,1 Hr,Valid
Phora Durbar Kathmandu,PM2.5 - Principal,2024-09-22 05:00 AM,2024,09,22,05,24.2,79,Moderate,15.0,UG/M3,1 Hr,Valid
Phora Durbar Kathmandu,PM2.5 - Principal,2024-09-22 06:00 AM,2024,09,22,06,37.8,107,Unhealthy for Sensitive Groups,51.0,UG/M3,1 Hr,Valid
Phora Durbar Kathmandu,PM2.5 - Principal,2024-09-22 07:00 AM,2024,09,22,07,37.8,107,Unhealthy for Sensitive Groups,-15.0,UG/M3,1 Hr,Invalid
Phora Durbar Kathmandu,PM2.5 - Principal,2024-09-22 08:00 AM,2024,09,22,08,36.6,104,Unhealthy for Sensitive Groups,36.0,UG/M3,1 Hr,Valid
Phora Durbar Kathmandu,PM2.5 - Principal,2024-09-22 09:00 AM,2024,09,22,09,75.7,165,Unhealthy,105.0,UG/M3,1 Hr,Valid
Phora Durbar Kathmandu,PM2.5 - Principal,2024-09-22 10:00 AM,2024,09,22,10,52.4,143,Unhealthy for Sensitive Groups,32.0,UG/M3,1 Hr,Valid
Phora Durbar Kathmandu,PM2.5 - Principal,2024-09-22 11:00 AM,2024,09,22,11,63.5,157,Unhealthy,74.0,UG/M3,1 Hr,Valid
Phora Durbar Kathmandu,PM2.5 - Principal,2024-09-22 12:00 PM,2024,09,22,12,47.5,131,Unhealthy for Sensitive Groups,32.0,UG/M3,1 Hr,Valid
Phora Durbar Kathmandu,PM2.5 - Principal,2024-09-22 01:00 PM,2024,09,22,13,59.3,154,Unhealthy,71.0,UG/M3,1 Hr,Valid
Phora Durbar Kathmandu,PM2.5 - Principal,2024-09-22 02:00 PM,2024,09,22,14,41.1,115,Unhealthy for Sensitive Groups,23.0,UG/M3,1 Hr,Valid
Phora Durbar Kathmandu,PM2.5 - Principal,2024-09-22 03:00 PM,2024,09,22,15,31.0,92,Moderate,21.0,UG/M3,1 Hr,Valid
Phora Durbar Kathmandu,PM2.5 - Principal,2024-09-22 04:00 PM,2024,09,22,16,29.0,88,Moderate,27.0,UG/M3,1 Hr,Valid
Phora Durbar Kathmandu,PM2.5 - Principal,2024-09-22 05:00 PM,2024,09,22,17,62.5,156,Unhealthy,96.0,UG/M3,1 Hr,Valid
Phora Durbar Kathmandu,PM2.5 - Principal,2024-09-22 06:00 PM,2024,09,22,18,50.2,137,Unhealthy for Sensitive Groups,38.0,UG/M3,1 Hr,Valid
Phora Durbar Kathmandu,PM2.5 - Principal,2024-09-22 07:00 PM,2024,09,22,19,93.1,177,Unhealthy,136.0,UG/M3,1 Hr,Valid
Phora Durbar Kathmandu,PM2.5 - Principal,2024-09-22 08:00 PM,2024,09,22,20,93.1,177,Unhealthy,-5.0,UG/M3,1 Hr,Invalid
Phora Durbar Kathmandu,PM2.5 - Principal,2024-09-22 09:00 PM,2024,09,22,21,50.3,137,Unhealthy for Sensitive Groups,29.0,UG/M3,1 Hr,Valid
Phora Durbar Kathmandu,PM2.5 - Principal,2024-09-22 10:00 PM,2024,09,22,22,55.3,150,Unhealthy for Sensitive Groups,59.0,UG/M3,1 Hr,Valid
Phora Durbar Kathmandu,PM2.5 - Principal,2024-09-22 11:00 PM,2024,09,22,23,33.8,97,Moderate,15.0,UG/M3,1 Hr,Valid
Phora Durbar Kathmandu,PM2.5 - Principal,2024-09-23 12:00 AM,2024,09,23,00,46.8,129,Unhealthy for Sensitive Groups,59.0,UG/M3,1 Hr,Valid
Phora Durbar Kathmandu,PM2.5 - Principal,2024-09-23 01:00 AM,2024,09,23,01,40.2,113,Unhealthy for Sensitive Groups,34.0,UG/M3,1 Hr,Valid
Phora Durbar Kathmandu,PM2.5 - Principal,2024-09-23 02:00 AM,2024,09,23,02,40.3,113,Unhealthy for Sensitive Groups,-15.0,UG/M3,1 Hr,Invalid
Phora Durbar Kathmandu,PM2.5 - Principal,2024-09-23 03:00 AM,2024,09,23,03,-999.0,-999,N/A,-15.0,UG/M3,1 Hr,Invalid
Phora Durbar Kathmandu,PM2.5 - Principal,2024-09-23 04:00 AM,2024,09,23,04,-999.0,-999,N/A,105.0,UG/M3,1 Hr,Valid
Phora Durbar Kathmandu,PM2.5 - Principal,2024-09-23 05:00 AM,2024,09,23,05,72.9,163,Unhealthy,61.0,UG/M3,1 Hr,Valid
Phora Durbar Kathmandu,PM2.5 - Principal,2024-09-23 06:00 AM,2024,09,23,06,30.4,91,Moderate,-4.0,UG/M3,1 Hr,Valid
Phora Durbar Kathmandu,PM2.5 - Principal,2024-09-23 07:00 AM,2024,09,23,07,36.5,103,Unhealthy for Sensitive Groups,42.0,UG/M3,1 Hr,Valid
Phora Durbar Kathmandu,PM2.5 - Principal,2024-09-23 08:00 AM,2024,09,23,08,29.5,89,Moderate,23.0,UG/M3,1 Hr,Valid
Phora Durbar Kathmandu,PM2.5 - Principal,2024-09-23 09:00 AM,2024,09,23,09,38.4,108,Unhealthy for Sensitive Groups,47.0,UG/M3,1 Hr,Valid
Phora Durbar Kathmandu,PM2.5 - Principal,2024-09-23 10:00 AM,2024,09,23,10,60.3,154,Unhealthy,82.0,UG/M3,1 Hr,Valid
Phora Durbar Kathmandu,PM2.5 - Principal,2024-09-23 11:00 AM,2024,09,23,11,45.6,126,Unhealthy for Sensitive Groups,31.0,UG/M3,1 Hr,Valid
Phora Durbar Kathmandu,PM2.5 - Principal,2024-09-23 12:00 PM,2024,09,23,12,54.3,147,Unhealthy for Sensitive Groups,63.0,UG/M3,1 Hr,Valid
Phora Durbar Kathmandu,PM2.5 - Principal,2024-09-23 01:00 PM,2024,09,23,13,36.1,102,Unhealthy for Sensitive Groups,18.0,UG/M3,1 Hr,Valid
Phora Durbar Kathmandu,PM2.5 - Principal,2024-09-23 02:00 PM,2024,09,23,14,36.1,102,Unhealthy for Sensitive Groups,-15.0,UG/M3,1 Hr,Invalid
Phora Durbar Kathmandu,PM2.5 - Principal,2024-09-23 03:00 PM,2024,09,23,15,36.0,102,Unhealthy for Sensitive Groups,36.0,UG/M3,1 Hr,Valid
Phora Durbar Kathmandu,PM2.5 - Principal,2024-09-23 04:00 PM,2024,09,23,16,40.5,113,Unhealthy for Sensitive Groups,44.0,UG/M3,1 Hr,Valid
Phora Durbar Kathmandu,PM2.5 - Principal,2024-09-23 05:00 PM,2024,09,23,17,32.8,95,Moderate,26.0,UG/M3,1 Hr,Valid
Phora Durbar Kathmandu,PM2.5 - Principal,2024-09-23 06:00 PM,2024,09,23,18,32.8,95,Moderate,-15.0,UG/M3,1 Hr,Invalid
Phora Durbar Kathmandu,PM2.5 - Principal,2024-09-23 07:00 PM,2024,09,23,19,56.0,151,Unhealthy,67.0,UG/M3,1 Hr,Valid
Phora Durbar Kathmandu,PM2.5 - Principal,2024-09-23 08:00 PM,2024,09,23,20,49.7,136,Unhealthy for Sensitive Groups,45.0,UG/M3,1 Hr,Valid
Phora Durbar Kathmandu,PM2.5 - Principal,2024-09-23 09:00 PM,2024,09,23,21,34.8,99,Moderate,22.0,UG/M3,1 Hr,Valid
Phora Durbar Kathmandu,PM2.5 - Principal,2024-09-23 10:00 PM,2024,09,23,22,98.0,181,Unhealthy,157.0,UG/M3,1 Hr,Valid
Phora Durbar Kathmandu,PM2.5 - Principal,2024-09-23 11:00 PM,2024,09,23,23,64.9,158,Unhealthy,33.0,UG/M3,1 Hr,Valid
Phora Durbar Kathmandu,PM2.5 - Principal,2024-09-24 12:00 AM,2024,09,24,00,64.9,158,Unhealthy,-15.0,UG/M3,1 Hr,Invalid
Phora Durbar Kathmandu,PM2.5 - Principal,2024-09-24 01:00 AM,2024,09,24,01,31.4,93,Moderate,15.0,UG/M3,1 Hr,Valid
Phora Durbar Kathmandu,PM2.5 - Principal,2024-09-24 02:00 AM,2024,09,24,02,23.1,77,Moderate,17.0,UG/M3,1 Hr,Valid
Phora Durbar Kathmandu,PM2.5 - Principal,2024-09-24 03:00 AM,2024,09,24,03,23.6,78,Moderate,24.0,UG/M3,1 Hr,Valid
Phora Durbar Kathmandu,PM2.5 - Principal,2024-09-24 04:00 AM,2024,09,24,04,31.0,92,Moderate,38.0,UG/M3,1 Hr,Valid
Phora Durbar Kathmandu,PM2.5 - Principal,2024-09-24 05:00 AM,2024,09,24,05,47.2,130,Unhealthy for Sensitive Groups,63.0,UG/M3,1 Hr,Valid
Phora Durbar Kathmandu,PM2.5 - Principal,2024-09-24 06:00 AM,2024,09,24,06,43.6,121,Unhealthy for Sensitive Groups,40.0,UG/M3,1 Hr,Valid
Phora Durbar Kathmandu,PM2.5 - Principal,2024-09-24 07:00 AM,2024,09,24,07,22.7,76,Moderate,2.0,UG/M3,1 Hr,Valid
Phora Durbar Kathmandu,PM2.5 - Principal,2024-09-24 08:00 AM,2024,09,24,08,35.3,100,Moderate,48.0,UG/M3,1 Hr,Valid
Phora Durbar Kathmandu,PM2.5 - Principal,2024-09-24 09:00 AM,2024,09,24,09,72.2,163,Unhealthy,109.0,UG/M3,1 Hr,Valid
Phora Durbar Kathmandu,PM2.5 - Principal,2024-09-24 10:00 AM,2024,09,24,10,39.0,110,Unhealthy for Sensitive Groups,6.0,UG/M3,1 Hr,Valid
Phora Durbar Kathmandu,PM2.5 - Principal,2024-09-24 11:00 AM,2024,09,24,11,95.5,179,Unhealthy,152.0,UG/M3,1 Hr,Valid
Phora Durbar Kathmandu,PM2.5 - Principal,2024-09-24 12:00 PM,2024,09,24,12,58.2,153,Unhealthy,21.0,UG/M3,1 Hr,Valid
Phora Durbar Kathmandu,PM2.5 - Principal,2024-09-24 01:00 PM,2024,09,24,13,59.6,154,Unhealthy,61.0,UG/M3,1 Hr,Valid
Phora Durbar Kathmandu,PM2.5 - Principal,2024-09-24 02:00 PM,2024,09,24,14,41.3,115,Unhealthy for Sensitive Groups,23.0,UG/M3,1 Hr,Valid
Phora Durbar Kathmandu,PM2.5 - Principal,2024-09-24 03:00 PM,2024,09,24,15,49.1,134,Unhealthy for Sensitive Groups,57.0,UG/M3,1 Hr,Valid
Phora Durbar Kathmandu,PM2.5 - Principal,2024-09-24 04:00 PM,2024,09,24,16,41.5,116,Unhealthy for Sensitive Groups,34.0,UG/M3,1 Hr,Valid
Phora Durbar Kathmandu,PM2.5 - Principal,2024-09-24 05:00 PM,2024,09,24,17,41.5,116,Unhealthy for Sensitive Groups,-12.0,UG/M3,1 Hr,Invalid
Phora Durbar Kathmandu,PM2.5 - Principal,2024-09-24 06:00 PM,2024,09,24,18,36.5,103,Unhealthy for Sensitive Groups,34.0,UG/M3,1 Hr,Valid
Phora Durbar Kathmandu,PM2.5 - Principal,2024-09-24 07:00 PM,2024,09,24,19,31.0,92,Moderate,27.0,UG/M3,1 Hr,Valid
Phora Durbar Kathmandu,PM2.5 - Principal,2024-09-24 08:00 PM,2024,09,24,20,30.5,91,Moderate,30.0,UG/M3,1 Hr,Valid
Phora Durbar Kathmandu,PM2.5 - Principal,2024-09-24 09:00 PM,2024,09,24,21,26.6,84,Moderate,23.0,UG/M3,1 Hr,Valid
Phora Durbar Kathmandu,PM2.5 - Principal,2024-09-24 10:00 PM,2024,09,24,22,25.7,82,Moderate,25.0,UG/M3,1 Hr,Valid
Phora Durbar Kathmandu,PM2.5 - Principal,2024-09-24 11:00 PM,2024,09,24,23,46.0,127,Unhealthy for Sensitive Groups,66.0,UG/M3,1 Hr,Valid
Phora Durbar Kathmandu,PM2.5 - Principal,2024-09-25 12:00 AM,2024,09,25,00,34.9,99,Moderate,24.0,UG/M3,1 Hr,Valid
Phora Durbar Kathmandu,PM2.5 - Principal,2024-09-25 01:00 AM,2024,09,25,01,25.9,82,Moderate,17.0,UG/M3,1 Hr,Valid
Phora Durbar Kathmandu,PM2.5 - Principal,2024-09-25 02:00 AM,2024,09,25,02,25.9,82,Moderate,-9.0,UG/M3,1 Hr,Invalid
Phora Durbar Kathmandu,PM2.5 - Principal,2024-09-25 03:00 AM,2024,09,25,03,30.6,91,Moderate,33.0,UG/M3,1 Hr,Valid
Phora Durbar Kathmandu,PM2.5 - Principal,2024-09-25 04:00 AM,2024,09,25,04,-999.0,-999,N/A,-15.0,UG/M3,1 Hr,Invalid
Phora Durbar Kathmandu,PM2.5 - Principal,2024-09-25 05:00 AM,2024,09,25,05,27.9,86,Moderate,27.0,UG/M3,1 Hr,Valid
Phora Durbar Kathmandu,PM2.5 - Principal,2024-09-25 06:00 AM,2024,09,25,06,39.2,110,Unhealthy for Sensitive Groups,47.0,UG/M3,1 Hr,Valid
Phora Durbar Kathmandu,PM2.5 - Principal,2024-09-25 07:00 AM,2024,09,25,07,42.3,118,Unhealthy for Sensitive Groups,45.0,UG/M3,1 Hr,Valid
Phora Durbar Kathmandu,PM2.5 - Principal,2024-09-25 08:00 AM,2024,09,25,08,38.0,107,Unhealthy for Sensitive Groups,34.0,UG/M3,1 Hr,Valid
Phora Durbar Kathmandu,PM2.5 - Principal,2024-09-25 09:00 AM,2024,09,25,09,35.4,100,Moderate,33.0,UG/M3,1 Hr,Valid
Phora Durbar Kathmandu,PM2.5 - Principal,2024-09-25 10:00 AM,2024,09,25,10,35.4,100,Moderate,-9.0,UG/M3,1 Hr,Invalid
Phora Durbar Kathmandu,PM2.5 - Principal,2024-09-25 11:00 AM,2024,09,25,11,-999.0,-999,N/A,-12.0,UG/M3,1 Hr,Invalid
Phora Durbar Kathmandu,PM2.5 - Principal,2024-09-25 12:00 PM,2024,09,25,12,-999.0,-999,N/A,40.0,UG/M3,1 Hr,Valid
Phora Durbar Kathmandu,PM2.5 - Principal,2024-09-25 01:00 PM,2024,09,25,13,26.0,82,Moderate,18.0,UG/M3,1 Hr,Valid
Phora Durbar Kathmandu,PM2.5 - Principal,2024-09-25 02:00 PM,2024,09,25,14,26.0,82,Moderate,-15.0,UG/M3,1 Hr,Invalid
Phora Durbar Kathmandu,PM2.5 - Principal,2024-09-25 03:00 PM,2024,09,25,15,36.7,104,Unhealthy for Sensitive Groups,41.0,UG/M3,1 Hr,Valid
Phora Durbar Kathmandu,PM2.5 - Principal,2024-09-25 04:00 PM,2024,09,25,16,23.3,77,Moderate,14.0,UG/M3,1 Hr,Valid
Phora Durbar Kathmandu,PM2.5 - Principal,2024-09-25 05:00 PM,2024,09,25,17,21.5,74,Moderate,20.0,UG/M3,1 Hr,Valid
Phora Durbar Kathmandu,PM2.5 - Principal,2024-09-25 06:00 PM,2024,09,25,18,21.5,74,Moderate,-7.0,UG/M3,1 Hr,Invalid
Phora Durbar Kathmandu,PM2.5 - Principal,2024-09-25 07:00 PM,2024,09,25,19,29.3,89,Moderate,33.0,UG/M3,1 Hr,Valid
Phora Durbar Kathmandu,PM2.5 - Principal,2024-09-25 08:00 PM,2024,09,25,20,62.0,156,Unhealthy,86.0,UG/M3,1 Hr,Valid
Phora Durbar Kathmandu,PM2.5 - Principal,2024-09-25 09:00 PM,2024,09,25,21,47.0,129,Unhealthy for Sensitive Groups,34.0,UG/M3,1 Hr,Valid
Phora Durbar Kathmandu,PM2.5 - Principal,2024-09-25 10:00 PM,2024,09,25,22,54.2,147,Unhealthy for Sensitive Groups,61.0,UG/M3,1 Hr,Valid
Phora Durbar Kathmandu,PM2.5 - Principal,2024-09-25 11:00 PM,2024,09,25,23,25.6,82,Moderate,-2.0,UG/M3,1 Hr,Valid
Phora Durbar Kathmandu,PM2.5 - Principal,2024-09-26 12:00 AM,2024,09,26,00,28.8,88,Moderate,32.0,UG/M3,1 Hr,Valid
Phora Durbar Kathmandu,PM2.5 - Principal,2024-09-26 01:00 AM,2024,09,26,01,64.0,157,Unhealthy,99.0,UG/M3,1 Hr,Valid
Phora Durbar Kathmandu,PM2.5 - Principal,2024-09-26 02:00 AM,2024,09,26,02,64.0,157,Unhealthy,-4.0,UG/M3,1 Hr,Invalid
Phora Durbar Kathmandu,PM2.5 - Principal,2024-09-26 03:00 AM,2024,09,26,03,29.3,89,Moderate,12.0,UG/M3,1 Hr,Valid
Phora Durbar Kathmandu,PM2.5 - Principal,2024-09-26 04:00 AM,2024,09,26,04,17.6,67,Moderate,9.0,UG/M3,1 Hr,Valid
Phora Durbar Kathmandu,PM2.5 - Principal,2024-09-26 05:00 AM,2024,09,26,05,46.6,128,Unhealthy for Sensitive Groups,72.0,UG/M3,1 Hr,Valid
Phora Durbar Kathmandu,PM2.5 - Principal,2024-09-26 06:00 AM,2024,09,26,06,34.9,99,Moderate,24.0,UG/M3,1 Hr,Valid
Phora Durbar Kathmandu,PM2.5 - Principal,2024-09-26 07:00 AM,2024,09,26,07,34.9,99,Moderate,-14.0,UG/M3,1 Hr,Invalid
Phora Durbar Kathmandu,PM2.5 - Principal,2024-09-26 08:00 AM,2024,09,26,08,30.2,90,Moderate,28.0,UG/M3,1 Hr,Valid
Phora Durbar Kathmandu,PM2.5 - Principal,2024-09-26 09:00 AM,2024,09,26,09,61.6,155,Unhealthy,85.0,UG/M3,1 Hr,Valid
Phora Durbar Kathmandu,PM2.5 - Principal,2024-09-26 10:00 AM,2024,09,26,10,35.6,101,Unhealthy for Sensitive Groups,13.0,UG/M3,1 Hr,Valid
Phora Durbar Kathmandu,PM2.5 - Principal,2024-09-26 11:00 AM,2024,09,26,11,33.2,96,Moderate,31.0,UG/M3,1 Hr,Valid
Phora Durbar Kathmandu,PM2.5 - Principal,2024-09-26 12:00 PM,2024,09,26,12,35.6,101,Unhealthy for Sensitive Groups,38.0,UG/M3,1 Hr,Valid
Phora Durbar Kathmandu,PM2.5 - Principal,2024-09-26 01:00 PM,2024,09,26,13,35.6,101,Unhealthy for Sensitive Groups,-15.0,UG/M3,1 Hr,Invalid
Phora Durbar Kathmandu,PM2.5 - Principal,2024-09-26 02:00 PM,2024,09,26,14,23.8,78,Moderate,18.0,UG/M3,1 Hr,Valid
Phora Durbar Kathmandu,PM2.5 - Principal,2024-09-26 03:00 PM,2024,09,26,15,-999.0,-999,N/A,-15.0,UG/M3,1 Hr,Invalid
Phora Durbar Kathmandu,PM2.5 - Principal,2024-09-26 04:00 PM,2024,09,26,16,15.2,62,Moderate,12.0,UG/M3,1 Hr,Valid
Phora Durbar Kathmandu,PM2.5 - Principal,2024-09-26 05:00 PM,2024,09,26,17,36.4,103,Unhealthy for Sensitive Groups,51.0,UG/M3,1 Hr,Valid
Phora Durbar Kathmandu,PM2.5 - Principal,2024-09-26 06:00 PM,2024,09,26,18,20.4,72,Moderate,7.0,UG/M3,1 Hr,Valid
Phora Durbar Kathmandu,PM2.5 - Principal,2024-09-26 07:00 PM,2024,09,26,19,41.5,116,Unhealthy for Sensitive Groups,61.0,UG/M3,1 Hr,Valid
Phora Durbar Kathmandu,PM2.5 - Principal,2024-09-26 08:00 PM,2024,09,26,20,32.0,94,Moderate,23.0,UG/M3,1 Hr,Valid
Phora Durbar Kathmandu,PM2.5 - Principal,2024-09-26 09:00 PM,2024,09,26,21,32.0,94,Moderate,-15.0,UG/M3,1 Hr,Invalid
Phora Durbar Kathmandu,PM2.5 - Principal,2024-09-26 10:00 PM,2024,09,26,22,-999.0,-999,N/A,-15.0,UG/M3,1 Hr,Invalid
Phora Durbar Kathmandu,PM2.5 - Principal,2024-09-26 11:00 PM,2024,09,26,23,-999.0,-999,N/A,77.0,UG/M3,1 Hr,Valid
Phora Durbar Kathmandu,PM2.5 - Principal,2024-09-27 12:00 AM,2024,09,27,00,55.1,149,Unhealthy for Sensitive Groups,47.0,UG/M3,1 Hr,Valid
Phora Durbar Kathmandu,PM2.5 - Principal,2024-09-27 01:00 AM,2024,09,27,01,29.6,89,Moderate,9.0,UG/M3,1 Hr,Valid
Phora Durbar Kathmandu,PM2.5 - Principal,2024-09-27 02:00 AM,2024,09,27,02,46.6,128,Unhealthy for Sensitive Groups,62.0,UG/M3,1 Hr,Valid
Phora Durbar Kathmandu,PM2.5 - Principal,2024-09-27 03:00 AM,2024,09,27,03,29.9,90,Moderate,14.0,UG/M3,1 Hr,Valid
Phora Durbar Kathmandu,PM2.5 - Principal,2024-09-27 04:00 AM,2024,09,27,04,12.7,58,Moderate,-4.0,UG/M3,1 Hr,Valid
Phora Durbar Kathmandu,PM2.5 - Principal,2024-09-27 05:00 AM,2024,09,27,05,9.8,52,Moderate,7.0,UG/M3,1 Hr,Valid
Phora Durbar Kathmandu,PM2.5 - Principal,2024-09-27 06:00 AM,2024,09,27,06,9.8,52,Moderate,-15.0,UG/M3,1 Hr,Invalid
Phora Durbar Kathmandu,PM2.5 - Principal,2024-09-27 07:00 AM,2024,09,27,07,48.6,133,Unhealthy for Sensitive Groups,68.0,UG/M3,1 Hr,Valid
Phora Durbar Kathmandu,PM2.5 - Principal,2024-09-27 08:00 AM,2024,09,27,08,-999.0,-999,N/A,-15.0,UG/M3,1 Hr,Invalid
Phora Durbar Kathmandu,PM2.5 - Principal,2024-09-27 09:00 AM,2024,09,27,09,-999.0,-999,N/A,-14.0,UG/M3,1 Hr,Invalid
Phora Durbar Kathmandu,PM2.5 - Principal,2024-09-27 10:00 AM,2024,09,27,10,-999.0,-999,N/A,-15.0,UG/M3,1 Hr,Invalid
Phora Durbar Kathmandu,PM2.5 - Principal,2024-09-27 11:00 AM,2024,09,27,11,-999.0,-999,N/A,17.0,UG/M3,1 Hr,Valid
Phora Durbar Kathmandu,PM2.5 - Principal,2024-09-27 12:00 PM,2024,09,27,12,29.5,89,Moderate,35.0,UG/M3,1 Hr,Valid
Phora Durbar Kathmandu,PM2.5 - Principal,2024-09-27 01:00 PM,2024,09,27,13,21.9,75,Moderate,16.0,UG/M3,1 Hr,Valid
Phora Durbar Kathmandu,PM2.5 - Principal,2024-09-27 02:00 PM,2024,09,27,14,43.6,121,Unhealthy for Sensitive Groups,63.0,UG/M3,1 Hr,Valid
Phora Durbar Kathmandu,PM2.5 - Principal,2024-09-27 03:00 PM,2024,09,27,15,21.2,74,Moderate,0.0,UG/M3,1 Hr,Valid
Phora Durbar Kathmandu,PM2.5 - Principal,2024-09-27 04:00 PM,2024,09,27,16,26.6,84,Moderate,32.0,UG/M3,1 Hr,Valid
Phora Durbar Kathmandu,PM2.5 - Principal,2024-09-27 05:00 PM,2024,09,27,17,23.8,78,Moderate,21.0,UG/M3,1 Hr,Valid
Phora Durbar Kathmandu,PM2.5 - Principal,2024-09-27 06:00 PM,2024,09,27,18,57.5,152,Unhealthy,91.0,UG/M3,1 Hr,Valid
Phora Durbar Kathmandu,PM2.5 - Principal,2024-09-27 07:00 PM,2024,09,27,19,57.5,152,Unhealthy,-13.0,UG/M3,1 Hr,Invalid
Phora Durbar Kathmandu,PM2.5 - Principal,2024-09-27 08:00 PM,2024,09,27,20,29.1,88,Moderate,15.0,UG/M3,1 Hr,Valid
Phora Durbar Kathmandu,PM2.5 - Principal,2024-09-27 09:00 PM,2024,09,27,21,27.9,86,Moderate,27.0,UG/M3,1 Hr,Valid
Phora Durbar Kathmandu,PM2.5 - Principal,2024-09-27 10:00 PM,2024,09,27,22,25.2,81,Moderate,23.0,UG/M3,1 Hr,Valid
Phora Durbar Kathmandu,PM2.5 - Principal,2024-09-27 11:00 PM,2024,09,27,23,25.2,81,Moderate,-15.0,UG/M3,1 Hr,Invalid
Phora Durbar Kathmandu,PM2.5 - Principal,2024-09-28 12:00 AM,2024,09,28,00,54.3,147,Unhealthy for Sensitive Groups,68.0,UG/M3,1 Hr,Valid
Phora Durbar Kathmandu,PM2.5 - Principal,2024-09-28 01:00 AM,2024,09,28,01,26.4,83,Moderate,6.0,UG/M3,1 Hr,Valid
Phora Durbar Kathmandu,PM2.5 - Principal,2024-09-28 02:00 AM,2024,09,28,02,24.6,80,Moderate,23.0,UG/M3,1 Hr,Valid
Phora Durbar Kathmandu,PM2.5 - Principal,2024-09-28 03:00 AM,2024,09,28,03,24.6,80,Moderate,-15.0,UG/M3,1 Hr,Invalid
Phora Durbar Kathmandu,PM2.5 - Principal,2024-09-28 04:00 AM,2024,09,28,04,22.1,75,Moderate,21.0,UG/M3,1 Hr,Valid
Phora Durbar Kathmandu,PM2.5 - Principal,2024-09-28 05:00 AM,2024,09,28,05,-999.0,-999,N/A,-15.0,UG/M3,1 Hr,Invalid
Phora Durbar Kathmandu,PM2.5 - Principal,2024-09-28 06:00 AM,2024,09,28,06,19.1,70,Moderate,18.0,UG/M3,1 Hr,Valid
Phora Durbar Kathmandu,PM2.5 - Principal,2024-09-28 07:00 AM,2024,09,28,07,19.6,71,Moderate,20.0,UG/M3,1 Hr,Valid
Phora Durbar Kathmandu,PM2.5 - Principal,2024-09-28 08:00 AM,2024,09,28,08,18.2,68,Moderate,17.0,UG/M3,1 Hr,Valid
Phora Durbar Kathmandu,PM2.5 - Principal,2024-09-28 09:00 AM,2024,09,28,09,18.2,68,Moderate,-15.0,UG/M3,1 Hr,Invalid
Phora Durbar Kathmandu,PM2.5 - Principal,2024-09-28 10:00 AM,2024,09,28,10,22.1,75,Moderate,24.0,UG/M3,1 Hr,Valid
Phora Durbar Kathmandu,PM2.5 - Principal,2024-09-28 11:00 AM,2024,09,28,11,-999.0,-999,N/A,-15.0,UG/M3,1 Hr,Invalid
Phora Durbar Kathmandu,PM2.5 - Principal,2024-09-28 12:00 PM,2024,09,28,12,31.5,93,Moderate,35.0,UG/M3,1 Hr,Valid
Phora Durbar Kathmandu,PM2.5 - Principal,2024-09-28 01:00 PM,2024,09,28,13,-999.0,-999,N/A,-15.0,UG/M3,1 Hr,Invalid
Phora Durbar Kathmandu,PM2.5 - Principal,2024-09-28 02:00 PM,2024,09,28,14,43.8,121,Unhealthy for Sensitive Groups,48.0,UG/M3,1 Hr,Valid
Phora Durbar Kathmandu,PM2.5 - Principal,2024-09-28 03:00 PM,2024,09,28,15,18.1,68,Moderate,1.0,UG/M3,1 Hr,Valid
Phora Durbar Kathmandu,PM2.5 - Principal,2024-09-28 04:00 PM,2024,09,28,16,27.3,85,Moderate,35.0,UG/M3,1 Hr,Valid
Phora Durbar Kathmandu,PM2.5 - Principal,2024-09-28 05:00 PM,2024,09,28,17,27.3,85,Moderate,-15.0,UG/M3,1 Hr,Invalid
Phora Durbar Kathmandu,PM2.5 - Principal,2024-09-28 06:00 PM,2024,09,28,18,-999.0,-999,N/A,-15.0,UG/M3,1 Hr,Invalid
Phora Durbar Kathmandu,PM2.5 - Principal,2024-09-28 07:00 PM,2024,09,28,19,-999.0,-999,N/A,114.0,UG/M3,1 Hr,Valid
Phora Durbar Kathmandu,PM2.5 - Principal,2024-09-28 08:00 PM,2024,09,28,20,62.6,156,Unhealthy,41.0,UG/M3,1 Hr,Valid
Phora Durbar Kathmandu,PM2.5 - Principal,2024-09-28 09:00 PM,2024,09,28,21,62.6,156,Unhealthy,-15.0,UG/M3,1 Hr,Invalid
Phora Durbar Kathmandu,PM2.5 - Principal,2024-09-28 10:00 PM,2024,09,28,22,67.1,159,Unhealthy,69.0,UG/M3,1 Hr,Valid
Phora Durbar Kathmandu,PM2.5 - Principal,2024-09-28 11:00 PM,2024,09,28,23,54.7,148,Unhealthy for Sensitive Groups,46.0,UG/M3,1 Hr,Valid
Phora Durbar Kathmandu,PM2.5 - Principal,2024-09-29 12:00 AM,2024,09,29,00,54.7,148,Unhealthy for Sensitive Groups,-7.0,UG/M3,1 Hr,Invalid
Phora Durbar Kathmandu,PM2.5 - Principal,2024-09-29 01:00 AM,2024,09,29,01,35.2,100,Moderate,27.0,UG/M3,1 Hr,Valid
Phora Durbar Kathmandu,PM2.5 - Principal,2024-09-29 02:00 AM,2024,09,29,02,67.2,159,Unhealthy,90.0,UG/M3,1 Hr,Valid
Phora Durbar Kathmandu,PM2.5 - Principal,2024-09-29 03:00 AM,2024,09,29,03,48.2,132,Unhealthy for Sensitive Groups,32.0,UG/M3,1 Hr,Valid
Phora Durbar Kathmandu,PM2.5 - Principal,2024-09-29 04:00 AM,2024,09,29,04,61.0,155,Unhealthy,73.0,UG/M3,1 Hr,Valid
Phora Durbar Kathmandu,PM2.5 - Principal,2024-09-29 05:00 AM,2024,09,29,05,61.0,155,Unhealthy,-11.0,UG/M3,1 Hr,Invalid
Phora Durbar Kathmandu,PM2.5 - Principal,2024-09-29 06:00 AM,2024,09,29,06,102.1,184,Unhealthy,122.0,UG/M3,1 Hr,Valid
Phora Durbar Kathmandu,PM2.5 - Principal,2024-09-29 07:00 AM,2024,09,29,07,72.2,163,Unhealthy,50.0,UG/M3,1 Hr,Valid
Phora Durbar Kathmandu,PM2.5 - Principal,2024-09-29 08:00 AM,2024,09,29,08,72.2,163,Unhealthy,-15.0,UG/M3,1 Hr,Invalid
Phora Durbar Kathmandu,PM2.5 - Principal,2024-09-29 09:00 AM,2024,09,29,09,59.5,154,Unhealthy,54.0,UG/M3,1 Hr,Valid
Phora Durbar Kathmandu,PM2.5 - Principal,2024-09-29 10:00 AM,2024,09,29,10,70.2,161,Unhealthy,78.0,UG/M3,1 Hr,Valid
Phora Durbar Kathmandu,PM2.5 - Principal,2024-09-29 11:00 AM,2024,09,29,11,64.2,157,Unhealthy,59.0,UG/M3,1 Hr,Valid
Phora Durbar Kathmandu,PM2.5 - Principal,2024-09-29 12:00 PM,2024,09,29,12,64.2,157,Unhealthy,-12.0,UG/M3,1 Hr,Invalid
Phora Durbar Kathmandu,PM2.5 - Principal,2024-09-29 01:00 PM,2024,09,29,13,40.8,114,Unhealthy for Sensitive Groups,30.0,UG/M3,1 Hr,Valid
Phora Durbar Kathmandu,PM2.5 - Principal,2024-09-29 02:00 PM,2024,09,29,14,-999.0,-999,N/A,-15.0,UG/M3,1 Hr,Invalid
Phora Durbar Kathmandu,PM2.5 - Principal,2024-09-29 03:00 PM,2024,09,29,15,32.9,95,Moderate,30.0,UG/M3,1 Hr,Valid
Phora Durbar Kathmandu,PM2.5 - Principal,2024-09-29 04:00 PM,2024,09,29,16,-999.0,-999,N/A,-5.0,UG/M3,1 Hr,Invalid
Phora Durbar Kathmandu,PM2.5 - Principal,2024-09-29 05:00 PM,2024,09,29,17,46.3,128,Unhealthy for Sensitive Groups,51.0,UG/M3,1 Hr,Valid
Phora Durbar Kathmandu,PM2.5 - Principal,2024-09-29 06:00 PM,2024,09,29,18,49.1,134,Unhealthy for Sensitive Groups,51.0,UG/M3,1 Hr,Valid
Phora Durbar Kathmandu,PM2.5 - Principal,2024-09-29 07:00 PM,2024,09,29,19,49.1,134,Unhealthy for Sensitive Groups,-9.0,UG/M3,1 Hr,Invalid
Phora Durbar Kathmandu,PM2.5 - Principal,2024-09-29 08:00 PM,2024,09,29,20,47.6,131,Unhealthy for Sensitive Groups,47.0,UG/M3,1 Hr,Valid
Phora Durbar Kathmandu,PM2.5 - Principal,2024-09-29 09:00 PM,2024,09,29,21,35.5,101,Unhealthy for Sensitive Groups,27.0,UG/M3,1 Hr,Valid
Phora Durbar Kathmandu,PM2.5 - Principal,2024-09-29 10:00 PM,2024,09,29,22,35.5,101,Unhealthy for Sensitive Groups,-15.0,UG/M3,1 Hr,Invalid
Phora Durbar Kathmandu,PM2.5 - Principal,2024-09-29 11:00 PM,2024,09,29,23,29.0,88,Moderate,26.0,UG/M3,1 Hr,Valid
Phora Durbar Kathmandu,PM2.5 - Principal,2024-09-30 12:00 AM,2024,09,30,00,22.5,76,Moderate,18.0,UG/M3,1 Hr,Valid
Phora Durbar Kathmandu,PM2.5 - Principal,2024-09-30 01:00 AM,2024,09,30,01,49.1,134,Unhealthy for Sensitive Groups,72.0,UG/M3,1 Hr,Valid
Phora Durbar Kathmandu,PM2.5 - Principal,2024-09-30 02:00 AM,2024,09,30,02,29.8,90,Moderate,12.0,UG/M3,1 Hr,Valid
Phora Durbar Kathmandu,PM2.5 - Principal,2024-09-30 03:00 AM,2024,09,30,03,12.6,58,Moderate,-4.0,UG/M3,1 Hr,Valid
Phora Durbar Kathmandu,PM2.5 - Principal,2024-09-30 04:00 AM,2024,09,30,04,18.8,69,Moderate,25.0,UG/M3,1 Hr,Valid
Phora Durbar Kathmandu,PM2.5 - Principal,2024-09-30 05:00 AM,2024,09,30,05,12.9,58,Moderate,7.0,UG/M3,1 Hr,Valid
Phora Durbar Kathmandu,PM2.5 - Principal,2024-09-30 06:00 AM,2024,09,30,06,24.9,80,Moderate,37.0,UG/M3,1 Hr,Valid
Phora Durbar Kathmandu,PM2.5 - Principal,2024-09-30 07:00 AM,2024,09,30,07,24.9,80,Moderate,-13.0,UG/M3,1 Hr,Invalid
Phora Durbar Kathmandu,PM2.5 - Principal,2024-09-30 08:00 AM,2024,09,30,08,10.9,54,Moderate,4.0,UG/M3,1 Hr,Valid
Phora Durbar Kathmandu,PM2.5 - Principal,2024-09-30 09:00 AM,2024,09,30,09,-999.0,-999,N/A,122.0,UG/M3,1 Hr,Invalid
Phora Durbar Kathmandu,PM2.5 - Principal,2024-09-30 10:00 AM,2024,09,30,10,37.9,107,Unhealthy for Sensitive Groups,48.0,UG/M3,1 Hr,Valid
Phora Durbar Kathmandu,PM2.5 - Principal,2024-09-30 11:00 AM,2024,09,30,11,35.0,99,Moderate,33.0,UG/M3,1 Hr,Valid
Phora Durbar Kathmandu,PM2.5 - Principal,2024-09-30 12:00 PM,2024,09,30,12,20.3,72,Moderate,8.0,UG/M3,1 Hr,Valid
Phora Durbar Kathmandu,PM2.5 - Principal,2024-09-30 01:00 PM,2024,09,30,13,44.6,123,Unhealthy for Sensitive Groups,67.0,UG/M3,1 Hr,Valid
Phora Durbar Kathmandu,PM2.5 - Principal,2024-09-30 02:00 PM,2024,09,30,14,35.1,99,Moderate,26.0,UG/M3,1 Hr,Valid
Phora Durbar Kathmandu,PM2.5 - Principal,2024-09-30 03:00 PM,2024,09,30,15,19.9,71,Moderate,5.0,UG/M3,1 Hr,Valid
Phora Durbar Kathmandu,PM2.5 - Principal,2024-09-30 04:00 PM,2024,09,30,16,22.9,77,Moderate,26.0,UG/M3,1 Hr,Valid
Phora Durbar Kathmandu,PM2.5 - Principal,2024-09-30 05:00 PM,2024,09,30,17,22.9,77,Moderate,-15.0,UG/M3,1 Hr,Invalid
Phora Durbar Kathmandu,PM2.5 - Principal,2024-09-30 06:00 PM,2024,09,30,18,35.6,101,Unhealthy for Sensitive Groups,42.0,UG/M3,1 Hr,Valid
Phora Durbar Kathmandu,PM2.5 - Principal,2024-09-30 07:00 PM,2024,09,30,19,-999.0,-999,N/A,-15.0,UG/M3,1 Hr,Invalid
Phora Durbar Kathmandu,PM2.5 - Principal,2024-09-30 08:00 PM,2024,09,30,20,38.1,107,Unhealthy for Sensitive Groups,39.0,UG/M3,1 Hr,Valid
Phora Durbar Kathmandu,PM2.5 - Principal,2024-09-30 09:00 PM,2024,09,30,21,80.1,168,Unhealthy,109.0,UG/M3,1 Hr,Valid
Phora Durbar Kathmandu,PM2.5 - Principal,2024-09-30 10:00 PM,2024,09,30,22,38.8,109,Unhealthy for Sensitive Groups,4.0,UG/M3,1 Hr,Valid
Phora Durbar Kathmandu,PM2.5 - Principal,2024-09-30 11:00 PM,2024,09,30,23,38.8,109,Unhealthy for Sensitive Groups,-15.0,UG/M3,1 Hr,Invalid
Phora Durbar Kathmandu,PM2.5 - Principal,2024-10-01 12:00 AM,2024,10,01,00,41.6,116,Unhealthy for Sensitive Groups,43.0,UG/M3,1 Hr,Valid
Phora Durbar Kathmandu,PM2.5 - Principal,2024-10-01 01:00 AM,2024,10,01,01,27.4,85,Moderate,17.0,UG/M3,1 Hr,Valid
