Site,Parameter,Date (LT),Year,Month,Day,Hour,NowCast Conc.,AQI,AQI Category,Raw Conc.,Conc. Unit,Duration,QC Name
Chisinau,PM2.5 - Principal,2022-01-01 01:00 AM,2022,01,01,01,38.9,109,Unhealthy for Sensitive Groups,27.0,UG/M3,1 Hr,Valid
Chisinau,PM2.5 - Principal,2022-01-01 02:00 AM,2022,01,01,02,78.4,163,Unhealthy,118.0,UG/M3,1 Hr,Valid
Chisinau,PM2.5 - Principal,2022-01-01 03:00 AM,2022,01,01,03,90.2,169,Unhealthy,102.0,UG/M3,1 Hr,Valid
Chisinau,PM2.5 - Principal,2022-01-01 04:00 AM,2022,01,01,04,74.1,161,Unhealthy,58.0,UG/M3,1 Hr,Valid
Chisinau,PM2.5 - Principal,2022-01-01 05:00 AM,2022,01,01,05,52.0,142,Unhealthy for Sensitive Groups,30.0,UG/M3,1 Hr,Valid
Chisinau,PM2.5 - Principal,2022-01-01 06:00 AM,2022,01,01,06,42.0,117,Unhealthy for Sensitive Groups,32.0,UG/M3,1 Hr,Valid
Chisinau,PM2.5 - Principal,2022-01-01 07:00 AM,2022,01,01,07,37.0,105,Unhealthy for Sensitive Groups,32.0,UG/M3,1 Hr,Valid
Chisinau,PM2.5 - Principal,2022-01-01 08:00 AM,2022,01,01,08,31.5,92,Moderate,26.0,UG/M3,1 Hr,Valid
Chisinau,PM2.5 - Principal,2022-01-01 09:00 AM,2022,01,01,09,28.2,85,Moderate,25.0,UG/M3,1 Hr,Valid
Chisinau,PM2.5 - Principal,2022-01-01 10:00 AM,2022,01,01,10,26.6,81,Moderate,25.0,UG/M3,1 Hr,Valid
Chisinau,PM2.5 - Principal,2022-01-01 11:00 AM,2022,01,01,11,26.3,81,Moderate,26.0,UG/M3,1 Hr,Valid
Chisinau,PM2.5 - Principal,2022-01-01 12:00 PM,2022,01,01,12,23.1,74,Moderate,20.0,UG/M3,1 Hr,Valid
Chisinau,PM2.5 - Principal,2022-01-01 01:00 PM,2022,01,01,13,20.0,68,Moderate,17.0,UG/M3,1 Hr,Valid
Chisinau,PM2.5 - Principal,2022-01-01 02:00 PM,2022,01,01,14,15.5,58,Moderate,11.0,UG/M3,1 Hr,Valid
Chisinau,PM2.5 - Principal,2022-01-01 03:00 PM,2022,01,01,15,14.7,56,Moderate,14.0,UG/M3,1 Hr,Valid
Chisinau,PM2.5 - Principal,2022-01-01 04:00 PM,2022,01,01,16,15.3,58,Moderate,16.0,UG/M3,1 Hr,Valid
Chisinau,PM2.5 - Principal,2022-01-01 05:00 PM,2022,01,01,17,14.1,55,Moderate,13.0,UG/M3,1 Hr,Valid
Chisinau,PM2.5 - Principal,2022-01-01 06:00 PM,2022,01,01,18,13.0,53,Moderate,12.0,UG/M3,1 Hr,Valid
Chisinau,PM2.5 - Principal,2022-01-01 07:00 PM,2022,01,01,19,15.0,57,Moderate,17.0,UG/M3,1 Hr,Valid
Chisinau,PM2.5 - Principal,2022-01-01 08:00 PM,2022,01,01,20,14.5,56,Moderate,14.0,UG/M3,1 Hr,Valid
Chisinau,PM2.5 - Principal,2022-01-01 09:00 PM,2022,01,01,21,15.7,59,Moderate,17.0,UG/M3,1 Hr,Valid
Chisinau,PM2.5 - Principal,2022-01-01 10:00 PM,2022,01,01,22,15.8,59,Moderate,16.0,UG/M3,1 Hr,Valid
Chisinau,PM2.5 - Principal,2022-01-01 11:00 PM,2022,01,01,23,16.3,60,Moderate,17.0,UG/M3,1 Hr,Valid
Chisinau,PM2.5 - Principal,2022-01-02 12:00 AM,2022,01,02,00,14.9,57,Moderate,13.0,UG/M3,1 Hr,Valid
Chisinau,PM2.5 - Principal,2022-01-02 01:00 AM,2022,01,02,01,14.2,55,Moderate,13.0,UG/M3,1 Hr,Valid
Chisinau,PM2.5 - Principal,2022-01-02 02:00 AM,2022,01,02,02,12.4,52,Moderate,10.0,UG/M3,1 Hr,Valid
Chisinau,PM2.5 - Principal,2022-01-02 03:00 AM,2022,01,02,03,11.4,48,Good,10.0,UG/M3,1 Hr,Valid
Chisinau,PM2.5 - Principal,2022-01-02 04:00 AM,2022,01,02,04,11.2,47,Good,11.0,UG/M3,1 Hr,Valid
Chisinau,PM2.5 - Principal,2022-01-02 05:00 AM,2022,01,02,05,11.1,46,Good,11.0,UG/M3,1 Hr,Valid
Chisinau,PM2.5 - Principal,2022-01-02 06:00 AM,2022,01,02,06,11.0,46,Good,11.0,UG/M3,1 Hr,Valid
Chisinau,PM2.5 - Principal,2022-01-02 07:00 AM,2022,01,02,07,11.0,46,Good,11.0,UG/M3,1 Hr,Valid
Chisinau,PM2.5 - Principal,2022-01-02 08:00 AM,2022,01,02,08,10.6,44,Good,10.0,UG/M3,1 Hr,Valid
Chisinau,PM2.5 - Principal,2022-01-02 09:00 AM,2022,01,02,09,9.8,41,Good,9.0,UG/M3,1 Hr,Valid
Chisinau,PM2.5 - Principal,2022-01-02 10:00 AM,2022,01,02,10,9.4,39,Good,9.0,UG/M3,1 Hr,Valid
Chisinau,PM2.5 - Principal,2022-01-02 11:00 AM,2022,01,02,11,10.1,42,Good,11.0,UG/M3,1 Hr,Valid
Chisinau,PM2.5 - Principal,2022-01-02 12:00 PM,2022,01,02,12,9.3,39,Good,8.0,UG/M3,1 Hr,Valid
Chisinau,PM2.5 - Principal,2022-01-02 01:00 PM,2022,01,02,13,9.1,38,Good,8.0,UG/M3,1 Hr,Valid
Chisinau,PM2.5 - Principal,2022-01-02 02:00 PM,2022,01,02,14,8.7,36,Good,8.0,UG/M3,1 Hr,Valid
Chisinau,PM2.5 - Principal,2022-01-02 03:00 PM,2022,01,02,15,8.5,35,Good,8.0,UG/M3,1 Hr,Valid
Chisinau,PM2.5 - Principal,2022-01-02 04:00 PM,2022,01,02,16,9.2,38,Good,11.0,UG/M3,1 Hr,Valid
Chisinau,PM2.5 - Principal,2022-01-02 05:00 PM,2022,01,02,17,9.1,38,Good,9.0,UG/M3,1 Hr,Valid
Chisinau,PM2.5 - Principal,2022-01-02 06:00 PM,2022,01,02,18,10.1,42,Good,12.0,UG/M3,1 Hr,Valid
Chisinau,PM2.5 - Principal,2022-01-02 07:00 PM,2022,01,02,19,19.3,66,Moderate,28.0,UG/M3,1 Hr,Valid
Chisinau,PM2.5 - Principal,2022-01-02 08:00 PM,2022,01,02,20,26.6,81,Moderate,34.0,UG/M3,1 Hr,Valid
Chisinau,PM2.5 - Principal,2022-01-02 09:00 PM,2022,01,02,21,30.3,89,Moderate,34.0,UG/M3,1 Hr,Valid
Chisinau,PM2.5 - Principal,2022-01-02 10:00 PM,2022,01,02,22,31.6,92,Moderate,33.0,UG/M3,1 Hr,Valid
Chisinau,PM2.5 - Principal,2022-01-02 11:00 PM,2022,01,02,23,34.3,98,Moderate,37.0,UG/M3,1 Hr,Valid
Chisinau,PM2.5 - Principal,2022-01-03 12:00 AM,2022,01,03,00,31.1,91,Moderate,28.0,UG/M3,1 Hr,Valid
Chisinau,PM2.5 - Principal,2022-01-03 01:00 AM,2022,01,03,01,25.0,78,Moderate,19.0,UG/M3,1 Hr,Valid
Chisinau,PM2.5 - Principal,2022-01-03 02:00 AM,2022,01,03,02,20.0,68,Moderate,15.0,UG/M3,1 Hr,Valid
Chisinau,PM2.5 - Principal,2022-01-03 03:00 AM,2022,01,03,03,15.5,58,Moderate,11.0,UG/M3,1 Hr,Valid
Chisinau,PM2.5 - Principal,2022-01-03 04:00 AM,2022,01,03,04,16.2,60,Moderate,17.0,UG/M3,1 Hr,Valid
Chisinau,PM2.5 - Principal,2022-01-03 05:00 AM,2022,01,03,05,16.1,59,Moderate,16.0,UG/M3,1 Hr,Valid
Chisinau,PM2.5 - Principal,2022-01-03 06:00 AM,2022,01,03,06,15.0,57,Moderate,14.0,UG/M3,1 Hr,Valid
Chisinau,PM2.5 - Principal,2022-01-03 07:00 AM,2022,01,03,07,17.5,62,Moderate,20.0,UG/M3,1 Hr,Valid
Chisinau,PM2.5 - Principal,2022-01-03 08:00 AM,2022,01,03,08,17.2,62,Moderate,17.0,UG/M3,1 Hr,Valid
Chisinau,PM2.5 - Principal,2022-01-03 09:00 AM,2022,01,03,09,18.1,64,Moderate,19.0,UG/M3,1 Hr,Valid
Chisinau,PM2.5 - Principal,2022-01-03 10:00 AM,2022,01,03,10,18.5,64,Moderate,19.0,UG/M3,1 Hr,Valid
Chisinau,PM2.5 - Principal,2022-01-03 11:00 AM,2022,01,03,11,23.2,74,Moderate,28.0,UG/M3,1 Hr,Valid
Chisinau,PM2.5 - Principal,2022-01-03 12:00 PM,2022,01,03,12,26.6,81,Moderate,30.0,UG/M3,1 Hr,Valid
Chisinau,PM2.5 - Principal,2022-01-03 01:00 PM,2022,01,03,13,26.3,81,Moderate,26.0,UG/M3,1 Hr,Valid
Chisinau,PM2.5 - Principal,2022-01-03 02:00 PM,2022,01,03,14,31.6,92,Moderate,37.0,UG/M3,1 Hr,Valid
Chisinau,PM2.5 - Principal,2022-01-03 03:00 PM,2022,01,03,15,30.8,90,Moderate,30.0,UG/M3,1 Hr,Valid
Chisinau,PM2.5 - Principal,2022-01-03 04:00 PM,2022,01,03,16,31.4,92,Moderate,32.0,UG/M3,1 Hr,Valid
Chisinau,PM2.5 - Principal,2022-01-03 05:00 PM,2022,01,03,17,28.7,86,Moderate,26.0,UG/M3,1 Hr,Valid
Chisinau,PM2.5 - Principal,2022-01-03 06:00 PM,2022,01,03,18,23.8,76,Moderate,19.0,UG/M3,1 Hr,Valid
Chisinau,PM2.5 - Principal,2022-01-03 07:00 PM,2022,01,03,19,21.9,72,Moderate,20.0,UG/M3,1 Hr,Valid
Chisinau,PM2.5 - Principal,2022-01-03 08:00 PM,2022,01,03,20,21.0,70,Moderate,20.0,UG/M3,1 Hr,Valid
Chisinau,PM2.5 - Principal,2022-01-03 09:00 PM,2022,01,03,21,26.8,82,Moderate,33.0,UG/M3,1 Hr,Valid
Chisinau,PM2.5 - Principal,2022-01-03 10:00 PM,2022,01,03,22,30.3,89,Moderate,34.0,UG/M3,1 Hr,Valid
Chisinau,PM2.5 - Principal,2022-01-03 11:00 PM,2022,01,03,23,31.6,92,Moderate,33.0,UG/M3,1 Hr,Valid
Chisinau,PM2.5 - Principal,2022-01-04 12:00 AM,2022,01,04,00,34.8,99,Moderate,38.0,UG/M3,1 Hr,Valid
Chisinau,PM2.5 - Principal,2022-01-04 01:00 AM,2022,01,04,01,36.4,103,Unhealthy for Sensitive Groups,38.0,UG/M3,1 Hr,Valid
Chisinau,PM2.5 - Principal,2022-01-04 02:00 AM,2022,01,04,02,32.2,93,Moderate,28.0,UG/M3,1 Hr,Valid
Chisinau,PM2.5 - Principal,2022-01-04 03:00 AM,2022,01,04,03,25.6,79,Moderate,19.0,UG/M3,1 Hr,Valid
Chisinau,PM2.5 - Principal,2022-01-04 04:00 AM,2022,01,04,04,16.8,61,Moderate,8.0,UG/M3,1 Hr,Valid
Chisinau,PM2.5 - Principal,2022-01-04 05:00 AM,2022,01,04,05,11.8,49,Good,7.0,UG/M3,1 Hr,Valid
Chisinau,PM2.5 - Principal,2022-01-04 06:00 AM,2022,01,04,06,10.9,45,Good,10.0,UG/M3,1 Hr,Valid
Chisinau,PM2.5 - Principal,2022-01-04 07:00 AM,2022,01,04,07,10.4,43,Good,10.0,UG/M3,1 Hr,Valid
Chisinau,PM2.5 - Principal,2022-01-04 08:00 AM,2022,01,04,08,12.7,52,Moderate,15.0,UG/M3,1 Hr,Valid
Chisinau,PM2.5 - Principal,2022-01-04 09:00 AM,2022,01,04,09,12.3,51,Moderate,12.0,UG/M3,1 Hr,Valid
Chisinau,PM2.5 - Principal,2022-01-04 10:00 AM,2022,01,04,10,12.1,51,Moderate,12.0,UG/M3,1 Hr,Valid
Chisinau,PM2.5 - Principal,2022-01-04 11:00 AM,2022,01,04,11,14.0,55,Moderate,16.0,UG/M3,1 Hr,Valid
Chisinau,PM2.5 - Principal,2022-01-04 12:00 PM,2022,01,04,12,13.0,53,Moderate,12.0,UG/M3,1 Hr,Valid
Chisinau,PM2.5 - Principal,2022-01-04 01:00 PM,2022,01,04,13,12.5,52,Moderate,12.0,UG/M3,1 Hr,Valid
Chisinau,PM2.5 - Principal,2022-01-04 02:00 PM,2022,01,04,14,13.2,53,Moderate,14.0,UG/M3,1 Hr,Valid
Chisinau,PM2.5 - Principal,2022-01-04 03:00 PM,2022,01,04,15,11.6,48,Good,10.0,UG/M3,1 Hr,Valid
Chisinau,PM2.5 - Principal,2022-01-04 04:00 PM,2022,01,04,16,12.8,52,Moderate,14.0,UG/M3,1 Hr,Valid
Chisinau,PM2.5 - Principal,2022-01-04 05:00 PM,2022,01,04,17,13.5,54,Moderate,15.0,UG/M3,1 Hr,Valid
Chisinau,PM2.5 - Principal,2022-01-04 06:00 PM,2022,01,04,18,13.7,54,Moderate,14.0,UG/M3,1 Hr,Valid
Chisinau,PM2.5 - Principal,2022-01-04 07:00 PM,2022,01,04,19,14.5,56,Moderate,16.0,UG/M3,1 Hr,Valid
Chisinau,PM2.5 - Principal,2022-01-04 08:00 PM,2022,01,04,20,16.2,60,Moderate,18.0,UG/M3,1 Hr,Valid
Chisinau,PM2.5 - Principal,2022-01-04 09:00 PM,2022,01,04,21,18.2,64,Moderate,20.0,UG/M3,1 Hr,Valid
Chisinau,PM2.5 - Principal,2022-01-04 10:00 PM,2022,01,04,22,18.1,64,Moderate,18.0,UG/M3,1 Hr,Valid
Chisinau,PM2.5 - Principal,2022-01-04 11:00 PM,2022,01,04,23,20.0,68,Moderate,22.0,UG/M3,1 Hr,Valid
Chisinau,PM2.5 - Principal,2022-01-05 12:00 AM,2022,01,05,00,22.0,72,Moderate,24.0,UG/M3,1 Hr,Valid
Chisinau,PM2.5 - Principal,2022-01-05 01:00 AM,2022,01,05,01,21.0,70,Moderate,20.0,UG/M3,1 Hr,Valid
Chisinau,PM2.5 - Principal,2022-01-05 02:00 AM,2022,01,05,02,18.5,64,Moderate,16.0,UG/M3,1 Hr,Valid
Chisinau,PM2.5 - Principal,2022-01-05 03:00 AM,2022,01,05,03,18.0,63,Moderate,17.0,UG/M3,1 Hr,Valid
Chisinau,PM2.5 - Principal,2022-01-05 04:00 AM,2022,01,05,04,17.6,63,Moderate,17.0,UG/M3,1 Hr,Valid
Chisinau,PM2.5 - Principal,2022-01-05 05:00 AM,2022,01,05,05,17.7,63,Moderate,18.0,UG/M3,1 Hr,Valid
Chisinau,PM2.5 - Principal,2022-01-05 06:00 AM,2022,01,05,06,16.7,61,Moderate,15.0,UG/M3,1 Hr,Valid
Chisinau,PM2.5 - Principal,2022-01-05 07:00 AM,2022,01,05,07,16.1,59,Moderate,15.0,UG/M3,1 Hr,Valid
Chisinau,PM2.5 - Principal,2022-01-05 08:00 AM,2022,01,05,08,16.0,59,Moderate,16.0,UG/M3,1 Hr,Valid
Chisinau,PM2.5 - Principal,2022-01-05 09:00 AM,2022,01,05,09,17.9,63,Moderate,21.0,UG/M3,1 Hr,Valid
Chisinau,PM2.5 - Principal,2022-01-05 10:00 AM,2022,01,05,10,19.0,66,Moderate,21.0,UG/M3,1 Hr,Valid
Chisinau,PM2.5 - Principal,2022-01-05 11:00 AM,2022,01,05,11,22.1,72,Moderate,26.0,UG/M3,1 Hr,Valid
Chisinau,PM2.5 - Principal,2022-01-05 12:00 PM,2022,01,05,12,22.9,74,Moderate,24.0,UG/M3,1 Hr,Valid
Chisinau,PM2.5 - Principal,2022-01-05 01:00 PM,2022,01,05,13,22.9,74,Moderate,23.0,UG/M3,1 Hr,Valid
Chisinau,PM2.5 - Principal,2022-01-05 02:00 PM,2022,01,05,14,20.0,68,Moderate,16.0,UG/M3,1 Hr,Valid
Chisinau,PM2.5 - Principal,2022-01-05 03:00 PM,2022,01,05,15,21.2,70,Moderate,23.0,UG/M3,1 Hr,Valid
Chisinau,PM2.5 - Principal,2022-01-05 04:00 PM,2022,01,05,16,20.3,68,Moderate,19.0,UG/M3,1 Hr,Valid
Chisinau,PM2.5 - Principal,2022-01-05 05:00 PM,2022,01,05,17,20.6,69,Moderate,21.0,UG/M3,1 Hr,Valid
Chisinau,PM2.5 - Principal,2022-01-05 06:00 PM,2022,01,05,18,21.2,70,Moderate,22.0,UG/M3,1 Hr,Valid
Chisinau,PM2.5 - Principal,2022-01-05 07:00 PM,2022,01,05,19,21.1,70,Moderate,21.0,UG/M3,1 Hr,Valid
Chisinau,PM2.5 - Principal,2022-01-05 08:00 PM,2022,01,05,20,20.6,69,Moderate,20.0,UG/M3,1 Hr,Valid
Chisinau,PM2.5 - Principal,2022-01-05 09:00 PM,2022,01,05,21,23.2,74,Moderate,27.0,UG/M3,1 Hr,Valid
Chisinau,PM2.5 - Principal,2022-01-05 10:00 PM,2022,01,05,22,23.9,76,Moderate,25.0,UG/M3,1 Hr,Valid
Chisinau,PM2.5 - Principal,2022-01-05 11:00 PM,2022,01,05,23,24.7,77,Moderate,26.0,UG/M3,1 Hr,Valid
Chisinau,PM2.5 - Principal,2022-01-06 12:00 AM,2022,01,06,00,25.6,79,Moderate,27.0,UG/M3,1 Hr,Valid
Chisinau,PM2.5 - Principal,2022-01-06 01:00 AM,2022,01,06,01,27.2,83,Moderate,29.0,UG/M3,1 Hr,Valid
Chisinau,PM2.5 - Principal,2022-01-06 02:00 AM,2022,01,06,02,27.9,84,Moderate,30.0,UG/M3,1 Hr,Valid
Chisinau,PM2.5 - Principal,2022-01-06 03:00 AM,2022,01,06,03,32.7,94,Moderate,37.0,UG/M3,1 Hr,Valid
Chisinau,PM2.5 - Principal,2022-01-06 04:00 AM,2022,01,06,04,33.6,96,Moderate,35.0,UG/M3,1 Hr,Valid
Chisinau,PM2.5 - Principal,2022-01-06 05:00 AM,2022,01,06,05,33.3,96,Moderate,33.0,UG/M3,1 Hr,Valid
Chisinau,PM2.5 - Principal,2022-01-06 06:00 AM,2022,01,06,06,30.4,89,Moderate,27.0,UG/M3,1 Hr,Valid
Chisinau,PM2.5 - Principal,2022-01-06 07:00 AM,2022,01,06,07,31.1,91,Moderate,32.0,UG/M3,1 Hr,Valid
Chisinau,PM2.5 - Principal,2022-01-06 08:00 AM,2022,01,06,08,28.0,84,Moderate,23.0,UG/M3,1 Hr,Valid
Chisinau,PM2.5 - Principal,2022-01-06 09:00 AM,2022,01,06,09,26.1,80,Moderate,23.0,UG/M3,1 Hr,Valid
Chisinau,PM2.5 - Principal,2022-01-06 10:00 AM,2022,01,06,10,25.3,79,Moderate,24.0,UG/M3,1 Hr,Valid
Chisinau,PM2.5 - Principal,2022-01-06 11:00 AM,2022,01,06,11,23.8,76,Moderate,22.0,UG/M3,1 Hr,Valid
Chisinau,PM2.5 - Principal,2022-01-06 12:00 PM,2022,01,06,12,19.1,66,Moderate,15.0,UG/M3,1 Hr,Valid
Chisinau,PM2.5 - Principal,2022-01-06 01:00 PM,2022,01,06,13,17.5,62,Moderate,16.0,UG/M3,1 Hr,Valid
Chisinau,PM2.5 - Principal,2022-01-06 02:00 PM,2022,01,06,14,17.7,63,Moderate,18.0,UG/M3,1 Hr,Valid
Chisinau,PM2.5 - Principal,2022-01-06 03:00 PM,2022,01,06,15,15.3,58,Moderate,13.0,UG/M3,1 Hr,Valid
Chisinau,PM2.5 - Principal,2022-01-06 04:00 PM,2022,01,06,16,20.6,69,Moderate,26.0,UG/M3,1 Hr,Valid
Chisinau,PM2.5 - Principal,2022-01-06 05:00 PM,2022,01,06,17,19.8,67,Moderate,19.0,UG/M3,1 Hr,Valid
Chisinau,PM2.5 - Principal,2022-01-06 06:00 PM,2022,01,06,18,18.4,64,Moderate,17.0,UG/M3,1 Hr,Valid
Chisinau,PM2.5 - Principal,2022-01-06 07:00 PM,2022,01,06,19,16.2,60,Moderate,14.0,UG/M3,1 Hr,Valid
Chisinau,PM2.5 - Principal,2022-01-06 08:00 PM,2022,01,06,20,15.6,58,Moderate,15.0,UG/M3,1 Hr,Valid
Chisinau,PM2.5 - Principal,2022-01-06 09:00 PM,2022,01,06,21,16.3,60,Moderate,17.0,UG/M3,1 Hr,Valid
Chisinau,PM2.5 - Principal,2022-01-06 10:00 PM,2022,01,06,22,15.1,57,Moderate,14.0,UG/M3,1 Hr,Valid
Chisinau,PM2.5 - Principal,2022-01-06 11:00 PM,2022,01,06,23,15.5,58,Moderate,16.0,UG/M3,1 Hr,Valid
Chisinau,PM2.5 - Principal,2022-01-07 12:00 AM,2022,01,07,00,16.2,60,Moderate,17.0,UG/M3,1 Hr,Valid
Chisinau,PM2.5 - Principal,2022-01-07 01:00 AM,2022,01,07,01,19.1,66,Moderate,22.0,UG/M3,1 Hr,Valid
Chisinau,PM2.5 - Principal,2022-01-07 02:00 AM,2022,01,07,02,18.0,63,Moderate,17.0,UG/M3,1 Hr,Valid
Chisinau,PM2.5 - Principal,2022-01-07 03:00 AM,2022,01,07,03,18.4,64,Moderate,19.0,UG/M3,1 Hr,Valid
Chisinau,PM2.5 - Principal,2022-01-07 04:00 AM,2022,01,07,04,19.2,66,Moderate,21.0,UG/M3,1 Hr,Valid
Chisinau,PM2.5 - Principal,2022-01-07 05:00 AM,2022,01,07,05,18.4,64,Moderate,17.0,UG/M3,1 Hr,Valid
Chisinau,PM2.5 - Principal,2022-01-07 06:00 AM,2022,01,07,06,19.0,66,Moderate,20.0,UG/M3,1 Hr,Valid
Chisinau,PM2.5 - Principal,2022-01-07 07:00 AM,2022,01,07,07,16.5,60,Moderate,13.0,UG/M3,1 Hr,Valid
Chisinau,PM2.5 - Principal,2022-01-07 08:00 AM,2022,01,07,08,13.0,53,Moderate,10.0,UG/M3,1 Hr,Valid
Chisinau,PM2.5 - Principal,2022-01-07 09:00 AM,2022,01,07,09,10.5,44,Good,8.0,UG/M3,1 Hr,Valid
Chisinau,PM2.5 - Principal,2022-01-07 10:00 AM,2022,01,07,10,10.2,43,Good,10.0,UG/M3,1 Hr,Valid
Chisinau,PM2.5 - Principal,2022-01-07 11:00 AM,2022,01,07,11,11.1,46,Good,12.0,UG/M3,1 Hr,Valid
Chisinau,PM2.5 - Principal,2022-01-07 12:00 PM,2022,01,07,12,12.0,50,Good,13.0,UG/M3,1 Hr,Valid
Chisinau,PM2.5 - Principal,2022-01-07 01:00 PM,2022,01,07,13,12.5,52,Moderate,13.0,UG/M3,1 Hr,Valid
Chisinau,PM2.5 - Principal,2022-01-07 02:00 PM,2022,01,07,14,12.7,52,Moderate,13.0,UG/M3,1 Hr,Valid
Chisinau,PM2.5 - Principal,2022-01-07 03:00 PM,2022,01,07,15,12.8,52,Moderate,13.0,UG/M3,1 Hr,Valid
Chisinau,PM2.5 - Principal,2022-01-07 04:00 PM,2022,01,07,16,12.9,53,Moderate,13.0,UG/M3,1 Hr,Valid
Chisinau,PM2.5 - Principal,2022-01-07 05:00 PM,2022,01,07,17,14.4,56,Moderate,16.0,UG/M3,1 Hr,Valid
Chisinau,PM2.5 - Principal,2022-01-07 06:00 PM,2022,01,07,18,13.2,53,Moderate,12.0,UG/M3,1 Hr,Valid
Chisinau,PM2.5 - Principal,2022-01-07 07:00 PM,2022,01,07,19,17.1,62,Moderate,21.0,UG/M3,1 Hr,Valid
Chisinau,PM2.5 - Principal,2022-01-07 08:00 PM,2022,01,07,20,22.0,72,Moderate,27.0,UG/M3,1 Hr,Valid
Chisinau,PM2.5 - Principal,2022-01-07 09:00 PM,2022,01,07,21,26.5,81,Moderate,31.0,UG/M3,1 Hr,Valid
Chisinau,PM2.5 - Principal,2022-01-07 10:00 PM,2022,01,07,22,38.2,108,Unhealthy for Sensitive Groups,50.0,UG/M3,1 Hr,Valid
Chisinau,PM2.5 - Principal,2022-01-07 11:00 PM,2022,01,07,23,52.1,142,Unhealthy for Sensitive Groups,66.0,UG/M3,1 Hr,Valid
Chisinau,PM2.5 - Principal,2022-01-08 12:00 AM,2022,01,08,00,53.0,144,Unhealthy for Sensitive Groups,54.0,UG/M3,1 Hr,Valid
Chisinau,PM2.5 - Principal,2022-01-08 01:00 AM,2022,01,08,01,54.0,147,Unhealthy for Sensitive Groups,55.0,UG/M3,1 Hr,Valid
Chisinau,PM2.5 - Principal,2022-01-08 02:00 AM,2022,01,08,02,51.5,140,Unhealthy for Sensitive Groups,49.0,UG/M3,1 Hr,Valid
Chisinau,PM2.5 - Principal,2022-01-08 03:00 AM,2022,01,08,03,56.7,152,Unhealthy,62.0,UG/M3,1 Hr,Valid
Chisinau,PM2.5 - Principal,2022-01-08 04:00 AM,2022,01,08,04,61.3,154,Unhealthy,66.0,UG/M3,1 Hr,Valid
Chisinau,PM2.5 - Principal,2022-01-08 05:00 AM,2022,01,08,05,62.7,155,Unhealthy,64.0,UG/M3,1 Hr,Valid
Chisinau,PM2.5 - Principal,2022-01-08 06:00 AM,2022,01,08,06,63.3,155,Unhealthy,64.0,UG/M3,1 Hr,Valid
Chisinau,PM2.5 - Principal,2022-01-08 07:00 AM,2022,01,08,07,55.1,149,Unhealthy for Sensitive Groups,47.0,UG/M3,1 Hr,Valid
Chisinau,PM2.5 - Principal,2022-01-08 08:00 AM,2022,01,08,08,40.5,113,Unhealthy for Sensitive Groups,26.0,UG/M3,1 Hr,Valid
Chisinau,PM2.5 - Principal,2022-01-08 09:00 AM,2022,01,08,09,29.7,88,Moderate,19.0,UG/M3,1 Hr,Valid
Chisinau,PM2.5 - Principal,2022-01-08 10:00 AM,2022,01,08,10,22.3,72,Moderate,15.0,UG/M3,1 Hr,Valid
Chisinau,PM2.5 - Principal,2022-01-08 11:00 AM,2022,01,08,11,19.6,67,Moderate,17.0,UG/M3,1 Hr,Valid
Chisinau,PM2.5 - Principal,2022-01-08 12:00 PM,2022,01,08,12,18.3,64,Moderate,17.0,UG/M3,1 Hr,Valid
Chisinau,PM2.5 - Principal,2022-01-08 01:00 PM,2022,01,08,13,17.1,62,Moderate,16.0,UG/M3,1 Hr,Valid
Chisinau,PM2.5 - Principal,2022-01-08 02:00 PM,2022,01,08,14,17.5,62,Moderate,18.0,UG/M3,1 Hr,Valid
Chisinau,PM2.5 - Principal,2022-01-08 03:00 PM,2022,01,08,15,15.7,59,Moderate,14.0,UG/M3,1 Hr,Valid
Chisinau,PM2.5 - Principal,2022-01-08 04:00 PM,2022,01,08,16,16.8,61,Moderate,18.0,UG/M3,1 Hr,Valid
Chisinau,PM2.5 - Principal,2022-01-08 05:00 PM,2022,01,08,17,17.9,63,Moderate,19.0,UG/M3,1 Hr,Valid
Chisinau,PM2.5 - Principal,2022-01-08 06:00 PM,2022,01,08,18,18.9,65,Moderate,20.0,UG/M3,1 Hr,Valid
Chisinau,PM2.5 - Principal,2022-01-08 07:00 PM,2022,01,08,19,19.8,67,Moderate,21.0,UG/M3,1 Hr,Valid
Chisinau,PM2.5 - Principal,2022-01-08 08:00 PM,2022,01,08,20,20.8,69,Moderate,23.0,UG/M3,1 Hr,Valid
Chisinau,PM2.5 - Principal,2022-01-08 09:00 PM,2022,01,08,21,20.9,70,Moderate,21.0,UG/M3,1 Hr,Valid
Chisinau,PM2.5 - Principal,2022-01-08 10:00 PM,2022,01,08,22,21.7,71,Moderate,23.0,UG/M3,1 Hr,Valid
Chisinau,PM2.5 - Principal,2022-01-08 11:00 PM,2022,01,08,23,21.0,70,Moderate,20.0,UG/M3,1 Hr,Valid
Chisinau,PM2.5 - Principal,2022-01-09 12:00 AM,2022,01,09,00,20.2,68,Moderate,19.0,UG/M3,1 Hr,Valid
Chisinau,PM2.5 - Principal,2022-01-09 01:00 AM,2022,01,09,01,18.2,64,Moderate,15.0,UG/M3,1 Hr,Valid
Chisinau,PM2.5 - Principal,2022-01-09 02:00 AM,2022,01,09,02,17.7,63,Moderate,17.0,UG/M3,1 Hr,Valid
Chisinau,PM2.5 - Principal,2022-01-09 03:00 AM,2022,01,09,03,15.5,58,Moderate,13.0,UG/M3,1 Hr,Valid
Chisinau,PM2.5 - Principal,2022-01-09 04:00 AM,2022,01,09,04,16.1,59,Moderate,17.0,UG/M3,1 Hr,Valid
Chisinau,PM2.5 - Principal,2022-01-09 05:00 AM,2022,01,09,05,14.7,56,Moderate,13.0,UG/M3,1 Hr,Valid
Chisinau,PM2.5 - Principal,2022-01-09 06:00 AM,2022,01,09,06,15.3,58,Moderate,16.0,UG/M3,1 Hr,Valid
Chisinau,PM2.5 - Principal,2022-01-09 07:00 AM,2022,01,09,07,15.1,57,Moderate,15.0,UG/M3,1 Hr,Valid
Chisinau,PM2.5 - Principal,2022-01-09 08:00 AM,2022,01,09,08,14.2,55,Moderate,13.0,UG/M3,1 Hr,Valid
Chisinau,PM2.5 - Principal,2022-01-09 09:00 AM,2022,01,09,09,15.8,59,Moderate,18.0,UG/M3,1 Hr,Valid
Chisinau,PM2.5 - Principal,2022-01-09 10:00 AM,2022,01,09,10,15.7,59,Moderate,16.0,UG/M3,1 Hr,Valid
Chisinau,PM2.5 - Principal,2022-01-09 11:00 AM,2022,01,09,11,15.4,58,Moderate,15.0,UG/M3,1 Hr,Valid
Chisinau,PM2.5 - Principal,2022-01-09 12:00 PM,2022,01,09,12,15.3,58,Moderate,15.0,UG/M3,1 Hr,Valid
Chisinau,PM2.5 - Principal,2022-01-09 01:00 PM,2022,01,09,13,15.8,59,Moderate,17.0,UG/M3,1 Hr,Valid
Chisinau,PM2.5 - Principal,2022-01-09 02:00 PM,2022,01,09,14,16.8,61,Moderate,19.0,UG/M3,1 Hr,Valid
Chisinau,PM2.5 - Principal,2022-01-09 03:00 PM,2022,01,09,15,16.9,61,Moderate,17.0,UG/M3,1 Hr,Valid
Chisinau,PM2.5 - Principal,2022-01-09 04:00 PM,2022,01,09,16,16.6,60,Moderate,16.0,UG/M3,1 Hr,Valid
Chisinau,PM2.5 - Principal,2022-01-09 05:00 PM,2022,01,09,17,20.6,69,Moderate,25.0,UG/M3,1 Hr,Valid
Chisinau,PM2.5 - Principal,2022-01-09 06:00 PM,2022,01,09,18,21.7,71,Moderate,23.0,UG/M3,1 Hr,Valid
Chisinau,PM2.5 - Principal,2022-01-09 07:00 PM,2022,01,09,19,20.4,68,Moderate,19.0,UG/M3,1 Hr,Valid
Chisinau,PM2.5 - Principal,2022-01-09 08:00 PM,2022,01,09,20,21.8,71,Moderate,24.0,UG/M3,1 Hr,Valid
Chisinau,PM2.5 - Principal,2022-01-09 09:00 PM,2022,01,09,21,26.6,81,Moderate,31.0,UG/M3,1 Hr,Valid
Chisinau,PM2.5 - Principal,2022-01-09 10:00 PM,2022,01,09,22,32.3,93,Moderate,38.0,UG/M3,1 Hr,Valid
Chisinau,PM2.5 - Principal,2022-01-09 11:00 PM,2022,01,09,23,31.6,92,Moderate,31.0,UG/M3,1 Hr,Valid
Chisinau,PM2.5 - Principal,2022-01-10 12:00 AM,2022,01,10,00,31.3,91,Moderate,31.0,UG/M3,1 Hr,Valid
Chisinau,PM2.5 - Principal,2022-01-10 01:00 AM,2022,01,10,01,27.6,84,Moderate,24.0,UG/M3,1 Hr,Valid
Chisinau,PM2.5 - Principal,2022-01-10 02:00 AM,2022,01,10,02,24.3,77,Moderate,21.0,UG/M3,1 Hr,Valid
Chisinau,PM2.5 - Principal,2022-01-10 03:00 AM,2022,01,10,03,22.6,73,Moderate,21.0,UG/M3,1 Hr,Valid
Chisinau,PM2.5 - Principal,2022-01-10 04:00 AM,2022,01,10,04,20.8,69,Moderate,19.0,UG/M3,1 Hr,Valid
Chisinau,PM2.5 - Principal,2022-01-10 05:00 AM,2022,01,10,05,18.4,64,Moderate,16.0,UG/M3,1 Hr,Valid
Chisinau,PM2.5 - Principal,2022-01-10 06:00 AM,2022,01,10,06,16.2,60,Moderate,14.0,UG/M3,1 Hr,Valid
Chisinau,PM2.5 - Principal,2022-01-10 07:00 AM,2022,01,10,07,14.1,55,Moderate,12.0,UG/M3,1 Hr,Valid
Chisinau,PM2.5 - Principal,2022-01-10 08:00 AM,2022,01,10,08,13.0,53,Moderate,12.0,UG/M3,1 Hr,Valid
Chisinau,PM2.5 - Principal,2022-01-10 09:00 AM,2022,01,10,09,15.5,58,Moderate,18.0,UG/M3,1 Hr,Valid
Chisinau,PM2.5 - Principal,2022-01-10 10:00 AM,2022,01,10,10,18.7,65,Moderate,22.0,UG/M3,1 Hr,Valid
Chisinau,PM2.5 - Principal,2022-01-10 11:00 AM,2022,01,10,11,22.3,72,Moderate,26.0,UG/M3,1 Hr,Valid
Chisinau,PM2.5 - Principal,2022-01-10 12:00 PM,2022,01,10,12,24.1,76,Moderate,26.0,UG/M3,1 Hr,Valid
Chisinau,PM2.5 - Principal,2022-01-10 01:00 PM,2022,01,10,13,25.5,79,Moderate,27.0,UG/M3,1 Hr,Valid
Chisinau,PM2.5 - Principal,2022-01-10 02:00 PM,2022,01,10,14,26.2,81,Moderate,27.0,UG/M3,1 Hr,Valid
Chisinau,PM2.5 - Principal,2022-01-10 03:00 PM,2022,01,10,15,29.6,88,Moderate,33.0,UG/M3,1 Hr,Valid
Chisinau,PM2.5 - Principal,2022-01-10 04:00 PM,2022,01,10,16,29.8,88,Moderate,30.0,UG/M3,1 Hr,Valid
Chisinau,PM2.5 - Principal,2022-01-10 05:00 PM,2022,01,10,17,28.4,85,Moderate,27.0,UG/M3,1 Hr,Valid
Chisinau,PM2.5 - Principal,2022-01-10 06:00 PM,2022,01,10,18,30.7,90,Moderate,33.0,UG/M3,1 Hr,Valid
Chisinau,PM2.5 - Principal,2022-01-10 07:00 PM,2022,01,10,19,28.8,86,Moderate,27.0,UG/M3,1 Hr,Valid
Chisinau,PM2.5 - Principal,2022-01-10 08:00 PM,2022,01,10,20,24.8,78,Moderate,20.0,UG/M3,1 Hr,Valid
Chisinau,PM2.5 - Principal,2022-01-10 09:00 PM,2022,01,10,21,24.8,78,Moderate,24.0,UG/M3,1 Hr,Valid
Chisinau,PM2.5 - Principal,2022-01-10 10:00 PM,2022,01,10,22,23.7,75,Moderate,22.0,UG/M3,1 Hr,Valid
Chisinau,PM2.5 - Principal,2022-01-10 11:00 PM,2022,01,10,23,22.2,72,Moderate,20.0,UG/M3,1 Hr,Valid
Chisinau,PM2.5 - Principal,2022-01-11 12:00 AM,2022,01,11,00,21.7,71,Moderate,21.0,UG/M3,1 Hr,Valid
Chisinau,PM2.5 - Principal,2022-01-11 01:00 AM,2022,01,11,01,22.2,72,Moderate,23.0,UG/M3,1 Hr,Valid
Chisinau,PM2.5 - Principal,2022-01-11 02:00 AM,2022,01,11,02,22.5,73,Moderate,23.0,UG/M3,1 Hr,Valid
Chisinau,PM2.5 - Principal,2022-01-11 03:00 AM,2022,01,11,03,23.1,74,Moderate,24.0,UG/M3,1 Hr,Valid
Chisinau,PM2.5 - Principal,2022-01-11 04:00 AM,2022,01,11,04,25.0,78,Moderate,28.0,UG/M3,1 Hr,Valid
Chisinau,PM2.5 - Principal,2022-01-11 05:00 AM,2022,01,11,05,23.8,76,Moderate,22.0,UG/M3,1 Hr,Valid
Chisinau,PM2.5 - Principal,2022-01-11 06:00 AM,2022,01,11,06,21.1,70,Moderate,17.0,UG/M3,1 Hr,Valid
Chisinau,PM2.5 - Principal,2022-01-11 07:00 AM,2022,01,11,07,20.2,68,Moderate,19.0,UG/M3,1 Hr,Valid
Chisinau,PM2.5 - Principal,2022-01-11 08:00 AM,2022,01,11,08,18.3,64,Moderate,16.0,UG/M3,1 Hr,Valid
Chisinau,PM2.5 - Principal,2022-01-11 09:00 AM,2022,01,11,09,18.6,65,Moderate,19.0,UG/M3,1 Hr,Valid
Chisinau,PM2.5 - Principal,2022-01-11 10:00 AM,2022,01,11,10,18.7,65,Moderate,19.0,UG/M3,1 Hr,Valid
Chisinau,PM2.5 - Principal,2022-01-11 11:00 AM,2022,01,11,11,19.7,67,Moderate,21.0,UG/M3,1 Hr,Valid
Chisinau,PM2.5 - Principal,2022-01-11 12:00 PM,2022,01,11,12,19.4,66,Moderate,19.0,UG/M3,1 Hr,Valid
Chisinau,PM2.5 - Principal,2022-01-11 01:00 PM,2022,01,11,13,17.9,63,Moderate,16.0,UG/M3,1 Hr,Valid
Chisinau,PM2.5 - Principal,2022-01-11 02:00 PM,2022,01,11,14,17.9,63,Moderate,18.0,UG/M3,1 Hr,Valid
Chisinau,PM2.5 - Principal,2022-01-11 03:00 PM,2022,01,11,15,17.5,62,Moderate,17.0,UG/M3,1 Hr,Valid
Chisinau,PM2.5 - Principal,2022-01-11 04:00 PM,2022,01,11,16,18.4,64,Moderate,20.0,UG/M3,1 Hr,Valid
Chisinau,PM2.5 - Principal,2022-01-11 05:00 PM,2022,01,11,17,17.8,63,Moderate,16.0,UG/M3,1 Hr,Valid
Chisinau,PM2.5 - Principal,2022-01-11 06:00 PM,2022,01,11,18,16.4,60,Moderate,14.0,UG/M3,1 Hr,Valid
Chisinau,PM2.5 - Principal,2022-01-11 07:00 PM,2022,01,11,19,16.2,60,Moderate,16.0,UG/M3,1 Hr,Valid
Chisinau,PM2.5 - Principal,2022-01-11 08:00 PM,2022,01,11,20,15.5,58,Moderate,14.0,UG/M3,1 Hr,Valid
Chisinau,PM2.5 - Principal,2022-01-11 09:00 PM,2022,01,11,21,16.0,59,Moderate,17.0,UG/M3,1 Hr,Valid
Chisinau,PM2.5 - Principal,2022-01-11 10:00 PM,2022,01,11,22,15.9,59,Moderate,16.0,UG/M3,1 Hr,Valid
Chisinau,PM2.5 - Principal,2022-01-11 11:00 PM,2022,01,11,23,13.7,54,Moderate,11.0,UG/M3,1 Hr,Valid
Chisinau,PM2.5 - Principal,2022-01-12 12:00 AM,2022,01,12,00,12.9,53,Moderate,12.0,UG/M3,1 Hr,Valid
Chisinau,PM2.5 - Principal,2022-01-12 01:00 AM,2022,01,12,01,15.2,58,Moderate,18.0,UG/M3,1 Hr,Valid
Chisinau,PM2.5 - Principal,2022-01-12 02:00 AM,2022,01,12,02,15.1,57,Moderate,15.0,UG/M3,1 Hr,Valid
Chisinau,PM2.5 - Principal,2022-01-12 03:00 AM,2022,01,12,03,14.6,56,Moderate,14.0,UG/M3,1 Hr,Valid
Chisinau,PM2.5 - Principal,2022-01-12 04:00 AM,2022,01,12,04,14.3,56,Moderate,14.0,UG/M3,1 Hr,Valid
Chisinau,PM2.5 - Principal,2022-01-12 05:00 AM,2022,01,12,05,14.6,56,Moderate,15.0,UG/M3,1 Hr,Valid
Chisinau,PM2.5 - Principal,2022-01-12 06:00 AM,2022,01,12,06,15.1,57,Moderate,16.0,UG/M3,1 Hr,Valid
Chisinau,PM2.5 - Principal,2022-01-12 07:00 AM,2022,01,12,07,14.3,56,Moderate,13.0,UG/M3,1 Hr,Valid
Chisinau,PM2.5 - Principal,2022-01-12 08:00 AM,2022,01,12,08,13.8,55,Moderate,13.0,UG/M3,1 Hr,Valid
Chisinau,PM2.5 - Principal,2022-01-12 09:00 AM,2022,01,12,09,13.8,55,Moderate,14.0,UG/M3,1 Hr,Valid
Chisinau,PM2.5 - Principal,2022-01-12 10:00 AM,2022,01,12,10,13.5,54,Moderate,13.0,UG/M3,1 Hr,Valid
Chisinau,PM2.5 - Principal,2022-01-12 11:00 AM,2022,01,12,11,13.4,54,Moderate,13.0,UG/M3,1 Hr,Valid
Chisinau,PM2.5 - Principal,2022-01-12 12:00 PM,2022,01,12,12,13.3,54,Moderate,13.0,UG/M3,1 Hr,Valid
Chisinau,PM2.5 - Principal,2022-01-12 01:00 PM,2022,01,12,13,13.0,53,Moderate,12.0,UG/M3,1 Hr,Valid
Chisinau,PM2.5 - Principal,2022-01-12 02:00 PM,2022,01,12,14,13.0,53,Moderate,13.0,UG/M3,1 Hr,Valid
Chisinau,PM2.5 - Principal,2022-01-12 03:00 PM,2022,01,12,15,13.7,54,Moderate,16.0,UG/M3,1 Hr,Valid
Chisinau,PM2.5 - Principal,2022-01-12 04:00 PM,2022,01,12,16,13.5,54,Moderate,13.0,UG/M3,1 Hr,Valid
Chisinau,PM2.5 - Principal,2022-01-12 05:00 PM,2022,01,12,17,14.6,56,Moderate,17.0,UG/M3,1 Hr,Valid
Chisinau,PM2.5 - Principal,2022-01-12 06:00 PM,2022,01,12,18,14.1,55,Moderate,13.0,UG/M3,1 Hr,Valid
Chisinau,PM2.5 - Principal,2022-01-12 07:00 PM,2022,01,12,19,12.4,52,Moderate,10.0,UG/M3,1 Hr,Valid
Chisinau,PM2.5 - Principal,2022-01-12 08:00 PM,2022,01,12,20,16.0,59,Moderate,20.0,UG/M3,1 Hr,Valid
Chisinau,PM2.5 - Principal,2022-01-12 09:00 PM,2022,01,12,21,18.0,63,Moderate,20.0,UG/M3,1 Hr,Valid
Chisinau,PM2.5 - Principal,2022-01-12 10:00 PM,2022,01,12,22,16.0,59,Moderate,14.0,UG/M3,1 Hr,Valid
Chisinau,PM2.5 - Principal,2022-01-12 11:00 PM,2022,01,12,23,16.5,60,Moderate,17.0,UG/M3,1 Hr,Valid
Chisinau,PM2.5 - Principal,2022-01-13 12:00 AM,2022,01,13,00,17.2,62,Moderate,18.0,UG/M3,1 Hr,Valid
Chisinau,PM2.5 - Principal,2022-01-13 01:00 AM,2022,01,13,01,17.6,63,Moderate,18.0,UG/M3,1 Hr,Valid
Chisinau,PM2.5 - Principal,2022-01-13 02:00 AM,2022,01,13,02,19.3,66,Moderate,21.0,UG/M3,1 Hr,Valid
Chisinau,PM2.5 - Principal,2022-01-13 03:00 AM,2022,01,13,03,21.1,70,Moderate,23.0,UG/M3,1 Hr,Valid
Chisinau,PM2.5 - Principal,2022-01-13 04:00 AM,2022,01,13,04,22.0,72,Moderate,23.0,UG/M3,1 Hr,Valid
Chisinau,PM2.5 - Principal,2022-01-13 05:00 AM,2022,01,13,05,21.0,70,Moderate,20.0,UG/M3,1 Hr,Valid
Chisinau,PM2.5 - Principal,2022-01-13 06:00 AM,2022,01,13,06,24.0,76,Moderate,27.0,UG/M3,1 Hr,Valid
Chisinau,PM2.5 - Principal,2022-01-13 07:00 AM,2022,01,13,07,24.9,78,Moderate,26.0,UG/M3,1 Hr,Valid
Chisinau,PM2.5 - Principal,2022-01-13 08:00 AM,2022,01,13,08,27.0,82,Moderate,29.0,UG/M3,1 Hr,Valid
Chisinau,PM2.5 - Principal,2022-01-13 09:00 AM,2022,01,13,09,29.0,87,Moderate,31.0,UG/M3,1 Hr,Valid
Chisinau,PM2.5 - Principal,2022-01-13 10:00 AM,2022,01,13,10,33.0,95,Moderate,37.0,UG/M3,1 Hr,Valid
Chisinau,PM2.5 - Principal,2022-01-13 11:00 AM,2022,01,13,11,33.5,96,Moderate,34.0,UG/M3,1 Hr,Valid
Chisinau,PM2.5 - Principal,2022-01-13 12:00 PM,2022,01,13,12,28.2,85,Moderate,23.0,UG/M3,1 Hr,Valid
Chisinau,PM2.5 - Principal,2022-01-13 01:00 PM,2022,01,13,13,28.2,85,Moderate,28.0,UG/M3,1 Hr,Valid
Chisinau,PM2.5 - Principal,2022-01-13 02:00 PM,2022,01,13,14,25.8,80,Moderate,23.0,UG/M3,1 Hr,Valid
Chisinau,PM2.5 - Principal,2022-01-13 03:00 PM,2022,01,13,15,25.4,79,Moderate,25.0,UG/M3,1 Hr,Valid
Chisinau,PM2.5 - Principal,2022-01-13 04:00 PM,2022,01,13,16,24.3,77,Moderate,23.0,UG/M3,1 Hr,Valid
Chisinau,PM2.5 - Principal,2022-01-13 05:00 PM,2022,01,13,17,26.0,80,Moderate,28.0,UG/M3,1 Hr,Valid
Chisinau,PM2.5 - Principal,2022-01-13 06:00 PM,2022,01,13,18,26.3,81,Moderate,27.0,UG/M3,1 Hr,Valid
Chisinau,PM2.5 - Principal,2022-01-13 07:00 PM,2022,01,13,19,28.1,85,Moderate,31.0,UG/M3,1 Hr,Valid
Chisinau,PM2.5 - Principal,2022-01-13 08:00 PM,2022,01,13,20,30.7,90,Moderate,35.0,UG/M3,1 Hr,Valid
Chisinau,PM2.5 - Principal,2022-01-13 09:00 PM,2022,01,13,21,31.6,92,Moderate,33.0,UG/M3,1 Hr,Valid
Chisinau,PM2.5 - Principal,2022-01-13 10:00 PM,2022,01,13,22,30.1,89,Moderate,28.0,UG/M3,1 Hr,Valid
Chisinau,PM2.5 - Principal,2022-01-13 11:00 PM,2022,01,13,23,31.1,91,Moderate,33.0,UG/M3,1 Hr,Valid
Chisinau,PM2.5 - Principal,2022-01-14 12:00 AM,2022,01,14,00,36.8,104,Unhealthy for Sensitive Groups,43.0,UG/M3,1 Hr,Valid
Chisinau,PM2.5 - Principal,2022-01-14 01:00 AM,2022,01,14,01,32.7,94,Moderate,28.0,UG/M3,1 Hr,Valid
Chisinau,PM2.5 - Principal,2022-01-14 02:00 AM,2022,01,14,02,28.2,85,Moderate,23.0,UG/M3,1 Hr,Valid
Chisinau,PM2.5 - Principal,2022-01-14 03:00 AM,2022,01,14,03,24.4,77,Moderate,21.0,UG/M3,1 Hr,Valid
Chisinau,PM2.5 - Principal,2022-01-14 04:00 AM,2022,01,14,04,22.2,72,Moderate,20.0,UG/M3,1 Hr,Valid
Chisinau,PM2.5 - Principal,2022-01-14 05:00 AM,2022,01,14,05,19.6,67,Moderate,17.0,UG/M3,1 Hr,Valid
Chisinau,PM2.5 - Principal,2022-01-14 06:00 AM,2022,01,14,06,18.2,64,Moderate,17.0,UG/M3,1 Hr,Valid
Chisinau,PM2.5 - Principal,2022-01-14 07:00 AM,2022,01,14,07,18.6,65,Moderate,19.0,UG/M3,1 Hr,Valid
Chisinau,PM2.5 - Principal,2022-01-14 08:00 AM,2022,01,14,08,18.8,65,Moderate,19.0,UG/M3,1 Hr,Valid
Chisinau,PM2.5 - Principal,2022-01-14 09:00 AM,2022,01,14,09,21.4,71,Moderate,24.0,UG/M3,1 Hr,Valid
Chisinau,PM2.5 - Principal,2022-01-14 10:00 AM,2022,01,14,10,22.7,73,Moderate,24.0,UG/M3,1 Hr,Valid
Chisinau,PM2.5 - Principal,2022-01-14 11:00 AM,2022,01,14,11,25.3,79,Moderate,28.0,UG/M3,1 Hr,Valid
Chisinau,PM2.5 - Principal,2022-01-14 12:00 PM,2022,01,14,12,24.2,76,Moderate,24.0,UG/M3,1 Hr,Valid
Chisinau,PM2.5 - Principal,2022-01-14 01:00 PM,2022,01,14,13,24.5,77,Moderate,25.0,UG/M3,1 Hr,Valid
Chisinau,PM2.5 - Principal,2022-01-14 02:00 PM,2022,01,14,14,23.1,74,Moderate,21.0,UG/M3,1 Hr,Valid
Chisinau,PM2.5 - Principal,2022-01-14 03:00 PM,2022,01,14,15,23.0,74,Moderate,23.0,UG/M3,1 Hr,Valid
Chisinau,PM2.5 - Principal,2022-01-14 04:00 PM,2022,01,14,16,22.6,73,Moderate,22.0,UG/M3,1 Hr,Valid
Chisinau,PM2.5 - Principal,2022-01-14 05:00 PM,2022,01,14,17,22.4,73,Moderate,22.0,UG/M3,1 Hr,Valid
Chisinau,PM2.5 - Principal,2022-01-14 06:00 PM,2022,01,14,18,19.6,67,Moderate,16.0,UG/M3,1 Hr,Valid
Chisinau,PM2.5 - Principal,2022-01-14 07:00 PM,2022,01,14,19,18.9,65,Moderate,18.0,UG/M3,1 Hr,Valid
Chisinau,PM2.5 - Principal,2022-01-14 08:00 PM,2022,01,14,20,16.9,61,Moderate,15.0,UG/M3,1 Hr,Valid
Chisinau,PM2.5 - Principal,2022-01-14 09:00 PM,2022,01,14,21,15.3,58,Moderate,14.0,UG/M3,1 Hr,Valid
Chisinau,PM2.5 - Principal,2022-01-14 10:00 PM,2022,01,14,22,14.1,55,Moderate,13.0,UG/M3,1 Hr,Valid
Chisinau,PM2.5 - Principal,2022-01-14 11:00 PM,2022,01,14,23,14.1,55,Moderate,14.0,UG/M3,1 Hr,Valid
Chisinau,PM2.5 - Principal,2022-01-15 12:00 AM,2022,01,15,00,13.5,54,Moderate,13.0,UG/M3,1 Hr,Valid
Chisinau,PM2.5 - Principal,2022-01-15 01:00 AM,2022,01,15,01,11.7,49,Good,10.0,UG/M3,1 Hr,Valid
Chisinau,PM2.5 - Principal,2022-01-15 02:00 AM,2022,01,15,02,9.3,39,Good,7.0,UG/M3,1 Hr,Valid
Chisinau,PM2.5 - Principal,2022-01-15 03:00 AM,2022,01,15,03,8.6,36,Good,8.0,UG/M3,1 Hr,Valid
Chisinau,PM2.5 - Principal,2022-01-15 04:00 AM,2022,01,15,04,7.3,30,Good,6.0,UG/M3,1 Hr,Valid
Chisinau,PM2.5 - Principal,2022-01-15 05:00 AM,2022,01,15,05,7.6,32,Good,8.0,UG/M3,1 Hr,Valid
Chisinau,PM2.5 - Principal,2022-01-15 06:00 AM,2022,01,15,06,7.8,33,Good,8.0,UG/M3,1 Hr,Valid
Chisinau,PM2.5 - Principal,2022-01-15 07:00 AM,2022,01,15,07,8.4,35,Good,9.0,UG/M3,1 Hr,Valid
Chisinau,PM2.5 - Principal,2022-01-15 08:00 AM,2022,01,15,08,9.7,40,Good,11.0,UG/M3,1 Hr,Valid
Chisinau,PM2.5 - Principal,2022-01-15 09:00 AM,2022,01,15,09,11.3,47,Good,13.0,UG/M3,1 Hr,Valid
Chisinau,PM2.5 - Principal,2022-01-15 10:00 AM,2022,01,15,10,11.1,46,Good,11.0,UG/M3,1 Hr,Valid
Chisinau,PM2.5 - Principal,2022-01-15 11:00 AM,2022,01,15,11,11.0,46,Good,11.0,UG/M3,1 Hr,Valid
Chisinau,PM2.5 - Principal,2022-01-15 12:00 PM,2022,01,15,12,11.0,46,Good,11.0,UG/M3,1 Hr,Valid
Chisinau,PM2.5 - Principal,2022-01-15 01:00 PM,2022,01,15,13,14.0,55,Moderate,17.0,UG/M3,1 Hr,Valid
Chisinau,PM2.5 - Principal,2022-01-15 02:00 PM,2022,01,15,14,13.0,53,Moderate,12.0,UG/M3,1 Hr,Valid
Chisinau,PM2.5 - Principal,2022-01-15 03:00 PM,2022,01,15,15,13.5,54,Moderate,14.0,UG/M3,1 Hr,Valid
Chisinau,PM2.5 - Principal,2022-01-15 04:00 PM,2022,01,15,16,12.7,52,Moderate,12.0,UG/M3,1 Hr,Valid
Chisinau,PM2.5 - Principal,2022-01-15 05:00 PM,2022,01,15,17,16.3,60,Moderate,20.0,UG/M3,1 Hr,Valid
Chisinau,PM2.5 - Principal,2022-01-15 06:00 PM,2022,01,15,18,18.1,64,Moderate,20.0,UG/M3,1 Hr,Valid
Chisinau,PM2.5 - Principal,2022-01-15 07:00 PM,2022,01,15,19,17.4,62,Moderate,17.0,UG/M3,1 Hr,Valid
Chisinau,PM2.5 - Principal,2022-01-15 08:00 PM,2022,01,15,20,16.8,61,Moderate,16.0,UG/M3,1 Hr,Valid
Chisinau,PM2.5 - Principal,2022-01-15 09:00 PM,2022,01,15,21,16.4,60,Moderate,16.0,UG/M3,1 Hr,Valid
Chisinau,PM2.5 - Principal,2022-01-15 10:00 PM,2022,01,15,22,16.6,60,Moderate,17.0,UG/M3,1 Hr,Valid
Chisinau,PM2.5 - Principal,2022-01-15 11:00 PM,2022,01,15,23,15.4,58,Moderate,14.0,UG/M3,1 Hr,Valid
Chisinau,PM2.5 - Principal,2022-01-16 12:00 AM,2022,01,16,00,16.1,59,Moderate,17.0,UG/M3,1 Hr,Valid
Chisinau,PM2.5 - Principal,2022-01-16 01:00 AM,2022,01,16,01,14.4,56,Moderate,12.0,UG/M3,1 Hr,Valid
Chisinau,PM2.5 - Principal,2022-01-16 02:00 AM,2022,01,16,02,12.8,52,Moderate,11.0,UG/M3,1 Hr,Valid
Chisinau,PM2.5 - Principal,2022-01-16 03:00 AM,2022,01,16,03,12.4,52,Moderate,12.0,UG/M3,1 Hr,Valid
Chisinau,PM2.5 - Principal,2022-01-16 04:00 AM,2022,01,16,04,13.5,54,Moderate,15.0,UG/M3,1 Hr,Valid
Chisinau,PM2.5 - Principal,2022-01-16 05:00 AM,2022,01,16,05,11.8,49,Good,10.0,UG/M3,1 Hr,Valid
Chisinau,PM2.5 - Principal,2022-01-16 06:00 AM,2022,01,16,06,12.8,52,Moderate,14.0,UG/M3,1 Hr,Valid
Chisinau,PM2.5 - Principal,2022-01-16 07:00 AM,2022,01,16,07,13.3,54,Moderate,14.0,UG/M3,1 Hr,Valid
Chisinau,PM2.5 - Principal,2022-01-16 08:00 AM,2022,01,16,08,12.3,51,Moderate,11.0,UG/M3,1 Hr,Valid
Chisinau,PM2.5 - Principal,2022-01-16 09:00 AM,2022,01,16,09,11.3,47,Good,10.0,UG/M3,1 Hr,Valid
Chisinau,PM2.5 - Principal,2022-01-16 10:00 AM,2022,01,16,10,12.4,52,Moderate,14.0,UG/M3,1 Hr,Valid
Chisinau,PM2.5 - Principal,2022-01-16 11:00 AM,2022,01,16,11,11.8,49,Good,11.0,UG/M3,1 Hr,Valid
Chisinau,PM2.5 - Principal,2022-01-16 12:00 PM,2022,01,16,12,11.9,50,Good,12.0,UG/M3,1 Hr,Valid
Chisinau,PM2.5 - Principal,2022-01-16 01:00 PM,2022,01,16,13,12.9,53,Moderate,15.0,UG/M3,1 Hr,Valid
Chisinau,PM2.5 - Principal,2022-01-16 02:00 PM,2022,01,16,14,12.9,53,Moderate,13.0,UG/M3,1 Hr,Valid
Chisinau,PM2.5 - Principal,2022-01-16 03:00 PM,2022,01,16,15,13.3,54,Moderate,14.0,UG/M3,1 Hr,Valid
Chisinau,PM2.5 - Principal,2022-01-16 04:00 PM,2022,01,16,16,12.8,52,Moderate,12.0,UG/M3,1 Hr,Valid
Chisinau,PM2.5 - Principal,2022-01-16 05:00 PM,2022,01,16,17,13.5,54,Moderate,15.0,UG/M3,1 Hr,Valid
Chisinau,PM2.5 - Principal,2022-01-16 06:00 PM,2022,01,16,18,15.0,57,Moderate,17.0,UG/M3,1 Hr,Valid
Chisinau,PM2.5 - Principal,2022-01-16 07:00 PM,2022,01,16,19,21.7,71,Moderate,28.0,UG/M3,1 Hr,Valid
Chisinau,PM2.5 - Principal,2022-01-16 08:00 PM,2022,01,16,20,27.8,84,Moderate,34.0,UG/M3,1 Hr,Valid
Chisinau,PM2.5 - Principal,2022-01-16 09:00 PM,2022,01,16,21,33.9,97,Moderate,40.0,UG/M3,1 Hr,Valid
Chisinau,PM2.5 - Principal,2022-01-16 10:00 PM,2022,01,16,22,52.9,144,Unhealthy for Sensitive Groups,72.0,UG/M3,1 Hr,Valid
Chisinau,PM2.5 - Principal,2022-01-16 11:00 PM,2022,01,16,23,65.9,156,Unhealthy,79.0,UG/M3,1 Hr,Valid
Chisinau,PM2.5 - Principal,2022-01-17 12:00 AM,2022,01,17,00,67.0,157,Unhealthy,68.0,UG/M3,1 Hr,Valid
Chisinau,PM2.5 - Principal,2022-01-17 01:00 AM,2022,01,17,01,63.0,155,Unhealthy,59.0,UG/M3,1 Hr,Valid
Chisinau,PM2.5 - Principal,2022-01-17 02:00 AM,2022,01,17,02,58.5,153,Unhealthy,54.0,UG/M3,1 Hr,Valid
Chisinau,PM2.5 - Principal,2022-01-17 03:00 AM,2022,01,17,03,47.7,131,Unhealthy for Sensitive Groups,37.0,UG/M3,1 Hr,Valid
Chisinau,PM2.5 - Principal,2022-01-17 04:00 AM,2022,01,17,04,41.8,117,Unhealthy for Sensitive Groups,36.0,UG/M3,1 Hr,Valid
Chisinau,PM2.5 - Principal,2022-01-17 05:00 AM,2022,01,17,05,40.9,114,Unhealthy for Sensitive Groups,40.0,UG/M3,1 Hr,Valid
Chisinau,PM2.5 - Principal,2022-01-17 06:00 AM,2022,01,17,06,34.4,98,Moderate,28.0,UG/M3,1 Hr,Valid
Chisinau,PM2.5 - Principal,2022-01-17 07:00 AM,2022,01,17,07,31.2,91,Moderate,28.0,UG/M3,1 Hr,Valid
Chisinau,PM2.5 - Principal,2022-01-17 08:00 AM,2022,01,17,08,31.1,91,Moderate,31.0,UG/M3,1 Hr,Valid
Chisinau,PM2.5 - Principal,2022-01-17 09:00 AM,2022,01,17,09,32.0,93,Moderate,33.0,UG/M3,1 Hr,Valid
Chisinau,PM2.5 - Principal,2022-01-17 10:00 AM,2022,01,17,10,40.0,112,Unhealthy for Sensitive Groups,48.0,UG/M3,1 Hr,Valid
Chisinau,PM2.5 - Principal,2022-01-17 11:00 AM,2022,01,17,11,42.5,118,Unhealthy for Sensitive Groups,45.0,UG/M3,1 Hr,Valid
Chisinau,PM2.5 - Principal,2022-01-17 12:00 PM,2022,01,17,12,42.2,117,Unhealthy for Sensitive Groups,42.0,UG/M3,1 Hr,Valid
Chisinau,PM2.5 - Principal,2022-01-17 01:00 PM,2022,01,17,13,40.1,112,Unhealthy for Sensitive Groups,38.0,UG/M3,1 Hr,Valid
Chisinau,PM2.5 - Principal,2022-01-17 02:00 PM,2022,01,17,14,35.0,99,Moderate,28.0,UG/M3,1 Hr,Valid
Chisinau,PM2.5 - Principal,2022-01-17 03:00 PM,2022,01,17,15,28.0,84,Moderate,22.0,UG/M3,1 Hr,Valid
Chisinau,PM2.5 - Principal,2022-01-17 04:00 PM,2022,01,17,16,28.5,85,Moderate,29.0,UG/M3,1 Hr,Valid
Chisinau,PM2.5 - Principal,2022-01-17 05:00 PM,2022,01,17,17,27.2,83,Moderate,26.0,UG/M3,1 Hr,Valid
Chisinau,PM2.5 - Principal,2022-01-17 06:00 PM,2022,01,17,18,28.1,85,Moderate,29.0,UG/M3,1 Hr,Valid
Chisinau,PM2.5 - Principal,2022-01-17 07:00 PM,2022,01,17,19,23.0,74,Moderate,18.0,UG/M3,1 Hr,Valid
Chisinau,PM2.5 - Principal,2022-01-17 08:00 PM,2022,01,17,20,21.0,70,Moderate,19.0,UG/M3,1 Hr,Valid
Chisinau,PM2.5 - Principal,2022-01-17 09:00 PM,2022,01,17,21,17.5,62,Moderate,14.0,UG/M3,1 Hr,Valid
Chisinau,PM2.5 - Principal,2022-01-17 10:00 PM,2022,01,17,22,18.2,64,Moderate,19.0,UG/M3,1 Hr,Valid
Chisinau,PM2.5 - Principal,2022-01-17 11:00 PM,2022,01,17,23,15.1,57,Moderate,12.0,UG/M3,1 Hr,Valid
Chisinau,PM2.5 - Principal,2022-01-18 12:00 AM,2022,01,18,00,14.0,55,Moderate,13.0,UG/M3,1 Hr,Valid
Chisinau,PM2.5 - Principal,2022-01-18 01:00 AM,2022,01,18,01,12.5,52,Moderate,11.0,UG/M3,1 Hr,Valid
Chisinau,PM2.5 - Principal,2022-01-18 02:00 AM,2022,01,18,02,11.7,49,Good,11.0,UG/M3,1 Hr,Valid
Chisinau,PM2.5 - Principal,2022-01-18 03:00 AM,2022,01,18,03,11.3,47,Good,11.0,UG/M3,1 Hr,Valid
Chisinau,PM2.5 - Principal,2022-01-18 04:00 AM,2022,01,18,04,12.1,51,Moderate,13.0,UG/M3,1 Hr,Valid
Chisinau,PM2.5 - Principal,2022-01-18 05:00 AM,2022,01,18,05,13.0,53,Moderate,14.0,UG/M3,1 Hr,Valid
Chisinau,PM2.5 - Principal,2022-01-18 06:00 AM,2022,01,18,06,12.1,51,Moderate,11.0,UG/M3,1 Hr,Valid
Chisinau,PM2.5 - Principal,2022-01-18 07:00 AM,2022,01,18,07,10.5,44,Good,9.0,UG/M3,1 Hr,Valid
Chisinau,PM2.5 - Principal,2022-01-18 08:00 AM,2022,01,18,08,10.2,43,Good,10.0,UG/M3,1 Hr,Valid
Chisinau,PM2.5 - Principal,2022-01-18 09:00 AM,2022,01,18,09,11.1,46,Good,12.0,UG/M3,1 Hr,Valid
Chisinau,PM2.5 - Principal,2022-01-18 10:00 AM,2022,01,18,10,11.4,48,Good,12.0,UG/M3,1 Hr,Valid
Chisinau,PM2.5 - Principal,2022-01-18 11:00 AM,2022,01,18,11,11.9,50,Good,13.0,UG/M3,1 Hr,Valid
Chisinau,PM2.5 - Principal,2022-01-18 12:00 PM,2022,01,18,12,12.7,52,Moderate,14.0,UG/M3,1 Hr,Valid
Chisinau,PM2.5 - Principal,2022-01-18 01:00 PM,2022,01,18,13,12.4,52,Moderate,12.0,UG/M3,1 Hr,Valid
Chisinau,PM2.5 - Principal,2022-01-18 02:00 PM,2022,01,18,14,12.2,51,Moderate,12.0,UG/M3,1 Hr,Valid
Chisinau,PM2.5 - Principal,2022-01-18 03:00 PM,2022,01,18,15,15.1,57,Moderate,18.0,UG/M3,1 Hr,Valid
Chisinau,PM2.5 - Principal,2022-01-18 04:00 PM,2022,01,18,16,14.0,55,Moderate,13.0,UG/M3,1 Hr,Valid
Chisinau,PM2.5 - Principal,2022-01-18 05:00 PM,2022,01,18,17,14.5,56,Moderate,15.0,UG/M3,1 Hr,Valid
Chisinau,PM2.5 - Principal,2022-01-18 06:00 PM,2022,01,18,18,15.2,58,Moderate,16.0,UG/M3,1 Hr,Valid
Chisinau,PM2.5 - Principal,2022-01-18 07:00 PM,2022,01,18,19,15.5,58,Moderate,16.0,UG/M3,1 Hr,Valid
Chisinau,PM2.5 - Principal,2022-01-18 08:00 PM,2022,01,18,20,14.8,57,Moderate,14.0,UG/M3,1 Hr,Valid
Chisinau,PM2.5 - Principal,2022-01-18 09:00 PM,2022,01,18,21,13.3,54,Moderate,11.0,UG/M3,1 Hr,Valid
Chisinau,PM2.5 - Principal,2022-01-18 10:00 PM,2022,01,18,22,11.7,49,Good,10.0,UG/M3,1 Hr,Valid
Chisinau,PM2.5 - Principal,2022-01-18 11:00 PM,2022,01,18,23,11.4,48,Good,11.0,UG/M3,1 Hr,Valid
Chisinau,PM2.5 - Principal,2022-01-19 12:00 AM,2022,01,19,00,13.4,54,Moderate,16.0,UG/M3,1 Hr,Valid
Chisinau,PM2.5 - Principal,2022-01-19 01:00 AM,2022,01,19,01,11.9,50,Good,10.0,UG/M3,1 Hr,Valid
Chisinau,PM2.5 - Principal,2022-01-19 02:00 AM,2022,01,19,02,9.4,39,Good,7.0,UG/M3,1 Hr,Valid
Chisinau,PM2.5 - Principal,2022-01-19 03:00 AM,2022,01,19,03,9.2,38,Good,9.0,UG/M3,1 Hr,Valid
Chisinau,PM2.5 - Principal,2022-01-19 04:00 AM,2022,01,19,04,9.0,38,Good,9.0,UG/M3,1 Hr,Valid
Chisinau,PM2.5 - Principal,2022-01-19 05:00 AM,2022,01,19,05,10.0,42,Good,11.0,UG/M3,1 Hr,Valid
Chisinau,PM2.5 - Principal,2022-01-19 06:00 AM,2022,01,19,06,12.0,50,Good,14.0,UG/M3,1 Hr,Valid
Chisinau,PM2.5 - Principal,2022-01-19 07:00 AM,2022,01,19,07,12.5,52,Moderate,13.0,UG/M3,1 Hr,Valid
Chisinau,PM2.5 - Principal,2022-01-19 08:00 AM,2022,01,19,08,11.7,49,Good,11.0,UG/M3,1 Hr,Valid
Chisinau,PM2.5 - Principal,2022-01-19 09:00 AM,2022,01,19,09,11.8,49,Good,12.0,UG/M3,1 Hr,Valid
Chisinau,PM2.5 - Principal,2022-01-19 10:00 AM,2022,01,19,10,13.9,55,Moderate,16.0,UG/M3,1 Hr,Valid
Chisinau,PM2.5 - Principal,2022-01-19 11:00 AM,2022,01,19,11,12.9,53,Moderate,12.0,UG/M3,1 Hr,Valid
Chisinau,PM2.5 - Principal,2022-01-19 12:00 PM,2022,01,19,12,13.9,55,Moderate,15.0,UG/M3,1 Hr,Valid
Chisinau,PM2.5 - Principal,2022-01-19 01:00 PM,2022,01,19,13,14.4,56,Moderate,15.0,UG/M3,1 Hr,Valid
Chisinau,PM2.5 - Principal,2022-01-19 02:00 PM,2022,01,19,14,15.0,57,Moderate,16.0,UG/M3,1 Hr,Valid
Chisinau,PM2.5 - Principal,2022-01-19 03:00 PM,2022,01,19,15,24.6,77,Moderate,34.0,UG/M3,1 Hr,Valid
Chisinau,PM2.5 - Principal,2022-01-19 04:00 PM,2022,01,19,16,21.8,71,Moderate,19.0,UG/M3,1 Hr,Valid
Chisinau,PM2.5 - Principal,2022-01-19 05:00 PM,2022,01,19,17,19.4,66,Moderate,17.0,UG/M3,1 Hr,Valid
Chisinau,PM2.5 - Principal,2022-01-19 06:00 PM,2022,01,19,18,26.7,82,Moderate,34.0,UG/M3,1 Hr,Valid
Chisinau,PM2.5 - Principal,2022-01-19 07:00 PM,2022,01,19,19,27.3,83,Moderate,28.0,UG/M3,1 Hr,Valid
Chisinau,PM2.5 - Principal,2022-01-19 08:00 PM,2022,01,19,20,32.1,93,Moderate,37.0,UG/M3,1 Hr,Valid
Chisinau,PM2.5 - Principal,2022-01-19 09:00 PM,2022,01,19,21,30.5,90,Moderate,29.0,UG/M3,1 Hr,Valid
Chisinau,PM2.5 - Principal,2022-01-19 10:00 PM,2022,01,19,22,28.2,85,Moderate,26.0,UG/M3,1 Hr,Valid
Chisinau,PM2.5 - Principal,2022-01-19 11:00 PM,2022,01,19,23,29.6,88,Moderate,31.0,UG/M3,1 Hr,Valid
Chisinau,PM2.5 - Principal,2022-01-20 12:00 AM,2022,01,20,00,30.8,90,Moderate,32.0,UG/M3,1 Hr,Valid
Chisinau,PM2.5 - Principal,2022-01-20 01:00 AM,2022,01,20,01,29.4,87,Moderate,28.0,UG/M3,1 Hr,Valid
Chisinau,PM2.5 - Principal,2022-01-20 02:00 AM,2022,01,20,02,25.7,80,Moderate,22.0,UG/M3,1 Hr,Valid
Chisinau,PM2.5 - Principal,2022-01-20 03:00 AM,2022,01,20,03,24.3,77,Moderate,23.0,UG/M3,1 Hr,Valid
Chisinau,PM2.5 - Principal,2022-01-20 04:00 AM,2022,01,20,04,21.1,70,Moderate,18.0,UG/M3,1 Hr,Valid
Chisinau,PM2.5 - Principal,2022-01-20 05:00 AM,2022,01,20,05,26.0,80,Moderate,31.0,UG/M3,1 Hr,Valid
Chisinau,PM2.5 - Principal,2022-01-20 06:00 AM,2022,01,20,06,24.5,77,Moderate,23.0,UG/M3,1 Hr,Valid
Chisinau,PM2.5 - Principal,2022-01-20 07:00 AM,2022,01,20,07,22.7,73,Moderate,21.0,UG/M3,1 Hr,Valid
Chisinau,PM2.5 - Principal,2022-01-20 08:00 AM,2022,01,20,08,22.5,73,Moderate,22.0,UG/M3,1 Hr,Valid
Chisinau,PM2.5 - Principal,2022-01-20 09:00 AM,2022,01,20,09,21.8,71,Moderate,21.0,UG/M3,1 Hr,Valid
Chisinau,PM2.5 - Principal,2022-01-20 10:00 AM,2022,01,20,10,22.3,72,Moderate,23.0,UG/M3,1 Hr,Valid
Chisinau,PM2.5 - Principal,2022-01-20 11:00 AM,2022,01,20,11,23.0,74,Moderate,24.0,UG/M3,1 Hr,Valid
Chisinau,PM2.5 - Principal,2022-01-20 12:00 PM,2022,01,20,12,31.5,92,Moderate,40.0,UG/M3,1 Hr,Valid
Chisinau,PM2.5 - Principal,2022-01-20 01:00 PM,2022,01,20,13,25.7,80,Moderate,20.0,UG/M3,1 Hr,Valid
Chisinau,PM2.5 - Principal,2022-01-20 02:00 PM,2022,01,20,14,22.8,74,Moderate,20.0,UG/M3,1 Hr,Valid
Chisinau,PM2.5 - Principal,2022-01-20 03:00 PM,2022,01,20,15,19.9,67,Moderate,17.0,UG/M3,1 Hr,Valid
Chisinau,PM2.5 - Principal,2022-01-20 04:00 PM,2022,01,20,16,19.4,66,Moderate,19.0,UG/M3,1 Hr,Valid
Chisinau,PM2.5 - Principal,2022-01-20 05:00 PM,2022,01,20,17,20.2,68,Moderate,21.0,UG/M3,1 Hr,Valid
Chisinau,PM2.5 - Principal,2022-01-20 06:00 PM,2022,01,20,18,22.1,72,Moderate,24.0,UG/M3,1 Hr,Valid
Chisinau,PM2.5 - Principal,2022-01-20 07:00 PM,2022,01,20,19,28.5,85,Moderate,35.0,UG/M3,1 Hr,Valid
Chisinau,PM2.5 - Principal,2022-01-20 08:00 PM,2022,01,20,20,37.7,106,Unhealthy for Sensitive Groups,47.0,UG/M3,1 Hr,Valid
Chisinau,PM2.5 - Principal,2022-01-20 09:00 PM,2022,01,20,21,51.3,140,Unhealthy for Sensitive Groups,65.0,UG/M3,1 Hr,Valid
Chisinau,PM2.5 - Principal,2022-01-20 10:00 PM,2022,01,20,22,52.2,142,Unhealthy for Sensitive Groups,53.0,UG/M3,1 Hr,Valid
Chisinau,PM2.5 - Principal,2022-01-20 11:00 PM,2022,01,20,23,46.1,127,Unhealthy for Sensitive Groups,40.0,UG/M3,1 Hr,Valid
Chisinau,PM2.5 - Principal,2022-01-21 12:00 AM,2022,01,21,00,45.0,124,Unhealthy for Sensitive Groups,44.0,UG/M3,1 Hr,Valid
Chisinau,PM2.5 - Principal,2022-01-21 01:00 AM,2022,01,21,01,39.5,111,Unhealthy for Sensitive Groups,34.0,UG/M3,1 Hr,Valid
Chisinau,PM2.5 - Principal,2022-01-21 02:00 AM,2022,01,21,02,33.2,95,Moderate,27.0,UG/M3,1 Hr,Valid
Chisinau,PM2.5 - Principal,2022-01-21 03:00 AM,2022,01,21,03,37.6,106,Unhealthy for Sensitive Groups,42.0,UG/M3,1 Hr,Valid
Chisinau,PM2.5 - Principal,2022-01-21 04:00 AM,2022,01,21,04,40.3,113,Unhealthy for Sensitive Groups,43.0,UG/M3,1 Hr,Valid
Chisinau,PM2.5 - Principal,2022-01-21 05:00 AM,2022,01,21,05,26.6,81,Moderate,13.0,UG/M3,1 Hr,Valid
Chisinau,PM2.5 - Principal,2022-01-21 06:00 AM,2022,01,21,06,20.3,68,Moderate,14.0,UG/M3,1 Hr,Valid
Chisinau,PM2.5 - Principal,2022-01-21 07:00 AM,2022,01,21,07,16.1,59,Moderate,12.0,UG/M3,1 Hr,Valid
Chisinau,PM2.5 - Principal,2022-01-21 08:00 AM,2022,01,21,08,15.5,58,Moderate,15.0,UG/M3,1 Hr,Valid
Chisinau,PM2.5 - Principal,2022-01-21 09:00 AM,2022,01,21,09,16.2,60,Moderate,17.0,UG/M3,1 Hr,Valid
Chisinau,PM2.5 - Principal,2022-01-21 10:00 AM,2022,01,21,10,15.1,57,Moderate,14.0,UG/M3,1 Hr,Valid
Chisinau,PM2.5 - Principal,2022-01-21 11:00 AM,2022,01,21,11,15.0,57,Moderate,15.0,UG/M3,1 Hr,Valid
Chisinau,PM2.5 - Principal,2022-01-21 12:00 PM,2022,01,21,12,12.5,52,Moderate,10.0,UG/M3,1 Hr,Valid
Chisinau,PM2.5 - Principal,2022-01-21 01:00 PM,2022,01,21,13,12.2,51,Moderate,12.0,UG/M3,1 Hr,Valid
Chisinau,PM2.5 - Principal,2022-01-21 02:00 PM,2022,01,21,14,11.1,46,Good,10.0,UG/M3,1 Hr,Valid
Chisinau,PM2.5 - Principal,2022-01-21 03:00 PM,2022,01,21,15,12.5,52,Moderate,14.0,UG/M3,1 Hr,Valid
Chisinau,PM2.5 - Principal,2022-01-21 04:00 PM,2022,01,21,16,13.9,55,Moderate,16.0,UG/M3,1 Hr,Valid
Chisinau,PM2.5 - Principal,2022-01-21 05:00 PM,2022,01,21,17,14.7,56,Moderate,16.0,UG/M3,1 Hr,Valid
Chisinau,PM2.5 - Principal,2022-01-21 06:00 PM,2022,01,21,18,15.2,58,Moderate,16.0,UG/M3,1 Hr,Valid
Chisinau,PM2.5 - Principal,2022-01-21 07:00 PM,2022,01,21,19,17.7,63,Moderate,20.0,UG/M3,1 Hr,Valid
Chisinau,PM2.5 - Principal,2022-01-21 08:00 PM,2022,01,21,20,24.3,77,Moderate,31.0,UG/M3,1 Hr,Valid
Chisinau,PM2.5 - Principal,2022-01-21 09:00 PM,2022,01,21,21,28.6,86,Moderate,33.0,UG/M3,1 Hr,Valid
Chisinau,PM2.5 - Principal,2022-01-21 10:00 PM,2022,01,21,22,23.8,76,Moderate,19.0,UG/M3,1 Hr,Valid
Chisinau,PM2.5 - Principal,2022-01-21 11:00 PM,2022,01,21,23,21.9,72,Moderate,20.0,UG/M3,1 Hr,Valid
Chisinau,PM2.5 - Principal,2022-01-22 12:00 AM,2022,01,22,00,18.4,64,Moderate,15.0,UG/M3,1 Hr,Valid
Chisinau,PM2.5 - Principal,2022-01-22 01:00 AM,2022,01,22,01,16.7,61,Moderate,15.0,UG/M3,1 Hr,Valid
Chisinau,PM2.5 - Principal,2022-01-22 02:00 AM,2022,01,22,02,16.3,60,Moderate,16.0,UG/M3,1 Hr,Valid
Chisinau,PM2.5 - Principal,2022-01-22 03:00 AM,2022,01,22,03,15.1,57,Moderate,14.0,UG/M3,1 Hr,Valid
Chisinau,PM2.5 - Principal,2022-01-22 04:00 AM,2022,01,22,04,16.0,59,Moderate,17.0,UG/M3,1 Hr,Valid
Chisinau,PM2.5 - Principal,2022-01-22 05:00 AM,2022,01,22,05,13.0,53,Moderate,10.0,UG/M3,1 Hr,Valid
Chisinau,PM2.5 - Principal,2022-01-22 06:00 AM,2022,01,22,06,13.5,54,Moderate,14.0,UG/M3,1 Hr,Valid
Chisinau,PM2.5 - Principal,2022-01-22 07:00 AM,2022,01,22,07,14.2,55,Moderate,15.0,UG/M3,1 Hr,Valid
Chisinau,PM2.5 - Principal,2022-01-22 08:00 AM,2022,01,22,08,13.6,54,Moderate,13.0,UG/M3,1 Hr,Valid
Chisinau,PM2.5 - Principal,2022-01-22 09:00 AM,2022,01,22,09,14.3,56,Moderate,15.0,UG/M3,1 Hr,Valid
Chisinau,PM2.5 - Principal,2022-01-22 10:00 AM,2022,01,22,10,15.1,57,Moderate,16.0,UG/M3,1 Hr,Valid
Chisinau,PM2.5 - Principal,2022-01-22 11:00 AM,2022,01,22,11,14.9,57,Moderate,15.0,UG/M3,1 Hr,Valid
Chisinau,PM2.5 - Principal,2022-01-22 12:00 PM,2022,01,22,12,14.1,55,Moderate,13.0,UG/M3,1 Hr,Valid
Chisinau,PM2.5 - Principal,2022-01-22 01:00 PM,2022,01,22,13,15.3,58,Moderate,17.0,UG/M3,1 Hr,Valid
Chisinau,PM2.5 - Principal,2022-01-22 02:00 PM,2022,01,22,14,16.0,59,Moderate,17.0,UG/M3,1 Hr,Valid
Chisinau,PM2.5 - Principal,2022-01-22 03:00 PM,2022,01,22,15,16.4,60,Moderate,17.0,UG/M3,1 Hr,Valid
Chisinau,PM2.5 - Principal,2022-01-22 04:00 PM,2022,01,22,16,16.2,60,Moderate,16.0,UG/M3,1 Hr,Valid
Chisinau,PM2.5 - Principal,2022-01-22 05:00 PM,2022,01,22,17,15.9,59,Moderate,16.0,UG/M3,1 Hr,Valid
Chisinau,PM2.5 - Principal,2022-01-22 06:00 PM,2022,01,22,18,17.4,62,Moderate,20.0,UG/M3,1 Hr,Valid
Chisinau,PM2.5 - Principal,2022-01-22 07:00 PM,2022,01,22,19,18.3,64,Moderate,20.0,UG/M3,1 Hr,Valid
Chisinau,PM2.5 - Principal,2022-01-22 08:00 PM,2022,01,22,20,21.2,70,Moderate,24.0,UG/M3,1 Hr,Valid
Chisinau,PM2.5 - Principal,2022-01-22 09:00 PM,2022,01,22,21,27.7,84,Moderate,34.0,UG/M3,1 Hr,Valid
Chisinau,PM2.5 - Principal,2022-01-22 10:00 PM,2022,01,22,22,25.3,79,Moderate,23.0,UG/M3,1 Hr,Valid
Chisinau,PM2.5 - Principal,2022-01-22 11:00 PM,2022,01,22,23,24.1,76,Moderate,23.0,UG/M3,1 Hr,Valid
Chisinau,PM2.5 - Principal,2022-01-23 12:00 AM,2022,01,23,00,24.1,76,Moderate,-999.0,UG/M3,1 Hr,Missing
Chisinau,PM2.5 - Principal,2022-01-24 02:00 PM,2022,01,24,14,-999.0,-999,N/A,17.0,UG/M3,1 Hr,Valid
Chisinau,PM2.5 - Principal,2022-01-24 03:00 PM,2022,01,24,15,17.0,61,Moderate,17.0,UG/M3,1 Hr,Valid
Chisinau,PM2.5 - Principal,2022-01-24 04:00 PM,2022,01,24,16,16.6,60,Moderate,16.0,UG/M3,1 Hr,Valid
Chisinau,PM2.5 - Principal,2022-01-24 05:00 PM,2022,01,24,17,17.3,62,Moderate,19.0,UG/M3,1 Hr,Valid
Chisinau,PM2.5 - Principal,2022-01-24 06:00 PM,2022,01,24,18,18.1,64,Moderate,20.0,UG/M3,1 Hr,Valid
Chisinau,PM2.5 - Principal,2022-01-24 07:00 PM,2022,01,24,19,19.0,66,Moderate,21.0,UG/M3,1 Hr,Valid
Chisinau,PM2.5 - Principal,2022-01-24 08:00 PM,2022,01,24,20,19.0,66,Moderate,19.0,UG/M3,1 Hr,Valid
Chisinau,PM2.5 - Principal,2022-01-24 09:00 PM,2022,01,24,21,20.4,68,Moderate,23.0,UG/M3,1 Hr,Valid
Chisinau,PM2.5 - Principal,2022-01-24 10:00 PM,2022,01,24,22,19.6,67,Moderate,18.0,UG/M3,1 Hr,Valid
Chisinau,PM2.5 - Principal,2022-01-24 11:00 PM,2022,01,24,23,20.3,68,Moderate,22.0,UG/M3,1 Hr,Valid
Chisinau,PM2.5 - Principal,2022-01-25 12:00 AM,2022,01,25,00,20.5,69,Moderate,21.0,UG/M3,1 Hr,Valid
Chisinau,PM2.5 - Principal,2022-01-25 01:00 AM,2022,01,25,01,20.7,69,Moderate,21.0,UG/M3,1 Hr,Valid
Chisinau,PM2.5 - Principal,2022-01-25 02:00 AM,2022,01,25,02,20.8,69,Moderate,21.0,UG/M3,1 Hr,Valid
Chisinau,PM2.5 - Principal,2022-01-25 03:00 AM,2022,01,25,03,20.2,68,Moderate,19.0,UG/M3,1 Hr,Valid
Chisinau,PM2.5 - Principal,2022-01-25 04:00 AM,2022,01,25,04,19.8,67,Moderate,18.0,UG/M3,1 Hr,Valid
Chisinau,PM2.5 - Principal,2022-01-25 05:00 AM,2022,01,25,05,20.1,68,Moderate,21.0,UG/M3,1 Hr,Valid
Chisinau,PM2.5 - Principal,2022-01-25 06:00 AM,2022,01,25,06,18.7,65,Moderate,16.0,UG/M3,1 Hr,Valid
Chisinau,PM2.5 - Principal,2022-01-25 07:00 AM,2022,01,25,07,20.0,68,Moderate,23.0,UG/M3,1 Hr,Valid
Chisinau,PM2.5 - Principal,2022-01-25 08:00 AM,2022,01,25,08,19.1,66,Moderate,17.0,UG/M3,1 Hr,Valid
Chisinau,PM2.5 - Principal,2022-01-25 09:00 AM,2022,01,25,09,19.3,66,Moderate,20.0,UG/M3,1 Hr,Valid
Chisinau,PM2.5 - Principal,2022-01-25 10:00 AM,2022,01,25,10,19.8,67,Moderate,21.0,UG/M3,1 Hr,Valid
Chisinau,PM2.5 - Principal,2022-01-25 11:00 AM,2022,01,25,11,20.5,69,Moderate,22.0,UG/M3,1 Hr,Valid
Chisinau,PM2.5 - Principal,2022-01-25 12:00 PM,2022,01,25,12,20.6,69,Moderate,21.0,UG/M3,1 Hr,Valid
Chisinau,PM2.5 - Principal,2022-01-25 01:00 PM,2022,01,25,13,21.0,70,Moderate,22.0,UG/M3,1 Hr,Valid
Chisinau,PM2.5 - Principal,2022-01-25 02:00 PM,2022,01,25,14,23.1,74,Moderate,26.0,UG/M3,1 Hr,Valid
Chisinau,PM2.5 - Principal,2022-01-25 03:00 PM,2022,01,25,15,23.0,74,Moderate,23.0,UG/M3,1 Hr,Valid
Chisinau,PM2.5 - Principal,2022-01-25 04:00 PM,2022,01,25,16,23.4,75,Moderate,24.0,UG/M3,1 Hr,Valid
Chisinau,PM2.5 - Principal,2022-01-25 05:00 PM,2022,01,25,17,23.2,74,Moderate,23.0,UG/M3,1 Hr,Valid
Chisinau,PM2.5 - Principal,2022-01-25 06:00 PM,2022,01,25,18,25.1,78,Moderate,28.0,UG/M3,1 Hr,Valid
Chisinau,PM2.5 - Principal,2022-01-25 07:00 PM,2022,01,25,19,30.8,90,Moderate,36.0,UG/M3,1 Hr,Valid
Chisinau,PM2.5 - Principal,2022-01-25 08:00 PM,2022,01,25,20,41.4,116,Unhealthy for Sensitive Groups,52.0,UG/M3,1 Hr,Valid
Chisinau,PM2.5 - Principal,2022-01-25 09:00 PM,2022,01,25,21,57.2,152,Unhealthy,73.0,UG/M3,1 Hr,Valid
Chisinau,PM2.5 - Principal,2022-01-25 10:00 PM,2022,01,25,22,58.1,152,Unhealthy,59.0,UG/M3,1 Hr,Valid
Chisinau,PM2.5 - Principal,2022-01-25 11:00 PM,2022,01,25,23,60.5,154,Unhealthy,63.0,UG/M3,1 Hr,Valid
Chisinau,PM2.5 - Principal,2022-01-26 12:00 AM,2022,01,26,00,66.7,157,Unhealthy,73.0,UG/M3,1 Hr,Valid
Chisinau,PM2.5 - Principal,2022-01-26 01:00 AM,2022,01,26,01,75.9,162,Unhealthy,85.0,UG/M3,1 Hr,Valid
Chisinau,PM2.5 - Principal,2022-01-26 02:00 AM,2022,01,26,02,80.9,164,Unhealthy,86.0,UG/M3,1 Hr,Valid
Chisinau,PM2.5 - Principal,2022-01-26 03:00 AM,2022,01,26,03,76.4,162,Unhealthy,72.0,UG/M3,1 Hr,Valid
Chisinau,PM2.5 - Principal,2022-01-26 04:00 AM,2022,01,26,04,71.7,159,Unhealthy,67.0,UG/M3,1 Hr,Valid
Chisinau,PM2.5 - Principal,2022-01-26 05:00 AM,2022,01,26,05,67.3,157,Unhealthy,63.0,UG/M3,1 Hr,Valid
Chisinau,PM2.5 - Principal,2022-01-26 06:00 AM,2022,01,26,06,68.6,158,Unhealthy,70.0,UG/M3,1 Hr,Valid
Chisinau,PM2.5 - Principal,2022-01-26 07:00 AM,2022,01,26,07,64.7,156,Unhealthy,58.0,UG/M3,1 Hr,Valid
Chisinau,PM2.5 - Principal,2022-01-26 08:00 AM,2022,01,26,08,66.5,157,Unhealthy,68.0,UG/M3,1 Hr,Valid
Chisinau,PM2.5 - Principal,2022-01-26 09:00 AM,2022,01,26,09,65.7,156,Unhealthy,64.0,UG/M3,1 Hr,Valid
Chisinau,PM2.5 - Principal,2022-01-26 10:00 AM,2022,01,26,10,67.4,157,Unhealthy,71.0,UG/M3,1 Hr,Valid
Chisinau,PM2.5 - Principal,2022-01-26 11:00 AM,2022,01,26,11,70.2,159,Unhealthy,76.0,UG/M3,1 Hr,Valid
Chisinau,PM2.5 - Principal,2022-01-26 12:00 PM,2022,01,26,12,56.9,152,Unhealthy,42.0,UG/M3,1 Hr,Valid
Chisinau,PM2.5 - Principal,2022-01-26 01:00 PM,2022,01,26,13,40.9,114,Unhealthy for Sensitive Groups,25.0,UG/M3,1 Hr,Valid
Chisinau,PM2.5 - Principal,2022-01-26 02:00 PM,2022,01,26,14,29.9,88,Moderate,19.0,UG/M3,1 Hr,Valid
Chisinau,PM2.5 - Principal,2022-01-26 03:00 PM,2022,01,26,15,24.9,78,Moderate,20.0,UG/M3,1 Hr,Valid
Chisinau,PM2.5 - Principal,2022-01-26 04:00 PM,2022,01,26,16,22.4,73,Moderate,20.0,UG/M3,1 Hr,Valid
Chisinau,PM2.5 - Principal,2022-01-26 05:00 PM,2022,01,26,17,19.7,67,Moderate,17.0,UG/M3,1 Hr,Valid
Chisinau,PM2.5 - Principal,2022-01-26 06:00 PM,2022,01,26,18,18.8,65,Moderate,18.0,UG/M3,1 Hr,Valid
Chisinau,PM2.5 - Principal,2022-01-26 07:00 PM,2022,01,26,19,17.9,63,Moderate,17.0,UG/M3,1 Hr,Valid
Chisinau,PM2.5 - Principal,2022-01-26 08:00 PM,2022,01,26,20,19.4,66,Moderate,21.0,UG/M3,1 Hr,Valid
Chisinau,PM2.5 - Principal,2022-01-26 09:00 PM,2022,01,26,21,22.7,73,Moderate,26.0,UG/M3,1 Hr,Valid
Chisinau,PM2.5 - Principal,2022-01-26 10:00 PM,2022,01,26,22,21.3,70,Moderate,20.0,UG/M3,1 Hr,Valid
Chisinau,PM2.5 - Principal,2022-01-26 11:00 PM,2022,01,26,23,24.1,76,Moderate,27.0,UG/M3,1 Hr,Valid
Chisinau,PM2.5 - Principal,2022-01-27 12:00 AM,2022,01,27,00,23.5,75,Moderate,24.0,UG/M3,1 Hr,Valid
Chisinau,PM2.5 - Principal,2022-01-27 01:00 AM,2022,01,27,01,30.0,89,Moderate,36.0,UG/M3,1 Hr,Valid
Chisinau,PM2.5 - Principal,2022-01-27 02:00 AM,2022,01,27,02,29.5,88,Moderate,29.0,UG/M3,1 Hr,Valid
Chisinau,PM2.5 - Principal,2022-01-27 03:00 AM,2022,01,27,03,27.7,84,Moderate,26.0,UG/M3,1 Hr,Valid
Chisinau,PM2.5 - Principal,2022-01-27 04:00 AM,2022,01,27,04,24.8,78,Moderate,22.0,UG/M3,1 Hr,Valid
Chisinau,PM2.5 - Principal,2022-01-27 05:00 AM,2022,01,27,05,21.4,71,Moderate,18.0,UG/M3,1 Hr,Valid
Chisinau,PM2.5 - Principal,2022-01-27 06:00 AM,2022,01,27,06,19.2,66,Moderate,17.0,UG/M3,1 Hr,Valid
Chisinau,PM2.5 - Principal,2022-01-27 07:00 AM,2022,01,27,07,20.6,69,Moderate,22.0,UG/M3,1 Hr,Valid
Chisinau,PM2.5 - Principal,2022-01-27 08:00 AM,2022,01,27,08,19.3,66,Moderate,18.0,UG/M3,1 Hr,Valid
Chisinau,PM2.5 - Principal,2022-01-27 09:00 AM,2022,01,27,09,21.1,70,Moderate,23.0,UG/M3,1 Hr,Valid
Chisinau,PM2.5 - Principal,2022-01-27 10:00 AM,2022,01,27,10,21.5,71,Moderate,22.0,UG/M3,1 Hr,Valid
Chisinau,PM2.5 - Principal,2022-01-27 11:00 AM,2022,01,27,11,21.7,71,Moderate,22.0,UG/M3,1 Hr,Valid
Chisinau,PM2.5 - Principal,2022-01-27 12:00 PM,2022,01,27,12,22.8,74,Moderate,24.0,UG/M3,1 Hr,Valid
Chisinau,PM2.5 - Principal,2022-01-27 01:00 PM,2022,01,27,13,24.4,77,Moderate,27.0,UG/M3,1 Hr,Valid
Chisinau,PM2.5 - Principal,2022-01-27 02:00 PM,2022,01,27,14,32.9,95,Moderate,41.0,UG/M3,1 Hr,Valid
Chisinau,PM2.5 - Principal,2022-01-27 03:00 PM,2022,01,27,15,31.9,93,Moderate,31.0,UG/M3,1 Hr,Valid
Chisinau,PM2.5 - Principal,2022-01-27 04:00 PM,2022,01,27,16,23.4,75,Moderate,15.0,UG/M3,1 Hr,Valid
Chisinau,PM2.5 - Principal,2022-01-27 05:00 PM,2022,01,27,17,22.7,73,Moderate,22.0,UG/M3,1 Hr,Valid
Chisinau,PM2.5 - Principal,2022-01-27 06:00 PM,2022,01,27,18,23.8,76,Moderate,25.0,UG/M3,1 Hr,Valid
Chisinau,PM2.5 - Principal,2022-01-27 07:00 PM,2022,01,27,19,24.9,78,Moderate,26.0,UG/M3,1 Hr,Valid
Chisinau,PM2.5 - Principal,2022-01-27 08:00 PM,2022,01,27,20,27.9,84,Moderate,31.0,UG/M3,1 Hr,Valid
Chisinau,PM2.5 - Principal,2022-01-27 09:00 PM,2022,01,27,21,30.4,89,Moderate,33.0,UG/M3,1 Hr,Valid
Chisinau,PM2.5 - Principal,2022-01-27 10:00 PM,2022,01,27,22,33.7,96,Moderate,37.0,UG/M3,1 Hr,Valid
Chisinau,PM2.5 - Principal,2022-01-27 11:00 PM,2022,01,27,23,34.3,98,Moderate,35.0,UG/M3,1 Hr,Valid
Chisinau,PM2.5 - Principal,2022-01-28 12:00 AM,2022,01,28,00,33.1,95,Moderate,32.0,UG/M3,1 Hr,Valid
Chisinau,PM2.5 - Principal,2022-01-28 01:00 AM,2022,01,28,01,30.0,89,Moderate,27.0,UG/M3,1 Hr,Valid
Chisinau,PM2.5 - Principal,2022-01-28 02:00 AM,2022,01,28,02,30.0,89,Moderate,30.0,UG/M3,1 Hr,Valid
Chisinau,PM2.5 - Principal,2022-01-28 03:00 AM,2022,01,28,03,29.0,87,Moderate,28.0,UG/M3,1 Hr,Valid
Chisinau,PM2.5 - Principal,2022-01-28 04:00 AM,2022,01,28,04,32.9,95,Moderate,38.0,UG/M3,1 Hr,Valid
Chisinau,PM2.5 - Principal,2022-01-28 05:00 AM,2022,01,28,05,31.6,92,Moderate,30.0,UG/M3,1 Hr,Valid
Chisinau,PM2.5 - Principal,2022-01-28 06:00 AM,2022,01,28,06,32.1,93,Moderate,33.0,UG/M3,1 Hr,Valid
Chisinau,PM2.5 - Principal,2022-01-28 07:00 AM,2022,01,28,07,32.0,93,Moderate,32.0,UG/M3,1 Hr,Valid
Chisinau,PM2.5 - Principal,2022-01-28 08:00 AM,2022,01,28,08,31.7,92,Moderate,31.0,UG/M3,1 Hr,Valid
Chisinau,PM2.5 - Principal,2022-01-28 09:00 AM,2022,01,28,09,46.8,129,Unhealthy for Sensitive Groups,62.0,UG/M3,1 Hr,Valid
Chisinau,PM2.5 - Principal,2022-01-28 10:00 AM,2022,01,28,10,42.4,118,Unhealthy for Sensitive Groups,38.0,UG/M3,1 Hr,Valid
Chisinau,PM2.5 - Principal,2022-01-28 11:00 AM,2022,01,28,11,33.1,95,Moderate,24.0,UG/M3,1 Hr,Valid
Chisinau,PM2.5 - Principal,2022-01-28 12:00 PM,2022,01,28,12,27.5,83,Moderate,22.0,UG/M3,1 Hr,Valid
Chisinau,PM2.5 - Principal,2022-01-28 01:00 PM,2022,01,28,13,23.2,74,Moderate,19.0,UG/M3,1 Hr,Valid
Chisinau,PM2.5 - Principal,2022-01-28 02:00 PM,2022,01,28,14,19.6,67,Moderate,16.0,UG/M3,1 Hr,Valid
Chisinau,PM2.5 - Principal,2022-01-28 03:00 PM,2022,01,28,15,18.8,65,Moderate,18.0,UG/M3,1 Hr,Valid
Chisinau,PM2.5 - Principal,2022-01-28 04:00 PM,2022,01,28,16,18.9,65,Moderate,19.0,UG/M3,1 Hr,Valid
Chisinau,PM2.5 - Principal,2022-01-28 05:00 PM,2022,01,28,17,23.9,76,Moderate,29.0,UG/M3,1 Hr,Valid
Chisinau,PM2.5 - Principal,2022-01-28 06:00 PM,2022,01,28,18,25.4,79,Moderate,27.0,UG/M3,1 Hr,Valid
Chisinau,PM2.5 - Principal,2022-01-28 07:00 PM,2022,01,28,19,28.7,86,Moderate,32.0,UG/M3,1 Hr,Valid
Chisinau,PM2.5 - Principal,2022-01-28 08:00 PM,2022,01,28,20,28.8,86,Moderate,29.0,UG/M3,1 Hr,Valid
Chisinau,PM2.5 - Principal,2022-01-28 09:00 PM,2022,01,28,21,27.9,84,Moderate,27.0,UG/M3,1 Hr,Valid
Chisinau,PM2.5 - Principal,2022-01-28 10:00 PM,2022,01,28,22,22.4,73,Moderate,17.0,UG/M3,1 Hr,Valid
Chisinau,PM2.5 - Principal,2022-01-28 11:00 PM,2022,01,28,23,16.2,60,Moderate,10.0,UG/M3,1 Hr,Valid
Chisinau,PM2.5 - Principal,2022-01-29 12:00 AM,2022,01,29,00,13.6,54,Moderate,11.0,UG/M3,1 Hr,Valid
Chisinau,PM2.5 - Principal,2022-01-29 01:00 AM,2022,01,29,01,12.3,51,Moderate,11.0,UG/M3,1 Hr,Valid
Chisinau,PM2.5 - Principal,2022-01-29 02:00 AM,2022,01,29,02,12.6,52,Moderate,13.0,UG/M3,1 Hr,Valid
Chisinau,PM2.5 - Principal,2022-01-29 03:00 AM,2022,01,29,03,12.3,51,Moderate,12.0,UG/M3,1 Hr,Valid
Chisinau,PM2.5 - Principal,2022-01-29 04:00 AM,2022,01,29,04,12.1,51,Moderate,12.0,UG/M3,1 Hr,Valid
Chisinau,PM2.5 - Principal,2022-01-29 05:00 AM,2022,01,29,05,10.0,42,Good,8.0,UG/M3,1 Hr,Valid
Chisinau,PM2.5 - Principal,2022-01-29 06:00 AM,2022,01,29,06,11.0,46,Good,12.0,UG/M3,1 Hr,Valid
Chisinau,PM2.5 - Principal,2022-01-29 07:00 AM,2022,01,29,07,12.0,50,Good,13.0,UG/M3,1 Hr,Valid
Chisinau,PM2.5 - Principal,2022-01-29 08:00 AM,2022,01,29,08,10.5,44,Good,9.0,UG/M3,1 Hr,Valid
Chisinau,PM2.5 - Principal,2022-01-29 09:00 AM,2022,01,29,09,10.7,45,Good,11.0,UG/M3,1 Hr,Valid
Chisinau,PM2.5 - Principal,2022-01-29 10:00 AM,2022,01,29,10,10.1,42,Good,9.0,UG/M3,1 Hr,Valid
Chisinau,PM2.5 - Principal,2022-01-29 11:00 AM,2022,01,29,11,9.3,39,Good,8.0,UG/M3,1 Hr,Valid
Chisinau,PM2.5 - Principal,2022-01-29 12:00 PM,2022,01,29,12,8.7,36,Good,8.0,UG/M3,1 Hr,Valid
Chisinau,PM2.5 - Principal,2022-01-29 01:00 PM,2022,01,29,13,8.4,35,Good,8.0,UG/M3,1 Hr,Valid
Chisinau,PM2.5 - Principal,2022-01-29 02:00 PM,2022,01,29,14,9.0,38,Good,10.0,UG/M3,1 Hr,Valid
Chisinau,PM2.5 - Principal,2022-01-29 03:00 PM,2022,01,29,15,10.5,44,Good,13.0,UG/M3,1 Hr,Valid
Chisinau,PM2.5 - Principal,2022-01-29 04:00 PM,2022,01,29,16,11.5,48,Good,13.0,UG/M3,1 Hr,Valid
Chisinau,PM2.5 - Principal,2022-01-29 05:00 PM,2022,01,29,17,12.6,52,Moderate,14.0,UG/M3,1 Hr,Valid
Chisinau,PM2.5 - Principal,2022-01-29 06:00 PM,2022,01,29,18,11.5,48,Good,10.0,UG/M3,1 Hr,Valid
Chisinau,PM2.5 - Principal,2022-01-29 07:00 PM,2022,01,29,19,22.2,72,Moderate,33.0,UG/M3,1 Hr,Valid
Chisinau,PM2.5 - Principal,2022-01-29 08:00 PM,2022,01,29,20,26.1,80,Moderate,30.0,UG/M3,1 Hr,Valid
Chisinau,PM2.5 - Principal,2022-01-29 09:00 PM,2022,01,29,21,25.5,79,Moderate,25.0,UG/M3,1 Hr,Valid
Chisinau,PM2.5 - Principal,2022-01-29 10:00 PM,2022,01,29,22,20.7,69,Moderate,16.0,UG/M3,1 Hr,Valid
Chisinau,PM2.5 - Principal,2022-01-29 11:00 PM,2022,01,29,23,19.8,67,Moderate,19.0,UG/M3,1 Hr,Valid
Chisinau,PM2.5 - Principal,2022-01-30 12:00 AM,2022,01,30,00,19.4,66,Moderate,19.0,UG/M3,1 Hr,Valid
Chisinau,PM2.5 - Principal,2022-01-30 01:00 AM,2022,01,30,01,17.7,63,Moderate,16.0,UG/M3,1 Hr,Valid
Chisinau,PM2.5 - Principal,2022-01-30 02:00 AM,2022,01,30,02,19.8,67,Moderate,22.0,UG/M3,1 Hr,Valid
Chisinau,PM2.5 - Principal,2022-01-30 03:00 AM,2022,01,30,03,18.4,64,Moderate,17.0,UG/M3,1 Hr,Valid
Chisinau,PM2.5 - Principal,2022-01-30 04:00 AM,2022,01,30,04,17.2,62,Moderate,16.0,UG/M3,1 Hr,Valid
Chisinau,PM2.5 - Principal,2022-01-30 05:00 AM,2022,01,30,05,14.6,56,Moderate,12.0,UG/M3,1 Hr,Valid
Chisinau,PM2.5 - Principal,2022-01-30 06:00 AM,2022,01,30,06,15.3,58,Moderate,16.0,UG/M3,1 Hr,Valid
Chisinau,PM2.5 - Principal,2022-01-30 07:00 AM,2022,01,30,07,14.6,56,Moderate,14.0,UG/M3,1 Hr,Valid
Chisinau,PM2.5 - Principal,2022-01-30 08:00 AM,2022,01,30,08,13.8,55,Moderate,13.0,UG/M3,1 Hr,Valid
Chisinau,PM2.5 - Principal,2022-01-30 09:00 AM,2022,01,30,09,14.4,56,Moderate,15.0,UG/M3,1 Hr,Valid
Chisinau,PM2.5 - Principal,2022-01-30 10:00 AM,2022,01,30,10,13.3,54,Moderate,12.0,UG/M3,1 Hr,Valid
Chisinau,PM2.5 - Principal,2022-01-30 11:00 AM,2022,01,30,11,14.0,55,Moderate,15.0,UG/M3,1 Hr,Valid
Chisinau,PM2.5 - Principal,2022-01-30 12:00 PM,2022,01,30,12,14.9,57,Moderate,16.0,UG/M3,1 Hr,Valid
Chisinau,PM2.5 - Principal,2022-01-30 01:00 PM,2022,01,30,13,13.6,54,Moderate,12.0,UG/M3,1 Hr,Valid
Chisinau,PM2.5 - Principal,2022-01-30 02:00 PM,2022,01,30,14,13.2,53,Moderate,12.0,UG/M3,1 Hr,Valid
Chisinau,PM2.5 - Principal,2022-01-30 03:00 PM,2022,01,30,15,14.0,55,Moderate,16.0,UG/M3,1 Hr,Valid
Chisinau,PM2.5 - Principal,2022-01-30 04:00 PM,2022,01,30,16,13.7,54,Moderate,13.0,UG/M3,1 Hr,Valid
Chisinau,PM2.5 - Principal,2022-01-30 05:00 PM,2022,01,30,17,14.1,55,Moderate,15.0,UG/M3,1 Hr,Valid
Chisinau,PM2.5 - Principal,2022-01-30 06:00 PM,2022,01,30,18,14.5,56,Moderate,16.0,UG/M3,1 Hr,Valid
Chisinau,PM2.5 - Principal,2022-01-30 07:00 PM,2022,01,30,19,18.2,64,Moderate,22.0,UG/M3,1 Hr,Valid
Chisinau,PM2.5 - Principal,2022-01-30 08:00 PM,2022,01,30,20,19.0,66,Moderate,20.0,UG/M3,1 Hr,Valid
Chisinau,PM2.5 - Principal,2022-01-30 09:00 PM,2022,01,30,21,17.6,63,Moderate,16.0,UG/M3,1 Hr,Valid
Chisinau,PM2.5 - Principal,2022-01-30 10:00 PM,2022,01,30,22,16.9,61,Moderate,16.0,UG/M3,1 Hr,Valid
Chisinau,PM2.5 - Principal,2022-01-30 11:00 PM,2022,01,30,23,16.4,60,Moderate,16.0,UG/M3,1 Hr,Valid
Chisinau,PM2.5 - Principal,2022-01-31 12:00 AM,2022,01,31,00,14.4,56,Moderate,12.0,UG/M3,1 Hr,Valid
Chisinau,PM2.5 - Principal,2022-01-31 01:00 AM,2022,01,31,01,11.1,46,Good,8.0,UG/M3,1 Hr,Valid
Chisinau,PM2.5 - Principal,2022-01-31 02:00 AM,2022,01,31,02,11.5,48,Good,12.0,UG/M3,1 Hr,Valid
Chisinau,PM2.5 - Principal,2022-01-31 03:00 AM,2022,01,31,03,10.2,43,Good,9.0,UG/M3,1 Hr,Valid
Chisinau,PM2.5 - Principal,2022-01-31 04:00 AM,2022,01,31,04,8.1,34,Good,6.0,UG/M3,1 Hr,Valid
Chisinau,PM2.5 - Principal,2022-01-31 05:00 AM,2022,01,31,05,7.5,31,Good,7.0,UG/M3,1 Hr,Valid
Chisinau,PM2.5 - Principal,2022-01-31 06:00 AM,2022,01,31,06,7.2,30,Good,7.0,UG/M3,1 Hr,Valid
Chisinau,PM2.5 - Principal,2022-01-31 07:00 AM,2022,01,31,07,8.1,34,Good,9.0,UG/M3,1 Hr,Valid
Chisinau,PM2.5 - Principal,2022-01-31 08:00 AM,2022,01,31,08,8.0,33,Good,8.0,UG/M3,1 Hr,Valid
Chisinau,PM2.5 - Principal,2022-01-31 09:00 AM,2022,01,31,09,10.5,44,Good,13.0,UG/M3,1 Hr,Valid
Chisinau,PM2.5 - Principal,2022-01-31 10:00 AM,2022,01,31,10,10.2,43,Good,10.0,UG/M3,1 Hr,Valid
Chisinau,PM2.5 - Principal,2022-01-31 11:00 AM,2022,01,31,11,12.6,52,Moderate,15.0,UG/M3,1 Hr,Valid
Chisinau,PM2.5 - Principal,2022-01-31 12:00 PM,2022,01,31,12,11.3,47,Good,10.0,UG/M3,1 Hr,Valid
Chisinau,PM2.5 - Principal,2022-01-31 01:00 PM,2022,01,31,13,10.6,44,Good,10.0,UG/M3,1 Hr,Valid
Chisinau,PM2.5 - Principal,2022-01-31 02:00 PM,2022,01,31,14,11.8,49,Good,13.0,UG/M3,1 Hr,Valid
Chisinau,PM2.5 - Principal,2022-01-31 03:00 PM,2022,01,31,15,13.4,54,Moderate,15.0,UG/M3,1 Hr,Valid
Chisinau,PM2.5 - Principal,2022-01-31 04:00 PM,2022,01,31,16,13.7,54,Moderate,14.0,UG/M3,1 Hr,Valid
Chisinau,PM2.5 - Principal,2022-01-31 05:00 PM,2022,01,31,17,13.3,54,Moderate,13.0,UG/M3,1 Hr,Valid
Chisinau,PM2.5 - Principal,2022-01-31 06:00 PM,2022,01,31,18,18.1,64,Moderate,23.0,UG/M3,1 Hr,Valid
Chisinau,PM2.5 - Principal,2022-01-31 07:00 PM,2022,01,31,19,41.0,115,Unhealthy for Sensitive Groups,64.0,UG/M3,1 Hr,Valid
Chisinau,PM2.5 - Principal,2022-01-31 08:00 PM,2022,01,31,20,54.5,148,Unhealthy for Sensitive Groups,68.0,UG/M3,1 Hr,Valid
Chisinau,PM2.5 - Principal,2022-01-31 09:00 PM,2022,01,31,21,54.2,147,Unhealthy for Sensitive Groups,54.0,UG/M3,1 Hr,Valid
Chisinau,PM2.5 - Principal,2022-01-31 10:00 PM,2022,01,31,22,76.1,162,Unhealthy,98.0,UG/M3,1 Hr,Valid
Chisinau,PM2.5 - Principal,2022-01-31 11:00 PM,2022,01,31,23,79.0,163,Unhealthy,82.0,UG/M3,1 Hr,Valid
Chisinau,PM2.5 - Principal,2022-02-01 12:00 AM,2022,02,01,00,86.5,167,Unhealthy,94.0,UG/M3,1 Hr,Valid
Chisinau,PM2.5 - Principal,2022-02-01 01:00 AM,2022,02,01,01,85.7,167,Unhealthy,85.0,UG/M3,1 Hr,Valid
Chisinau,PM2.5 - Principal,2022-02-01 02:00 AM,2022,02,01,02,87.9,168,Unhealthy,90.0,UG/M3,1 Hr,Valid
Chisinau,PM2.5 - Principal,2022-02-01 03:00 AM,2022,02,01,03,84.4,166,Unhealthy,81.0,UG/M3,1 Hr,Valid
Chisinau,PM2.5 - Principal,2022-02-01 04:00 AM,2022,02,01,04,76.7,162,Unhealthy,69.0,UG/M3,1 Hr,Valid
Chisinau,PM2.5 - Principal,2022-02-01 05:00 AM,2022,02,01,05,73.8,160,Unhealthy,71.0,UG/M3,1 Hr,Valid
Chisinau,PM2.5 - Principal,2022-02-01 06:00 AM,2022,02,01,06,69.8,158,Unhealthy,64.0,UG/M3,1 Hr,Valid
Chisinau,PM2.5 - Principal,2022-02-01 07:00 AM,2022,02,01,07,66.7,157,Unhealthy,63.0,UG/M3,1 Hr,Valid
Chisinau,PM2.5 - Principal,2022-02-01 08:00 AM,2022,02,01,08,63.7,155,Unhealthy,60.0,UG/M3,1 Hr,Valid
Chisinau,PM2.5 - Principal,2022-02-01 09:00 AM,2022,02,01,09,62.4,155,Unhealthy,59.0,UG/M3,1 Hr,Valid
Chisinau,PM2.5 - Principal,2022-02-01 10:00 AM,2022,02,01,10,57.3,152,Unhealthy,52.0,UG/M3,1 Hr,Valid
Chisinau,PM2.5 - Principal,2022-02-01 11:00 AM,2022,02,01,11,58.0,152,Unhealthy,59.0,UG/M3,1 Hr,Valid
Chisinau,PM2.5 - Principal,2022-02-01 12:00 PM,2022,02,01,12,50.8,139,Unhealthy for Sensitive Groups,44.0,UG/M3,1 Hr,Valid
Chisinau,PM2.5 - Principal,2022-02-01 01:00 PM,2022,02,01,13,46.4,128,Unhealthy for Sensitive Groups,42.0,UG/M3,1 Hr,Valid
Chisinau,PM2.5 - Principal,2022-02-01 02:00 PM,2022,02,01,14,43.2,120,Unhealthy for Sensitive Groups,40.0,UG/M3,1 Hr,Valid
Chisinau,PM2.5 - Principal,2022-02-01 03:00 PM,2022,02,01,15,42.3,118,Unhealthy for Sensitive Groups,40.0,UG/M3,1 Hr,Valid
Chisinau,PM2.5 - Principal,2022-02-01 04:00 PM,2022,02,01,16,36.7,104,Unhealthy for Sensitive Groups,32.0,UG/M3,1 Hr,Valid
Chisinau,PM2.5 - Principal,2022-02-01 05:00 PM,2022,02,01,17,34.8,99,Moderate,33.0,UG/M3,1 Hr,Valid
Chisinau,PM2.5 - Principal,2022-02-01 06:00 PM,2022,02,01,18,42.8,119,Unhealthy for Sensitive Groups,51.0,UG/M3,1 Hr,Valid
Chisinau,PM2.5 - Principal,2022-02-01 07:00 PM,2022,02,01,19,46.9,129,Unhealthy for Sensitive Groups,52.0,UG/M3,1 Hr,Valid
Chisinau,PM2.5 - Principal,2022-02-01 08:00 PM,2022,02,01,20,55.7,151,Unhealthy,64.0,UG/M3,1 Hr,Valid
Chisinau,PM2.5 - Principal,2022-02-01 09:00 PM,2022,02,01,21,59.3,153,Unhealthy,63.0,UG/M3,1 Hr,Valid
Chisinau,PM2.5 - Principal,2022-02-01 10:00 PM,2022,02,01,22,65.1,156,Unhealthy,71.0,UG/M3,1 Hr,Valid
Chisinau,PM2.5 - Principal,2022-02-01 11:00 PM,2022,02,01,23,73.5,160,Unhealthy,82.0,UG/M3,1 Hr,Valid
Chisinau,PM2.5 - Principal,2022-02-02 12:00 AM,2022,02,02,00,76.3,162,Unhealthy,79.0,UG/M3,1 Hr,Valid
Chisinau,PM2.5 - Principal,2022-02-02 01:00 AM,2022,02,02,01,81.6,164,Unhealthy,87.0,UG/M3,1 Hr,Valid
Chisinau,PM2.5 - Principal,2022-02-02 02:00 AM,2022,02,02,02,84.8,166,Unhealthy,88.0,UG/M3,1 Hr,Valid
Chisinau,PM2.5 - Principal,2022-02-02 03:00 AM,2022,02,02,03,84.4,166,Unhealthy,84.0,UG/M3,1 Hr,Valid
Chisinau,PM2.5 - Principal,2022-02-02 04:00 AM,2022,02,02,04,85.2,166,Unhealthy,86.0,UG/M3,1 Hr,Valid
Chisinau,PM2.5 - Principal,2022-02-02 05:00 AM,2022,02,02,05,81.4,164,Unhealthy,77.0,UG/M3,1 Hr,Valid
Chisinau,PM2.5 - Principal,2022-02-02 06:00 AM,2022,02,02,06,80.0,164,Unhealthy,78.0,UG/M3,1 Hr,Valid
Chisinau,PM2.5 - Principal,2022-02-02 07:00 AM,2022,02,02,07,80.3,164,Unhealthy,80.0,UG/M3,1 Hr,Valid
Chisinau,PM2.5 - Principal,2022-02-02 08:00 AM,2022,02,02,08,80.3,164,Unhealthy,80.0,UG/M3,1 Hr,Valid
Chisinau,PM2.5 - Principal,2022-02-02 09:00 AM,2022,02,02,09,67.8,157,Unhealthy,51.0,UG/M3,1 Hr,Valid
Chisinau,PM2.5 - Principal,2022-02-02 10:00 AM,2022,02,02,10,54.2,147,Unhealthy for Sensitive Groups,43.0,UG/M3,1 Hr,Valid
Chisinau,PM2.5 - Principal,2022-02-02 11:00 AM,2022,02,02,11,43.1,120,Unhealthy for Sensitive Groups,32.0,UG/M3,1 Hr,Valid
Chisinau,PM2.5 - Principal,2022-02-02 12:00 PM,2022,02,02,12,39.5,111,Unhealthy for Sensitive Groups,36.0,UG/M3,1 Hr,Valid
Chisinau,PM2.5 - Principal,2022-02-02 01:00 PM,2022,02,02,13,27.7,84,Moderate,16.0,UG/M3,1 Hr,Valid
Chisinau,PM2.5 - Principal,2022-02-02 02:00 PM,2022,02,02,14,27.3,83,Moderate,27.0,UG/M3,1 Hr,Valid
Chisinau,PM2.5 - Principal,2022-02-02 03:00 PM,2022,02,02,15,27.1,83,Moderate,27.0,UG/M3,1 Hr,Valid
Chisinau,PM2.5 - Principal,2022-02-02 04:00 PM,2022,02,02,16,26.0,80,Moderate,25.0,UG/M3,1 Hr,Valid
Chisinau,PM2.5 - Principal,2022-02-02 05:00 PM,2022,02,02,17,26.5,81,Moderate,27.0,UG/M3,1 Hr,Valid
Chisinau,PM2.5 - Principal,2022-02-02 06:00 PM,2022,02,02,18,31.2,91,Moderate,36.0,UG/M3,1 Hr,Valid
Chisinau,PM2.5 - Principal,2022-02-02 07:00 PM,2022,02,02,19,36.1,102,Unhealthy for Sensitive Groups,41.0,UG/M3,1 Hr,Valid
Chisinau,PM2.5 - Principal,2022-02-02 08:00 PM,2022,02,02,20,42.0,117,Unhealthy for Sensitive Groups,48.0,UG/M3,1 Hr,Valid
Chisinau,PM2.5 - Principal,2022-02-02 09:00 PM,2022,02,02,21,63.5,155,Unhealthy,85.0,UG/M3,1 Hr,Valid
Chisinau,PM2.5 - Principal,2022-02-02 10:00 PM,2022,02,02,22,77.2,162,Unhealthy,91.0,UG/M3,1 Hr,Valid
Chisinau,PM2.5 - Principal,2022-02-02 11:00 PM,2022,02,02,23,81.1,164,Unhealthy,85.0,UG/M3,1 Hr,Valid
Chisinau,PM2.5 - Principal,2022-02-03 12:00 AM,2022,02,03,00,92.0,170,Unhealthy,103.0,UG/M3,1 Hr,Valid
Chisinau,PM2.5 - Principal,2022-02-03 01:00 AM,2022,02,03,01,95.5,172,Unhealthy,99.0,UG/M3,1 Hr,Valid
Chisinau,PM2.5 - Principal,2022-02-03 02:00 AM,2022,02,03,02,92.7,170,Unhealthy,90.0,UG/M3,1 Hr,Valid
Chisinau,PM2.5 - Principal,2022-02-03 03:00 AM,2022,02,03,03,81.8,165,Unhealthy,71.0,UG/M3,1 Hr,Valid
Chisinau,PM2.5 - Principal,2022-02-03 04:00 AM,2022,02,03,04,69.9,158,Unhealthy,58.0,UG/M3,1 Hr,Valid
Chisinau,PM2.5 - Principal,2022-02-03 05:00 AM,2022,02,03,05,56.9,152,Unhealthy,44.0,UG/M3,1 Hr,Valid
Chisinau,PM2.5 - Principal,2022-02-03 06:00 AM,2022,02,03,06,46.4,128,Unhealthy for Sensitive Groups,36.0,UG/M3,1 Hr,Valid
Chisinau,PM2.5 - Principal,2022-02-03 07:00 AM,2022,02,03,07,38.2,108,Unhealthy for Sensitive Groups,30.0,UG/M3,1 Hr,Valid
Chisinau,PM2.5 - Principal,2022-02-03 08:00 AM,2022,02,03,08,30.1,89,Moderate,22.0,UG/M3,1 Hr,Valid
Chisinau,PM2.5 - Principal,2022-02-03 09:00 AM,2022,02,03,09,24.0,76,Moderate,18.0,UG/M3,1 Hr,Valid
Chisinau,PM2.5 - Principal,2022-02-03 10:00 AM,2022,02,03,10,24.5,77,Moderate,25.0,UG/M3,1 Hr,Valid
Chisinau,PM2.5 - Principal,2022-02-03 11:00 AM,2022,02,03,11,23.2,74,Moderate,22.0,UG/M3,1 Hr,Valid
Chisinau,PM2.5 - Principal,2022-02-03 12:00 PM,2022,02,03,12,19.1,66,Moderate,15.0,UG/M3,1 Hr,Valid
Chisinau,PM2.5 - Principal,2022-02-03 01:00 PM,2022,02,03,13,18.0,63,Moderate,17.0,UG/M3,1 Hr,Valid
Chisinau,PM2.5 - Principal,2022-02-03 02:00 PM,2022,02,03,14,18.5,64,Moderate,19.0,UG/M3,1 Hr,Valid
Chisinau,PM2.5 - Principal,2022-02-03 03:00 PM,2022,02,03,15,17.2,62,Moderate,16.0,UG/M3,1 Hr,Valid
Chisinau,PM2.5 - Principal,2022-02-03 04:00 PM,2022,02,03,16,17.1,62,Moderate,17.0,UG/M3,1 Hr,Valid
Chisinau,PM2.5 - Principal,2022-02-03 05:00 PM,2022,02,03,17,17.0,61,Moderate,17.0,UG/M3,1 Hr,Valid
Chisinau,PM2.5 - Principal,2022-02-03 06:00 PM,2022,02,03,18,21.0,70,Moderate,25.0,UG/M3,1 Hr,Valid
Chisinau,PM2.5 - Principal,2022-02-03 07:00 PM,2022,02,03,19,18.9,65,Moderate,17.0,UG/M3,1 Hr,Valid
Chisinau,PM2.5 - Principal,2022-02-03 08:00 PM,2022,02,03,20,17.7,63,Moderate,16.0,UG/M3,1 Hr,Valid
Chisinau,PM2.5 - Principal,2022-02-03 09:00 PM,2022,02,03,21,14.2,55,Moderate,11.0,UG/M3,1 Hr,Valid
Chisinau,PM2.5 - Principal,2022-02-03 10:00 PM,2022,02,03,22,13.1,53,Moderate,12.0,UG/M3,1 Hr,Valid
Chisinau,PM2.5 - Principal,2022-02-03 11:00 PM,2022,02,03,23,13.0,53,Moderate,13.0,UG/M3,1 Hr,Valid
Chisinau,PM2.5 - Principal,2022-02-04 12:00 AM,2022,02,04,00,15.0,57,Moderate,17.0,UG/M3,1 Hr,Valid
Chisinau,PM2.5 - Principal,2022-02-04 01:00 AM,2022,02,04,01,13.5,54,Moderate,12.0,UG/M3,1 Hr,Valid
Chisinau,PM2.5 - Principal,2022-02-04 02:00 AM,2022,02,04,02,15.7,59,Moderate,18.0,UG/M3,1 Hr,Valid
Chisinau,PM2.5 - Principal,2022-02-04 03:00 AM,2022,02,04,03,14.3,56,Moderate,13.0,UG/M3,1 Hr,Valid
Chisinau,PM2.5 - Principal,2022-02-04 04:00 AM,2022,02,04,04,15.1,57,Moderate,16.0,UG/M3,1 Hr,Valid
Chisinau,PM2.5 - Principal,2022-02-04 05:00 AM,2022,02,04,05,17.5,62,Moderate,20.0,UG/M3,1 Hr,Valid
Chisinau,PM2.5 - Principal,2022-02-04 06:00 AM,2022,02,04,06,21.2,70,Moderate,25.0,UG/M3,1 Hr,Valid
Chisinau,PM2.5 - Principal,2022-02-04 07:00 AM,2022,02,04,07,19.1,66,Moderate,17.0,UG/M3,1 Hr,Valid
Chisinau,PM2.5 - Principal,2022-02-04 08:00 AM,2022,02,04,08,20.0,68,Moderate,21.0,UG/M3,1 Hr,Valid
Chisinau,PM2.5 - Principal,2022-02-04 09:00 AM,2022,02,04,09,20.5,69,Moderate,21.0,UG/M3,1 Hr,Valid
Chisinau,PM2.5 - Principal,2022-02-04 10:00 AM,2022,02,04,10,19.7,67,Moderate,19.0,UG/M3,1 Hr,Valid
Chisinau,PM2.5 - Principal,2022-02-04 11:00 AM,2022,02,04,11,18.8,65,Moderate,18.0,UG/M3,1 Hr,Valid
Chisinau,PM2.5 - Principal,2022-02-04 12:00 PM,2022,02,04,12,20.4,68,Moderate,22.0,UG/M3,1 Hr,Valid
Chisinau,PM2.5 - Principal,2022-02-04 01:00 PM,2022,02,04,13,17.8,63,Moderate,15.0,UG/M3,1 Hr,Valid
Chisinau,PM2.5 - Principal,2022-02-04 02:00 PM,2022,02,04,14,16.4,60,Moderate,15.0,UG/M3,1 Hr,Valid
Chisinau,PM2.5 - Principal,2022-02-04 03:00 PM,2022,02,04,15,16.5,60,Moderate,16.0,UG/M3,1 Hr,Valid
Chisinau,PM2.5 - Principal,2022-02-04 04:00 PM,2022,02,04,16,19.5,67,Moderate,24.0,UG/M3,1 Hr,Valid
Chisinau,PM2.5 - Principal,2022-02-04 05:00 PM,2022,02,04,17,20.9,70,Moderate,23.0,UG/M3,1 Hr,Valid
Chisinau,PM2.5 - Principal,2022-02-04 06:00 PM,2022,02,04,18,28.7,86,Moderate,36.0,UG/M3,1 Hr,Valid
Chisinau,PM2.5 - Principal,2022-02-04 07:00 PM,2022,02,04,19,33.8,97,Moderate,39.0,UG/M3,1 Hr,Valid
Chisinau,PM2.5 - Principal,2022-02-04 08:00 PM,2022,02,04,20,38.4,108,Unhealthy for Sensitive Groups,43.0,UG/M3,1 Hr,Valid
Chisinau,PM2.5 - Principal,2022-02-04 09:00 PM,2022,02,04,21,36.2,103,Unhealthy for Sensitive Groups,34.0,UG/M3,1 Hr,Valid
Chisinau,PM2.5 - Principal,2022-02-04 10:00 PM,2022,02,04,22,33.6,96,Moderate,31.0,UG/M3,1 Hr,Valid
Chisinau,PM2.5 - Principal,2022-02-04 11:00 PM,2022,02,04,23,34.3,98,Moderate,35.0,UG/M3,1 Hr,Valid
Chisinau,PM2.5 - Principal,2022-02-05 12:00 AM,2022,02,05,00,34.1,97,Moderate,34.0,UG/M3,1 Hr,Valid
Chisinau,PM2.5 - Principal,2022-02-05 01:00 AM,2022,02,05,01,31.5,92,Moderate,29.0,UG/M3,1 Hr,Valid
Chisinau,PM2.5 - Principal,2022-02-05 02:00 AM,2022,02,05,02,31.7,92,Moderate,32.0,UG/M3,1 Hr,Valid
Chisinau,PM2.5 - Principal,2022-02-05 03:00 AM,2022,02,05,03,31.9,93,Moderate,32.0,UG/M3,1 Hr,Valid
Chisinau,PM2.5 - Principal,2022-02-05 04:00 AM,2022,02,05,04,28.7,86,Moderate,25.0,UG/M3,1 Hr,Valid
Chisinau,PM2.5 - Principal,2022-02-05 05:00 AM,2022,02,05,05,27.3,83,Moderate,25.0,UG/M3,1 Hr,Valid
Chisinau,PM2.5 - Principal,2022-02-05 06:00 AM,2022,02,05,06,27.2,83,Moderate,27.0,UG/M3,1 Hr,Valid
Chisinau,PM2.5 - Principal,2022-02-05 07:00 AM,2022,02,05,07,24.5,77,Moderate,22.0,UG/M3,1 Hr,Valid
Chisinau,PM2.5 - Principal,2022-02-05 08:00 AM,2022,02,05,08,25.9,80,Moderate,27.0,UG/M3,1 Hr,Valid
Chisinau,PM2.5 - Principal,2022-02-05 09:00 AM,2022,02,05,09,25.9,80,Moderate,26.0,UG/M3,1 Hr,Valid
Chisinau,PM2.5 - Principal,2022-02-05 10:00 AM,2022,02,05,10,25.2,79,Moderate,24.0,UG/M3,1 Hr,Valid
Chisinau,PM2.5 - Principal,2022-02-05 11:00 AM,2022,02,05,11,25.5,79,Moderate,26.0,UG/M3,1 Hr,Valid
Chisinau,PM2.5 - Principal,2022-02-05 12:00 PM,2022,02,05,12,26.0,80,Moderate,27.0,UG/M3,1 Hr,Valid
Chisinau,PM2.5 - Principal,2022-02-05 01:00 PM,2022,02,05,13,25.3,79,Moderate,24.0,UG/M3,1 Hr,Valid
Chisinau,PM2.5 - Principal,2022-02-05 02:00 PM,2022,02,05,14,24.2,76,Moderate,22.0,UG/M3,1 Hr,Valid
Chisinau,PM2.5 - Principal,2022-02-05 03:00 PM,2022,02,05,15,25.1,78,Moderate,27.0,UG/M3,1 Hr,Valid
Chisinau,PM2.5 - Principal,2022-02-05 04:00 PM,2022,02,05,16,25.7,80,Moderate,28.0,UG/M3,1 Hr,Valid
Chisinau,PM2.5 - Principal,2022-02-05 05:00 PM,2022,02,05,17,27.9,84,Moderate,32.0,UG/M3,1 Hr,Valid
Chisinau,PM2.5 - Principal,2022-02-05 06:00 PM,2022,02,05,18,32.0,93,Moderate,37.0,UG/M3,1 Hr,Valid
Chisinau,PM2.5 - Principal,2022-02-05 07:00 PM,2022,02,05,19,51.0,139,Unhealthy for Sensitive Groups,69.0,UG/M3,1 Hr,Valid
Chisinau,PM2.5 - Principal,2022-02-05 08:00 PM,2022,02,05,20,48.0,132,Unhealthy for Sensitive Groups,45.0,UG/M3,1 Hr,Valid
Chisinau,PM2.5 - Principal,2022-02-05 09:00 PM,2022,02,05,21,36.5,103,Unhealthy for Sensitive Groups,25.0,UG/M3,1 Hr,Valid
Chisinau,PM2.5 - Principal,2022-02-05 10:00 PM,2022,02,05,22,31.7,92,Moderate,27.0,UG/M3,1 Hr,Valid
Chisinau,PM2.5 - Principal,2022-02-05 11:00 PM,2022,02,05,23,24.3,77,Moderate,17.0,UG/M3,1 Hr,Valid
Chisinau,PM2.5 - Principal,2022-02-06 12:00 AM,2022,02,06,00,20.1,68,Moderate,16.0,UG/M3,1 Hr,Valid
Chisinau,PM2.5 - Principal,2022-02-06 01:00 AM,2022,02,06,01,20.0,68,Moderate,20.0,UG/M3,1 Hr,Valid
Chisinau,PM2.5 - Principal,2022-02-06 02:00 AM,2022,02,06,02,21.0,70,Moderate,22.0,UG/M3,1 Hr,Valid
Chisinau,PM2.5 - Principal,2022-02-06 03:00 AM,2022,02,06,03,20.5,69,Moderate,20.0,UG/M3,1 Hr,Valid
Chisinau,PM2.5 - Principal,2022-02-06 04:00 AM,2022,02,06,04,20.2,68,Moderate,20.0,UG/M3,1 Hr,Valid
Chisinau,PM2.5 - Principal,2022-02-06 05:00 AM,2022,02,06,05,18.1,64,Moderate,16.0,UG/M3,1 Hr,Valid
Chisinau,PM2.5 - Principal,2022-02-06 06:00 AM,2022,02,06,06,18.0,63,Moderate,18.0,UG/M3,1 Hr,Valid
Chisinau,PM2.5 - Principal,2022-02-06 07:00 AM,2022,02,06,07,17.5,62,Moderate,17.0,UG/M3,1 Hr,Valid
Chisinau,PM2.5 - Principal,2022-02-06 08:00 AM,2022,02,06,08,17.8,63,Moderate,18.0,UG/M3,1 Hr,Valid
Chisinau,PM2.5 - Principal,2022-02-06 09:00 AM,2022,02,06,09,16.5,60,Moderate,15.0,UG/M3,1 Hr,Valid
Chisinau,PM2.5 - Principal,2022-02-06 10:00 AM,2022,02,06,10,15.7,59,Moderate,14.0,UG/M3,1 Hr,Valid
Chisinau,PM2.5 - Principal,2022-02-06 11:00 AM,2022,02,06,11,15.1,57,Moderate,14.0,UG/M3,1 Hr,Valid
Chisinau,PM2.5 - Principal,2022-02-06 12:00 PM,2022,02,06,12,12.7,52,Moderate,11.0,UG/M3,1 Hr,Valid
Chisinau,PM2.5 - Principal,2022-02-06 01:00 PM,2022,02,06,13,13.8,55,Moderate,15.0,UG/M3,1 Hr,Valid
Chisinau,PM2.5 - Principal,2022-02-06 02:00 PM,2022,02,06,14,12.6,52,Moderate,11.0,UG/M3,1 Hr,Valid
Chisinau,PM2.5 - Principal,2022-02-06 03:00 PM,2022,02,06,15,12.7,52,Moderate,13.0,UG/M3,1 Hr,Valid
Chisinau,PM2.5 - Principal,2022-02-06 04:00 PM,2022,02,06,16,12.5,52,Moderate,12.0,UG/M3,1 Hr,Valid
Chisinau,PM2.5 - Principal,2022-02-06 05:00 PM,2022,02,06,17,14.2,55,Moderate,17.0,UG/M3,1 Hr,Valid
Chisinau,PM2.5 - Principal,2022-02-06 06:00 PM,2022,02,06,18,16.3,60,Moderate,19.0,UG/M3,1 Hr,Valid
Chisinau,PM2.5 - Principal,2022-02-06 07:00 PM,2022,02,06,19,17.4,62,Moderate,19.0,UG/M3,1 Hr,Valid
Chisinau,PM2.5 - Principal,2022-02-06 08:00 PM,2022,02,06,20,19.9,67,Moderate,22.0,UG/M3,1 Hr,Valid
Chisinau,PM2.5 - Principal,2022-02-06 09:00 PM,2022,02,06,21,19.9,67,Moderate,20.0,UG/M3,1 Hr,Valid
Chisinau,PM2.5 - Principal,2022-02-06 10:00 PM,2022,02,06,22,16.4,60,Moderate,13.0,UG/M3,1 Hr,Valid
Chisinau,PM2.5 - Principal,2022-02-06 11:00 PM,2022,02,06,23,16.2,60,Moderate,16.0,UG/M3,1 Hr,Valid
Chisinau,PM2.5 - Principal,2022-02-07 12:00 AM,2022,02,07,00,17.6,63,Moderate,19.0,UG/M3,1 Hr,Valid
Chisinau,PM2.5 - Principal,2022-02-07 01:00 AM,2022,02,07,01,16.3,60,Moderate,15.0,UG/M3,1 Hr,Valid
Chisinau,PM2.5 - Principal,2022-02-07 02:00 AM,2022,02,07,02,15.7,59,Moderate,15.0,UG/M3,1 Hr,Valid
Chisinau,PM2.5 - Principal,2022-02-07 03:00 AM,2022,02,07,03,14.5,56,Moderate,13.0,UG/M3,1 Hr,Valid
Chisinau,PM2.5 - Principal,2022-02-07 04:00 AM,2022,02,07,04,14.8,57,Moderate,15.0,UG/M3,1 Hr,Valid
Chisinau,PM2.5 - Principal,2022-02-07 05:00 AM,2022,02,07,05,15.7,59,Moderate,17.0,UG/M3,1 Hr,Valid
Chisinau,PM2.5 - Principal,2022-02-07 06:00 AM,2022,02,07,06,15.0,57,Moderate,14.0,UG/M3,1 Hr,Valid
Chisinau,PM2.5 - Principal,2022-02-07 07:00 AM,2022,02,07,07,17.8,63,Moderate,22.0,UG/M3,1 Hr,Valid
Chisinau,PM2.5 - Principal,2022-02-07 08:00 AM,2022,02,07,08,19.5,67,Moderate,22.0,UG/M3,1 Hr,Valid
Chisinau,PM2.5 - Principal,2022-02-07 09:00 AM,2022,02,07,09,24.1,76,Moderate,28.0,UG/M3,1 Hr,Valid
Chisinau,PM2.5 - Principal,2022-02-07 10:00 AM,2022,02,07,10,24.5,77,Moderate,25.0,UG/M3,1 Hr,Valid
Chisinau,PM2.5 - Principal,2022-02-07 11:00 AM,2022,02,07,11,23.2,74,Moderate,22.0,UG/M3,1 Hr,Valid
Chisinau,PM2.5 - Principal,2022-02-07 12:00 PM,2022,02,07,12,21.6,71,Moderate,20.0,UG/M3,1 Hr,Valid
Chisinau,PM2.5 - Principal,2022-02-07 01:00 PM,2022,02,07,13,20.8,69,Moderate,20.0,UG/M3,1 Hr,Valid
Chisinau,PM2.5 - Principal,2022-02-07 02:00 PM,2022,02,07,14,18.4,64,Moderate,16.0,UG/M3,1 Hr,Valid
Chisinau,PM2.5 - Principal,2022-02-07 03:00 PM,2022,02,07,15,18.7,65,Moderate,19.0,UG/M3,1 Hr,Valid
Chisinau,PM2.5 - Principal,2022-02-07 04:00 PM,2022,02,07,16,18.8,65,Moderate,19.0,UG/M3,1 Hr,Valid
Chisinau,PM2.5 - Principal,2022-02-07 05:00 PM,2022,02,07,17,22.4,73,Moderate,26.0,UG/M3,1 Hr,Valid
Chisinau,PM2.5 - Principal,2022-02-07 06:00 PM,2022,02,07,18,27.7,84,Moderate,33.0,UG/M3,1 Hr,Valid
Chisinau,PM2.5 - Principal,2022-02-07 07:00 PM,2022,02,07,19,33.8,97,Moderate,40.0,UG/M3,1 Hr,Valid
Chisinau,PM2.5 - Principal,2022-02-07 08:00 PM,2022,02,07,20,54.9,149,Unhealthy for Sensitive Groups,76.0,UG/M3,1 Hr,Valid
Chisinau,PM2.5 - Principal,2022-02-07 09:00 PM,2022,02,07,21,73.4,160,Unhealthy,92.0,UG/M3,1 Hr,Valid
Chisinau,PM2.5 - Principal,2022-02-07 10:00 PM,2022,02,07,22,68.2,158,Unhealthy,63.0,UG/M3,1 Hr,Valid
Chisinau,PM2.5 - Principal,2022-02-07 11:00 PM,2022,02,07,23,62.6,155,Unhealthy,57.0,UG/M3,1 Hr,Valid
Chisinau,PM2.5 - Principal,2022-02-08 12:00 AM,2022,02,08,00,38.3,108,Unhealthy for Sensitive Groups,14.0,UG/M3,1 Hr,Valid
Chisinau,PM2.5 - Principal,2022-02-08 01:00 AM,2022,02,08,01,24.6,77,Moderate,11.0,UG/M3,1 Hr,Valid
Chisinau,PM2.5 - Principal,2022-02-08 02:00 AM,2022,02,08,02,17.8,63,Moderate,11.0,UG/M3,1 Hr,Valid
Chisinau,PM2.5 - Principal,2022-02-08 03:00 AM,2022,02,08,03,14.9,57,Moderate,12.0,UG/M3,1 Hr,Valid
Chisinau,PM2.5 - Principal,2022-02-08 04:00 AM,2022,02,08,04,12.4,52,Moderate,10.0,UG/M3,1 Hr,Valid
Chisinau,PM2.5 - Principal,2022-02-08 05:00 AM,2022,02,08,05,11.7,49,Good,11.0,UG/M3,1 Hr,Valid
Chisinau,PM2.5 - Principal,2022-02-08 06:00 AM,2022,02,08,06,10.8,45,Good,10.0,UG/M3,1 Hr,Valid
Chisinau,PM2.5 - Principal,2022-02-08 07:00 AM,2022,02,08,07,11.4,48,Good,12.0,UG/M3,1 Hr,Valid
Chisinau,PM2.5 - Principal,2022-02-08 08:00 AM,2022,02,08,08,10.7,45,Good,10.0,UG/M3,1 Hr,Valid
Chisinau,PM2.5 - Principal,2022-02-08 09:00 AM,2022,02,08,09,11.3,47,Good,12.0,UG/M3,1 Hr,Valid
Chisinau,PM2.5 - Principal,2022-02-08 10:00 AM,2022,02,08,10,12.6,52,Moderate,14.0,UG/M3,1 Hr,Valid
Chisinau,PM2.5 - Principal,2022-02-08 11:00 AM,2022,02,08,11,11.9,50,Good,12.0,UG/M3,1 Hr,Valid
Chisinau,PM2.5 - Principal,2022-02-08 12:00 PM,2022,02,08,12,11.6,48,Good,11.0,UG/M3,1 Hr,Valid
Chisinau,PM2.5 - Principal,2022-02-08 01:00 PM,2022,02,08,13,11.7,49,Good,12.0,UG/M3,1 Hr,Valid
Chisinau,PM2.5 - Principal,2022-02-08 02:00 PM,2022,02,08,14,12.1,51,Moderate,13.0,UG/M3,1 Hr,Valid
Chisinau,PM2.5 - Principal,2022-02-08 03:00 PM,2022,02,08,15,12.3,51,Moderate,13.0,UG/M3,1 Hr,Valid
Chisinau,PM2.5 - Principal,2022-02-08 04:00 PM,2022,02,08,16,12.2,51,Moderate,12.0,UG/M3,1 Hr,Valid
Chisinau,PM2.5 - Principal,2022-02-08 05:00 PM,2022,02,08,17,11.6,48,Good,10.0,UG/M3,1 Hr,Valid
Chisinau,PM2.5 - Principal,2022-02-08 06:00 PM,2022,02,08,18,13.7,54,Moderate,17.0,UG/M3,1 Hr,Valid
Chisinau,PM2.5 - Principal,2022-02-08 07:00 PM,2022,02,08,19,15.0,57,Moderate,17.0,UG/M3,1 Hr,Valid
Chisinau,PM2.5 - Principal,2022-02-08 08:00 PM,2022,02,08,20,15.4,58,Moderate,16.0,UG/M3,1 Hr,Valid
Chisinau,PM2.5 - Principal,2022-02-08 09:00 PM,2022,02,08,21,17.2,62,Moderate,19.0,UG/M3,1 Hr,Valid
Chisinau,PM2.5 - Principal,2022-02-08 10:00 PM,2022,02,08,22,19.6,67,Moderate,22.0,UG/M3,1 Hr,Valid
Chisinau,PM2.5 - Principal,2022-02-08 11:00 PM,2022,02,08,23,21.3,70,Moderate,23.0,UG/M3,1 Hr,Valid
Chisinau,PM2.5 - Principal,2022-02-09 12:00 AM,2022,02,09,00,21.6,71,Moderate,22.0,UG/M3,1 Hr,Valid
Chisinau,PM2.5 - Principal,2022-02-09 01:00 AM,2022,02,09,01,22.8,74,Moderate,24.0,UG/M3,1 Hr,Valid
Chisinau,PM2.5 - Principal,2022-02-09 02:00 AM,2022,02,09,02,21.9,72,Moderate,21.0,UG/M3,1 Hr,Valid
Chisinau,PM2.5 - Principal,2022-02-09 03:00 AM,2022,02,09,03,21.9,72,Moderate,22.0,UG/M3,1 Hr,Valid
Chisinau,PM2.5 - Principal,2022-02-09 04:00 AM,2022,02,09,04,22.4,73,Moderate,23.0,UG/M3,1 Hr,Valid
Chisinau,PM2.5 - Principal,2022-02-09 05:00 AM,2022,02,09,05,20.8,69,Moderate,18.0,UG/M3,1 Hr,Valid
Chisinau,PM2.5 - Principal,2022-02-09 06:00 AM,2022,02,09,06,19.1,66,Moderate,16.0,UG/M3,1 Hr,Valid
Chisinau,PM2.5 - Principal,2022-02-09 07:00 AM,2022,02,09,07,17.4,62,Moderate,15.0,UG/M3,1 Hr,Valid
Chisinau,PM2.5 - Principal,2022-02-09 08:00 AM,2022,02,09,08,17.2,62,Moderate,17.0,UG/M3,1 Hr,Valid
Chisinau,PM2.5 - Principal,2022-02-09 09:00 AM,2022,02,09,09,16.4,60,Moderate,15.0,UG/M3,1 Hr,Valid
Chisinau,PM2.5 - Principal,2022-02-09 10:00 AM,2022,02,09,10,16.2,60,Moderate,16.0,UG/M3,1 Hr,Valid
Chisinau,PM2.5 - Principal,2022-02-09 11:00 AM,2022,02,09,11,16.5,60,Moderate,17.0,UG/M3,1 Hr,Valid
Chisinau,PM2.5 - Principal,2022-02-09 12:00 PM,2022,02,09,12,17.0,61,Moderate,18.0,UG/M3,1 Hr,Valid
Chisinau,PM2.5 - Principal,2022-02-09 01:00 PM,2022,02,09,13,14.1,55,Moderate,11.0,UG/M3,1 Hr,Valid
Chisinau,PM2.5 - Principal,2022-02-09 02:00 PM,2022,02,09,14,13.5,54,Moderate,13.0,UG/M3,1 Hr,Valid
Chisinau,PM2.5 - Principal,2022-02-09 03:00 PM,2022,02,09,15,14.2,55,Moderate,15.0,UG/M3,1 Hr,Valid
Chisinau,PM2.5 - Principal,2022-02-09 04:00 PM,2022,02,09,16,13.4,54,Moderate,12.0,UG/M3,1 Hr,Valid
Chisinau,PM2.5 - Principal,2022-02-09 05:00 PM,2022,02,09,17,12.4,52,Moderate,11.0,UG/M3,1 Hr,Valid
Chisinau,PM2.5 - Principal,2022-02-09 06:00 PM,2022,02,09,18,13.4,54,Moderate,15.0,UG/M3,1 Hr,Valid
Chisinau,PM2.5 - Principal,2022-02-09 07:00 PM,2022,02,09,19,15.2,58,Moderate,18.0,UG/M3,1 Hr,Valid
Chisinau,PM2.5 - Principal,2022-02-09 08:00 PM,2022,02,09,20,15.5,58,Moderate,16.0,UG/M3,1 Hr,Valid
Chisinau,PM2.5 - Principal,2022-02-09 09:00 PM,2022,02,09,21,18.9,65,Moderate,22.0,UG/M3,1 Hr,Valid
Chisinau,PM2.5 - Principal,2022-02-09 10:00 PM,2022,02,09,22,25.4,79,Moderate,32.0,UG/M3,1 Hr,Valid
Chisinau,PM2.5 - Principal,2022-02-09 11:00 PM,2022,02,09,23,42.2,117,Unhealthy for Sensitive Groups,59.0,UG/M3,1 Hr,Valid
Chisinau,PM2.5 - Principal,2022-02-10 12:00 AM,2022,02,10,00,51.6,141,Unhealthy for Sensitive Groups,61.0,UG/M3,1 Hr,Valid
Chisinau,PM2.5 - Principal,2022-02-10 01:00 AM,2022,02,10,01,60.8,154,Unhealthy,70.0,UG/M3,1 Hr,Valid
Chisinau,PM2.5 - Principal,2022-02-10 02:00 AM,2022,02,10,02,55.4,150,Unhealthy for Sensitive Groups,50.0,UG/M3,1 Hr,Valid
Chisinau,PM2.5 - Principal,2022-02-10 03:00 AM,2022,02,10,03,53.2,145,Unhealthy for Sensitive Groups,51.0,UG/M3,1 Hr,Valid
Chisinau,PM2.5 - Principal,2022-02-10 04:00 AM,2022,02,10,04,47.1,130,Unhealthy for Sensitive Groups,41.0,UG/M3,1 Hr,Valid
Chisinau,PM2.5 - Principal,2022-02-10 05:00 AM,2022,02,10,05,44.5,123,Unhealthy for Sensitive Groups,42.0,UG/M3,1 Hr,Valid
Chisinau,PM2.5 - Principal,2022-02-10 06:00 AM,2022,02,10,06,40.2,113,Unhealthy for Sensitive Groups,36.0,UG/M3,1 Hr,Valid
Chisinau,PM2.5 - Principal,2022-02-10 07:00 AM,2022,02,10,07,35.6,101,Unhealthy for Sensitive Groups,31.0,UG/M3,1 Hr,Valid
Chisinau,PM2.5 - Principal,2022-02-10 08:00 AM,2022,02,10,08,35.3,100,Moderate,35.0,UG/M3,1 Hr,Valid
Chisinau,PM2.5 - Principal,2022-02-10 09:00 AM,2022,02,10,09,37.6,106,Unhealthy for Sensitive Groups,40.0,UG/M3,1 Hr,Valid
Chisinau,PM2.5 - Principal,2022-02-10 10:00 AM,2022,02,10,10,34.3,98,Moderate,31.0,UG/M3,1 Hr,Valid
Chisinau,PM2.5 - Principal,2022-02-10 11:00 AM,2022,02,10,11,32.6,94,Moderate,31.0,UG/M3,1 Hr,Valid
Chisinau,PM2.5 - Principal,2022-02-10 12:00 PM,2022,02,10,12,33.8,97,Moderate,35.0,UG/M3,1 Hr,Valid
Chisinau,PM2.5 - Principal,2022-02-10 01:00 PM,2022,02,10,13,30.6,90,Moderate,27.0,UG/M3,1 Hr,Valid
Chisinau,PM2.5 - Principal,2022-02-10 02:00 PM,2022,02,10,14,25.7,80,Moderate,21.0,UG/M3,1 Hr,Valid
Chisinau,PM2.5 - Principal,2022-02-10 03:00 PM,2022,02,10,15,21.8,71,Moderate,18.0,UG/M3,1 Hr,Valid
Chisinau,PM2.5 - Principal,2022-02-10 04:00 PM,2022,02,10,16,18.4,64,Moderate,15.0,UG/M3,1 Hr,Valid
Chisinau,PM2.5 - Principal,2022-02-10 05:00 PM,2022,02,10,17,15.7,59,Moderate,13.0,UG/M3,1 Hr,Valid
Chisinau,PM2.5 - Principal,2022-02-10 06:00 PM,2022,02,10,18,16.3,60,Moderate,17.0,UG/M3,1 Hr,Valid
Chisinau,PM2.5 - Principal,2022-02-10 07:00 PM,2022,02,10,19,25.6,79,Moderate,35.0,UG/M3,1 Hr,Valid
Chisinau,PM2.5 - Principal,2022-02-10 08:00 PM,2022,02,10,20,34.8,99,Moderate,44.0,UG/M3,1 Hr,Valid
Chisinau,PM2.5 - Principal,2022-02-10 09:00 PM,2022,02,10,21,56.9,152,Unhealthy,79.0,UG/M3,1 Hr,Valid
Chisinau,PM2.5 - Principal,2022-02-10 10:00 PM,2022,02,10,22,67.9,157,Unhealthy,79.0,UG/M3,1 Hr,Valid
Chisinau,PM2.5 - Principal,2022-02-10 11:00 PM,2022,02,10,23,68.9,158,Unhealthy,70.0,UG/M3,1 Hr,Valid
Chisinau,PM2.5 - Principal,2022-02-11 12:00 AM,2022,02,11,00,62.4,155,Unhealthy,56.0,UG/M3,1 Hr,Valid
Chisinau,PM2.5 - Principal,2022-02-11 01:00 AM,2022,02,11,01,65.7,156,Unhealthy,69.0,UG/M3,1 Hr,Valid
Chisinau,PM2.5 - Principal,2022-02-11 02:00 AM,2022,02,11,02,61.8,154,Unhealthy,58.0,UG/M3,1 Hr,Valid
Chisinau,PM2.5 - Principal,2022-02-11 03:00 AM,2022,02,11,03,53.9,146,Unhealthy for Sensitive Groups,46.0,UG/M3,1 Hr,Valid
Chisinau,PM2.5 - Principal,2022-02-11 04:00 AM,2022,02,11,04,48.4,133,Unhealthy for Sensitive Groups,43.0,UG/M3,1 Hr,Valid
Chisinau,PM2.5 - Principal,2022-02-11 05:00 AM,2022,02,11,05,58.7,153,Unhealthy,69.0,UG/M3,1 Hr,Valid
Chisinau,PM2.5 - Principal,2022-02-11 06:00 AM,2022,02,11,06,60.3,153,Unhealthy,62.0,UG/M3,1 Hr,Valid
Chisinau,PM2.5 - Principal,2022-02-11 07:00 AM,2022,02,11,07,60.4,154,Unhealthy,61.0,UG/M3,1 Hr,Valid
Chisinau,PM2.5 - Principal,2022-02-11 08:00 AM,2022,02,11,08,63.0,155,Unhealthy,66.0,UG/M3,1 Hr,Valid
Chisinau,PM2.5 - Principal,2022-02-11 09:00 AM,2022,02,11,09,64.3,156,Unhealthy,66.0,UG/M3,1 Hr,Valid
Chisinau,PM2.5 - Principal,2022-02-11 10:00 AM,2022,02,11,10,65.4,156,Unhealthy,68.0,UG/M3,1 Hr,Valid
Chisinau,PM2.5 - Principal,2022-02-11 11:00 AM,2022,02,11,11,62.9,155,Unhealthy,59.0,UG/M3,1 Hr,Valid
Chisinau,PM2.5 - Principal,2022-02-11 12:00 PM,2022,02,11,12,64.0,155,Unhealthy,66.0,UG/M3,1 Hr,Valid
Chisinau,PM2.5 - Principal,2022-02-11 01:00 PM,2022,02,11,13,177.1,227,Very Unhealthy,290.0,UG/M3,1 Hr,Valid
Chisinau,PM2.5 - Principal,2022-02-11 02:00 PM,2022,02,11,14,114.0,181,Unhealthy,51.0,UG/M3,1 Hr,Valid
Chisinau,PM2.5 - Principal,2022-02-11 03:00 PM,2022,02,11,15,75.5,161,Unhealthy,37.0,UG/M3,1 Hr,Valid
Chisinau,PM2.5 - Principal,2022-02-11 04:00 PM,2022,02,11,16,51.2,140,Unhealthy for Sensitive Groups,27.0,UG/M3,1 Hr,Valid
Chisinau,PM2.5 - Principal,2022-02-11 05:00 PM,2022,02,11,17,44.1,122,Unhealthy for Sensitive Groups,37.0,UG/M3,1 Hr,Valid
Chisinau,PM2.5 - Principal,2022-02-11 06:00 PM,2022,02,11,18,42.0,117,Unhealthy for Sensitive Groups,40.0,UG/M3,1 Hr,Valid
Chisinau,PM2.5 - Principal,2022-02-11 07:00 PM,2022,02,11,19,44.0,122,Unhealthy for Sensitive Groups,46.0,UG/M3,1 Hr,Valid
Chisinau,PM2.5 - Principal,2022-02-11 08:00 PM,2022,02,11,20,46.0,127,Unhealthy for Sensitive Groups,48.0,UG/M3,1 Hr,Valid
Chisinau,PM2.5 - Principal,2022-02-11 09:00 PM,2022,02,11,21,64.0,155,Unhealthy,82.0,UG/M3,1 Hr,Valid
Chisinau,PM2.5 - Principal,2022-02-11 10:00 PM,2022,02,11,22,61.5,154,Unhealthy,59.0,UG/M3,1 Hr,Valid
Chisinau,PM2.5 - Principal,2022-02-11 11:00 PM,2022,02,11,23,64.2,155,Unhealthy,67.0,UG/M3,1 Hr,Valid
Chisinau,PM2.5 - Principal,2022-02-12 12:00 AM,2022,02,12,00,69.6,158,Unhealthy,75.0,UG/M3,1 Hr,Valid
Chisinau,PM2.5 - Principal,2022-02-12 01:00 AM,2022,02,12,01,75.7,161,Unhealthy,82.0,UG/M3,1 Hr,Valid
Chisinau,PM2.5 - Principal,2022-02-12 02:00 AM,2022,02,12,02,72.8,160,Unhealthy,70.0,UG/M3,1 Hr,Valid
Chisinau,PM2.5 - Principal,2022-02-12 03:00 AM,2022,02,12,03,69.9,158,Unhealthy,67.0,UG/M3,1 Hr,Valid
Chisinau,PM2.5 - Principal,2022-02-12 04:00 AM,2022,02,12,04,63.9,155,Unhealthy,58.0,UG/M3,1 Hr,Valid
Chisinau,PM2.5 - Principal,2022-02-12 05:00 AM,2022,02,12,05,48.9,134,Unhealthy for Sensitive Groups,34.0,UG/M3,1 Hr,Valid
Chisinau,PM2.5 - Principal,2022-02-12 06:00 AM,2022,02,12,06,32.9,95,Moderate,17.0,UG/M3,1 Hr,Valid
Chisinau,PM2.5 - Principal,2022-02-12 07:00 AM,2022,02,12,07,22.4,73,Moderate,12.0,UG/M3,1 Hr,Valid
Chisinau,PM2.5 - Principal,2022-02-12 08:00 AM,2022,02,12,08,19.2,66,Moderate,16.0,UG/M3,1 Hr,Valid
Chisinau,PM2.5 - Principal,2022-02-12 09:00 AM,2022,02,12,09,15.1,57,Moderate,11.0,UG/M3,1 Hr,Valid
Chisinau,PM2.5 - Principal,2022-02-12 10:00 AM,2022,02,12,10,14.0,55,Moderate,13.0,UG/M3,1 Hr,Valid
Chisinau,PM2.5 - Principal,2022-02-12 11:00 AM,2022,02,12,11,12.0,50,Good,10.0,UG/M3,1 Hr,Valid
Chisinau,PM2.5 - Principal,2022-02-12 12:00 PM,2022,02,12,12,11.5,48,Good,11.0,UG/M3,1 Hr,Valid
Chisinau,PM2.5 - Principal,2022-02-12 01:00 PM,2022,02,12,13,10.7,45,Good,10.0,UG/M3,1 Hr,Valid
Chisinau,PM2.5 - Principal,2022-02-12 02:00 PM,2022,02,12,14,9.8,41,Good,9.0,UG/M3,1 Hr,Valid
Chisinau,PM2.5 - Principal,2022-02-12 03:00 PM,2022,02,12,15,11.4,48,Good,13.0,UG/M3,1 Hr,Valid
Chisinau,PM2.5 - Principal,2022-02-12 04:00 PM,2022,02,12,16,13.2,53,Moderate,15.0,UG/M3,1 Hr,Valid
Chisinau,PM2.5 - Principal,2022-02-12 05:00 PM,2022,02,12,17,13.0,53,Moderate,13.0,UG/M3,1 Hr,Valid
Chisinau,PM2.5 - Principal,2022-02-12 06:00 PM,2022,02,12,18,16.0,59,Moderate,19.0,UG/M3,1 Hr,Valid
Chisinau,PM2.5 - Principal,2022-02-12 07:00 PM,2022,02,12,19,24.0,76,Moderate,32.0,UG/M3,1 Hr,Valid
Chisinau,PM2.5 - Principal,2022-02-12 08:00 PM,2022,02,12,20,24.0,76,Moderate,24.0,UG/M3,1 Hr,Valid
Chisinau,PM2.5 - Principal,2022-02-12 09:00 PM,2022,02,12,21,21.5,71,Moderate,19.0,UG/M3,1 Hr,Valid
Chisinau,PM2.5 - Principal,2022-02-12 10:00 PM,2022,02,12,22,21.7,71,Moderate,22.0,UG/M3,1 Hr,Valid
Chisinau,PM2.5 - Principal,2022-02-12 11:00 PM,2022,02,12,23,21.3,70,Moderate,21.0,UG/M3,1 Hr,Valid
Chisinau,PM2.5 - Principal,2022-02-13 12:00 AM,2022,02,13,00,19.1,66,Moderate,17.0,UG/M3,1 Hr,Valid
Chisinau,PM2.5 - Principal,2022-02-13 01:00 AM,2022,02,13,01,19.5,67,Moderate,20.0,UG/M3,1 Hr,Valid
Chisinau,PM2.5 - Principal,2022-02-13 02:00 AM,2022,02,13,02,23.3,75,Moderate,27.0,UG/M3,1 Hr,Valid
Chisinau,PM2.5 - Principal,2022-02-13 03:00 AM,2022,02,13,03,23.6,75,Moderate,24.0,UG/M3,1 Hr,Valid
Chisinau,PM2.5 - Principal,2022-02-13 04:00 AM,2022,02,13,04,24.3,77,Moderate,25.0,UG/M3,1 Hr,Valid
Chisinau,PM2.5 - Principal,2022-02-13 05:00 AM,2022,02,13,05,25.9,80,Moderate,28.0,UG/M3,1 Hr,Valid
Chisinau,PM2.5 - Principal,2022-02-13 06:00 AM,2022,02,13,06,27.4,83,Moderate,29.0,UG/M3,1 Hr,Valid
Chisinau,PM2.5 - Principal,2022-02-13 07:00 AM,2022,02,13,07,26.6,81,Moderate,26.0,UG/M3,1 Hr,Valid
Chisinau,PM2.5 - Principal,2022-02-13 08:00 AM,2022,02,13,08,27.1,83,Moderate,28.0,UG/M3,1 Hr,Valid
Chisinau,PM2.5 - Principal,2022-02-13 09:00 AM,2022,02,13,09,30.6,90,Moderate,34.0,UG/M3,1 Hr,Valid
Chisinau,PM2.5 - Principal,2022-02-13 10:00 AM,2022,02,13,10,29.8,88,Moderate,29.0,UG/M3,1 Hr,Valid
Chisinau,PM2.5 - Principal,2022-02-13 11:00 AM,2022,02,13,11,32.9,95,Moderate,36.0,UG/M3,1 Hr,Valid
Chisinau,PM2.5 - Principal,2022-02-13 12:00 PM,2022,02,13,12,23.9,76,Moderate,15.0,UG/M3,1 Hr,Valid
Chisinau,PM2.5 - Principal,2022-02-13 01:00 PM,2022,02,13,13,17.4,62,Moderate,11.0,UG/M3,1 Hr,Valid
Chisinau,PM2.5 - Principal,2022-02-13 02:00 PM,2022,02,13,14,14.7,56,Moderate,12.0,UG/M3,1 Hr,Valid
Chisinau,PM2.5 - Principal,2022-02-13 03:00 PM,2022,02,13,15,12.3,51,Moderate,10.0,UG/M3,1 Hr,Valid
Chisinau,PM2.5 - Principal,2022-02-13 04:00 PM,2022,02,13,16,10.6,44,Good,9.0,UG/M3,1 Hr,Valid
Chisinau,PM2.5 - Principal,2022-02-13 05:00 PM,2022,02,13,17,10.3,43,Good,10.0,UG/M3,1 Hr,Valid
Chisinau,PM2.5 - Principal,2022-02-13 06:00 PM,2022,02,13,18,13.6,54,Moderate,17.0,UG/M3,1 Hr,Valid
Chisinau,PM2.5 - Principal,2022-02-13 07:00 PM,2022,02,13,19,15.3,58,Moderate,17.0,UG/M3,1 Hr,Valid
Chisinau,PM2.5 - Principal,2022-02-13 08:00 PM,2022,02,13,20,16.6,60,Moderate,18.0,UG/M3,1 Hr,Valid
Chisinau,PM2.5 - Principal,2022-02-13 09:00 PM,2022,02,13,21,17.3,62,Moderate,18.0,UG/M3,1 Hr,Valid
Chisinau,PM2.5 - Principal,2022-02-13 10:00 PM,2022,02,13,22,16.6,60,Moderate,16.0,UG/M3,1 Hr,Valid
Chisinau,PM2.5 - Principal,2022-02-13 11:00 PM,2022,02,13,23,17.8,63,Moderate,19.0,UG/M3,1 Hr,Valid
Chisinau,PM2.5 - Principal,2022-02-14 12:00 AM,2022,02,14,00,18.9,65,Moderate,20.0,UG/M3,1 Hr,Valid
Chisinau,PM2.5 - Principal,2022-02-14 01:00 AM,2022,02,14,01,18.4,64,Moderate,18.0,UG/M3,1 Hr,Valid
Chisinau,PM2.5 - Principal,2022-02-14 02:00 AM,2022,02,14,02,18.2,64,Moderate,18.0,UG/M3,1 Hr,Valid
Chisinau,PM2.5 - Principal,2022-02-14 03:00 AM,2022,02,14,03,18.1,64,Moderate,18.0,UG/M3,1 Hr,Valid
Chisinau,PM2.5 - Principal,2022-02-14 04:00 AM,2022,02,14,04,18.5,64,Moderate,19.0,UG/M3,1 Hr,Valid
Chisinau,PM2.5 - Principal,2022-02-14 05:00 AM,2022,02,14,05,17.8,63,Moderate,16.0,UG/M3,1 Hr,Valid
Chisinau,PM2.5 - Principal,2022-02-14 06:00 AM,2022,02,14,06,17.6,63,Moderate,17.0,UG/M3,1 Hr,Valid
Chisinau,PM2.5 - Principal,2022-02-14 07:00 AM,2022,02,14,07,19.1,66,Moderate,23.0,UG/M3,1 Hr,Valid
Chisinau,PM2.5 - Principal,2022-02-14 08:00 AM,2022,02,14,08,20.0,68,Moderate,22.0,UG/M3,1 Hr,Valid
Chisinau,PM2.5 - Principal,2022-02-14 09:00 AM,2022,02,14,09,22.6,73,Moderate,26.0,UG/M3,1 Hr,Valid
Chisinau,PM2.5 - Principal,2022-02-14 10:00 AM,2022,02,14,10,21.6,71,Moderate,20.0,UG/M3,1 Hr,Valid
Chisinau,PM2.5 - Principal,2022-02-14 11:00 AM,2022,02,14,11,23.3,75,Moderate,26.0,UG/M3,1 Hr,Valid
Chisinau,PM2.5 - Principal,2022-02-14 12:00 PM,2022,02,14,12,19.2,66,Moderate,14.0,UG/M3,1 Hr,Valid
Chisinau,PM2.5 - Principal,2022-02-14 01:00 PM,2022,02,14,13,16.8,61,Moderate,14.0,UG/M3,1 Hr,Valid
Chisinau,PM2.5 - Principal,2022-02-14 02:00 PM,2022,02,14,14,13.7,54,Moderate,11.0,UG/M3,1 Hr,Valid
Chisinau,PM2.5 - Principal,2022-02-14 03:00 PM,2022,02,14,15,11.3,47,Good,9.0,UG/M3,1 Hr,Valid
Chisinau,PM2.5 - Principal,2022-02-14 04:00 PM,2022,02,14,16,10.1,42,Good,9.0,UG/M3,1 Hr,Valid
Chisinau,PM2.5 - Principal,2022-02-14 05:00 PM,2022,02,14,17,12.5,52,Moderate,15.0,UG/M3,1 Hr,Valid
Chisinau,PM2.5 - Principal,2022-02-14 06:00 PM,2022,02,14,18,18.7,65,Moderate,25.0,UG/M3,1 Hr,Valid
Chisinau,PM2.5 - Principal,2022-02-14 07:00 PM,2022,02,14,19,27.8,84,Moderate,37.0,UG/M3,1 Hr,Valid
Chisinau,PM2.5 - Principal,2022-02-14 08:00 PM,2022,02,14,20,29.4,87,Moderate,31.0,UG/M3,1 Hr,Valid
Chisinau,PM2.5 - Principal,2022-02-14 09:00 PM,2022,02,14,21,23.2,74,Moderate,17.0,UG/M3,1 Hr,Valid
Chisinau,PM2.5 - Principal,2022-02-14 10:00 PM,2022,02,14,22,22.1,72,Moderate,21.0,UG/M3,1 Hr,Valid
Chisinau,PM2.5 - Principal,2022-02-14 11:00 PM,2022,02,14,23,19.5,67,Moderate,17.0,UG/M3,1 Hr,Valid
Chisinau,PM2.5 - Principal,2022-02-15 12:00 AM,2022,02,15,00,22.7,73,Moderate,26.0,UG/M3,1 Hr,Valid
Chisinau,PM2.5 - Principal,2022-02-15 01:00 AM,2022,02,15,01,26.3,81,Moderate,30.0,UG/M3,1 Hr,Valid
Chisinau,PM2.5 - Principal,2022-02-15 02:00 AM,2022,02,15,02,22.1,72,Moderate,18.0,UG/M3,1 Hr,Valid
Chisinau,PM2.5 - Principal,2022-02-15 03:00 AM,2022,02,15,03,25.1,78,Moderate,28.0,UG/M3,1 Hr,Valid
Chisinau,PM2.5 - Principal,2022-02-15 04:00 AM,2022,02,15,04,27.0,82,Moderate,29.0,UG/M3,1 Hr,Valid
Chisinau,PM2.5 - Principal,2022-02-15 05:00 AM,2022,02,15,05,28.5,85,Moderate,30.0,UG/M3,1 Hr,Valid
Chisinau,PM2.5 - Principal,2022-02-15 06:00 AM,2022,02,15,06,26.7,82,Moderate,25.0,UG/M3,1 Hr,Valid
Chisinau,PM2.5 - Principal,2022-02-15 07:00 AM,2022,02,15,07,27.3,83,Moderate,28.0,UG/M3,1 Hr,Valid
Chisinau,PM2.5 - Principal,2022-02-15 08:00 AM,2022,02,15,08,28.9,86,Moderate,31.0,UG/M3,1 Hr,Valid
Chisinau,PM2.5 - Principal,2022-02-15 09:00 AM,2022,02,15,09,31.0,91,Moderate,33.0,UG/M3,1 Hr,Valid
Chisinau,PM2.5 - Principal,2022-02-15 10:00 AM,2022,02,15,10,29.0,87,Moderate,27.0,UG/M3,1 Hr,Valid
Chisinau,PM2.5 - Principal,2022-02-15 11:00 AM,2022,02,15,11,29.9,88,Moderate,31.0,UG/M3,1 Hr,Valid
Chisinau,PM2.5 - Principal,2022-02-15 12:00 PM,2022,02,15,12,28.1,85,Moderate,26.0,UG/M3,1 Hr,Valid
Chisinau,PM2.5 - Principal,2022-02-15 01:00 PM,2022,02,15,13,26.7,82,Moderate,25.0,UG/M3,1 Hr,Valid
Chisinau,PM2.5 - Principal,2022-02-15 02:00 PM,2022,02,15,14,22.7,73,Moderate,18.0,UG/M3,1 Hr,Valid
Chisinau,PM2.5 - Principal,2022-02-15 03:00 PM,2022,02,15,15,19.7,67,Moderate,17.0,UG/M3,1 Hr,Valid
Chisinau,PM2.5 - Principal,2022-02-15 04:00 PM,2022,02,15,16,19.4,66,Moderate,19.0,UG/M3,1 Hr,Valid
Chisinau,PM2.5 - Principal,2022-02-15 05:00 PM,2022,02,15,17,21.1,70,Moderate,23.0,UG/M3,1 Hr,Valid
Chisinau,PM2.5 - Principal,2022-02-15 06:00 PM,2022,02,15,18,23.0,74,Moderate,25.0,UG/M3,1 Hr,Valid
Chisinau,PM2.5 - Principal,2022-02-15 07:00 PM,2022,02,15,19,24.9,78,Moderate,27.0,UG/M3,1 Hr,Valid
Chisinau,PM2.5 - Principal,2022-02-15 08:00 PM,2022,02,15,20,24.4,77,Moderate,24.0,UG/M3,1 Hr,Valid
Chisinau,PM2.5 - Principal,2022-02-15 09:00 PM,2022,02,15,21,26.4,81,Moderate,29.0,UG/M3,1 Hr,Valid
Chisinau,PM2.5 - Principal,2022-02-15 10:00 PM,2022,02,15,22,26.2,81,Moderate,26.0,UG/M3,1 Hr,Valid
Chisinau,PM2.5 - Principal,2022-02-15 11:00 PM,2022,02,15,23,26.9,82,Moderate,28.0,UG/M3,1 Hr,Valid
Chisinau,PM2.5 - Principal,2022-02-16 12:00 AM,2022,02,16,00,31.0,91,Moderate,35.0,UG/M3,1 Hr,Valid
Chisinau,PM2.5 - Principal,2022-02-16 01:00 AM,2022,02,16,01,30.0,89,Moderate,29.0,UG/M3,1 Hr,Valid
Chisinau,PM2.5 - Principal,2022-02-16 02:00 AM,2022,02,16,02,29.0,87,Moderate,28.0,UG/M3,1 Hr,Valid
Chisinau,PM2.5 - Principal,2022-02-16 03:00 AM,2022,02,16,03,28.5,85,Moderate,28.0,UG/M3,1 Hr,Valid
Chisinau,PM2.5 - Principal,2022-02-16 04:00 AM,2022,02,16,04,27.7,84,Moderate,26.0,UG/M3,1 Hr,Valid
Chisinau,PM2.5 - Principal,2022-02-16 05:00 AM,2022,02,16,05,27.2,83,Moderate,26.0,UG/M3,1 Hr,Valid
Chisinau,PM2.5 - Principal,2022-02-16 06:00 AM,2022,02,16,06,26.8,82,Moderate,26.0,UG/M3,1 Hr,Valid
Chisinau,PM2.5 - Principal,2022-02-16 07:00 AM,2022,02,16,07,26.2,81,Moderate,25.0,UG/M3,1 Hr,Valid
Chisinau,PM2.5 - Principal,2022-02-16 08:00 AM,2022,02,16,08,26.2,81,Moderate,26.0,UG/M3,1 Hr,Valid
Chisinau,PM2.5 - Principal,2022-02-16 09:00 AM,2022,02,16,09,25.8,80,Moderate,25.0,UG/M3,1 Hr,Valid
Chisinau,PM2.5 - Principal,2022-02-16 10:00 AM,2022,02,16,10,27.0,82,Moderate,30.0,UG/M3,1 Hr,Valid
Chisinau,PM2.5 - Principal,2022-02-16 11:00 AM,2022,02,16,11,28.5,85,Moderate,32.0,UG/M3,1 Hr,Valid
Chisinau,PM2.5 - Principal,2022-02-16 12:00 PM,2022,02,16,12,28.7,86,Moderate,31.0,UG/M3,1 Hr,Valid
Chisinau,PM2.5 - Principal,2022-02-16 01:00 PM,2022,02,16,13,29.5,88,Moderate,32.0,UG/M3,1 Hr,Valid
Chisinau,PM2.5 - Principal,2022-02-16 02:00 PM,2022,02,16,14,30.9,91,Moderate,34.0,UG/M3,1 Hr,Valid
Chisinau,PM2.5 - Principal,2022-02-16 03:00 PM,2022,02,16,15,29.9,88,Moderate,27.0,UG/M3,1 Hr,Valid
Chisinau,PM2.5 - Principal,2022-02-16 04:00 PM,2022,02,16,16,29.1,87,Moderate,27.0,UG/M3,1 Hr,Valid
Chisinau,PM2.5 - Principal,2022-02-16 05:00 PM,2022,02,16,17,29.4,87,Moderate,30.0,UG/M3,1 Hr,Valid
Chisinau,PM2.5 - Principal,2022-02-16 06:00 PM,2022,02,16,18,34.4,98,Moderate,42.0,UG/M3,1 Hr,Valid
Chisinau,PM2.5 - Principal,2022-02-16 07:00 PM,2022,02,16,19,43.3,120,Unhealthy for Sensitive Groups,51.0,UG/M3,1 Hr,Valid
Chisinau,PM2.5 - Principal,2022-02-16 08:00 PM,2022,02,16,20,80.6,164,Unhealthy,118.0,UG/M3,1 Hr,Valid
Chisinau,PM2.5 - Principal,2022-02-16 09:00 PM,2022,02,16,21,80.8,164,Unhealthy,81.0,UG/M3,1 Hr,Valid
Chisinau,PM2.5 - Principal,2022-02-16 10:00 PM,2022,02,16,22,76.9,162,Unhealthy,73.0,UG/M3,1 Hr,Valid
Chisinau,PM2.5 - Principal,2022-02-16 11:00 PM,2022,02,16,23,57.9,152,Unhealthy,39.0,UG/M3,1 Hr,Valid
Chisinau,PM2.5 - Principal,2022-02-17 12:00 AM,2022,02,17,00,48.4,133,Unhealthy for Sensitive Groups,39.0,UG/M3,1 Hr,Valid
Chisinau,PM2.5 - Principal,2022-02-17 01:00 AM,2022,02,17,01,40.2,113,Unhealthy for Sensitive Groups,32.0,UG/M3,1 Hr,Valid
Chisinau,PM2.5 - Principal,2022-02-17 02:00 AM,2022,02,17,02,34.1,97,Moderate,28.0,UG/M3,1 Hr,Valid
Chisinau,PM2.5 - Principal,2022-02-17 03:00 AM,2022,02,17,03,31.5,92,Moderate,29.0,UG/M3,1 Hr,Valid
Chisinau,PM2.5 - Principal,2022-02-17 04:00 AM,2022,02,17,04,32.7,94,Moderate,34.0,UG/M3,1 Hr,Valid
Chisinau,PM2.5 - Principal,2022-02-17 05:00 AM,2022,02,17,05,31.3,91,Moderate,30.0,UG/M3,1 Hr,Valid
Chisinau,PM2.5 - Principal,2022-02-17 06:00 AM,2022,02,17,06,32.1,93,Moderate,33.0,UG/M3,1 Hr,Valid
Chisinau,PM2.5 - Principal,2022-02-17 07:00 AM,2022,02,17,07,32.0,93,Moderate,32.0,UG/M3,1 Hr,Valid
Chisinau,PM2.5 - Principal,2022-02-17 08:00 AM,2022,02,17,08,35.5,101,Unhealthy for Sensitive Groups,39.0,UG/M3,1 Hr,Valid
Chisinau,PM2.5 - Principal,2022-02-17 09:00 AM,2022,02,17,09,31.7,92,Moderate,28.0,UG/M3,1 Hr,Valid
Chisinau,PM2.5 - Principal,2022-02-17 10:00 AM,2022,02,17,10,28.9,86,Moderate,24.0,UG/M3,1 Hr,Valid
Chisinau,PM2.5 - Principal,2022-02-17 11:00 AM,2022,02,17,11,22.9,74,Moderate,18.0,UG/M3,1 Hr,Valid
Chisinau,PM2.5 - Principal,2022-02-17 12:00 PM,2022,02,17,12,20.4,68,Moderate,18.0,UG/M3,1 Hr,Valid
Chisinau,PM2.5 - Principal,2022-02-17 01:00 PM,2022,02,17,13,19.2,66,Moderate,18.0,UG/M3,1 Hr,Valid
Chisinau,PM2.5 - Principal,2022-02-17 02:00 PM,2022,02,17,14,18.1,64,Moderate,17.0,UG/M3,1 Hr,Valid
Chisinau,PM2.5 - Principal,2022-02-17 03:00 PM,2022,02,17,15,17.0,61,Moderate,16.0,UG/M3,1 Hr,Valid
Chisinau,PM2.5 - Principal,2022-02-17 04:00 PM,2022,02,17,16,17.0,61,Moderate,17.0,UG/M3,1 Hr,Valid
Chisinau,PM2.5 - Principal,2022-02-17 05:00 PM,2022,02,17,17,15.5,58,Moderate,14.0,UG/M3,1 Hr,Valid
Chisinau,PM2.5 - Principal,2022-02-17 06:00 PM,2022,02,17,18,15.2,58,Moderate,15.0,UG/M3,1 Hr,Valid
Chisinau,PM2.5 - Principal,2022-02-17 07:00 PM,2022,02,17,19,16.1,59,Moderate,17.0,UG/M3,1 Hr,Valid
Chisinau,PM2.5 - Principal,2022-02-17 08:00 PM,2022,02,17,20,15.5,58,Moderate,15.0,UG/M3,1 Hr,Valid
Chisinau,PM2.5 - Principal,2022-02-17 09:00 PM,2022,02,17,21,16.2,60,Moderate,17.0,UG/M3,1 Hr,Valid
Chisinau,PM2.5 - Principal,2022-02-17 10:00 PM,2022,02,17,22,16.9,61,Moderate,19.0,UG/M3,1 Hr,Valid
Chisinau,PM2.5 - Principal,2022-02-17 11:00 PM,2022,02,17,23,15.7,59,Moderate,13.0,UG/M3,1 Hr,Valid
Chisinau,PM2.5 - Principal,2022-02-18 12:00 AM,2022,02,18,00,12.8,52,Moderate,10.0,UG/M3,1 Hr,Valid
Chisinau,PM2.5 - Principal,2022-02-18 01:00 AM,2022,02,18,01,10.8,45,Good,9.0,UG/M3,1 Hr,Valid
Chisinau,PM2.5 - Principal,2022-02-18 02:00 AM,2022,02,18,02,9.4,39,Good,8.0,UG/M3,1 Hr,Valid
Chisinau,PM2.5 - Principal,2022-02-18 03:00 AM,2022,02,18,03,8.7,36,Good,8.0,UG/M3,1 Hr,Valid
Chisinau,PM2.5 - Principal,2022-02-18 04:00 AM,2022,02,18,04,9.8,41,Good,11.0,UG/M3,1 Hr,Valid
Chisinau,PM2.5 - Principal,2022-02-18 05:00 AM,2022,02,18,05,10.4,43,Good,11.0,UG/M3,1 Hr,Valid
Chisinau,PM2.5 - Principal,2022-02-18 06:00 AM,2022,02,18,06,9.7,40,Good,9.0,UG/M3,1 Hr,Valid
Chisinau,PM2.5 - Principal,2022-02-18 07:00 AM,2022,02,18,07,10.3,43,Good,11.0,UG/M3,1 Hr,Valid
Chisinau,PM2.5 - Principal,2022-02-18 08:00 AM,2022,02,18,08,10.1,42,Good,10.0,UG/M3,1 Hr,Valid
Chisinau,PM2.5 - Principal,2022-02-18 09:00 AM,2022,02,18,09,10.5,44,Good,11.0,UG/M3,1 Hr,Valid
Chisinau,PM2.5 - Principal,2022-02-18 10:00 AM,2022,02,18,10,10.6,44,Good,11.0,UG/M3,1 Hr,Valid
Chisinau,PM2.5 - Principal,2022-02-18 11:00 AM,2022,02,18,11,11.5,48,Good,13.0,UG/M3,1 Hr,Valid
Chisinau,PM2.5 - Principal,2022-02-18 12:00 PM,2022,02,18,12,11.7,49,Good,12.0,UG/M3,1 Hr,Valid
Chisinau,PM2.5 - Principal,2022-02-18 01:00 PM,2022,02,18,13,11.8,49,Good,12.0,UG/M3,1 Hr,Valid
Chisinau,PM2.5 - Principal,2022-02-18 02:00 PM,2022,02,18,14,12.8,52,Moderate,14.0,UG/M3,1 Hr,Valid
Chisinau,PM2.5 - Principal,2022-02-18 03:00 PM,2022,02,18,15,12.7,52,Moderate,13.0,UG/M3,1 Hr,Valid
Chisinau,PM2.5 - Principal,2022-02-18 04:00 PM,2022,02,18,16,12.1,51,Moderate,11.0,UG/M3,1 Hr,Valid
Chisinau,PM2.5 - Principal,2022-02-18 05:00 PM,2022,02,18,17,11.7,49,Good,11.0,UG/M3,1 Hr,Valid
Chisinau,PM2.5 - Principal,2022-02-18 06:00 PM,2022,02,18,18,11.8,49,Good,12.0,UG/M3,1 Hr,Valid
Chisinau,PM2.5 - Principal,2022-02-18 07:00 PM,2022,02,18,19,13.3,54,Moderate,16.0,UG/M3,1 Hr,Valid
Chisinau,PM2.5 - Principal,2022-02-18 08:00 PM,2022,02,18,20,14.6,56,Moderate,17.0,UG/M3,1 Hr,Valid
Chisinau,PM2.5 - Principal,2022-02-18 09:00 PM,2022,02,18,21,18.0,63,Moderate,21.0,UG/M3,1 Hr,Valid
Chisinau,PM2.5 - Principal,2022-02-18 10:00 PM,2022,02,18,22,25.1,78,Moderate,32.0,UG/M3,1 Hr,Valid
Chisinau,PM2.5 - Principal,2022-02-18 11:00 PM,2022,02,18,23,33.5,96,Moderate,42.0,UG/M3,1 Hr,Valid
Chisinau,PM2.5 - Principal,2022-02-19 12:00 AM,2022,02,19,00,43.7,121,Unhealthy for Sensitive Groups,54.0,UG/M3,1 Hr,Valid
Chisinau,PM2.5 - Principal,2022-02-19 01:00 AM,2022,02,19,01,36.3,103,Unhealthy for Sensitive Groups,29.0,UG/M3,1 Hr,Valid
Chisinau,PM2.5 - Principal,2022-02-19 02:00 AM,2022,02,19,02,30.1,89,Moderate,24.0,UG/M3,1 Hr,Valid
Chisinau,PM2.5 - Principal,2022-02-19 03:00 AM,2022,02,19,03,24.6,77,Moderate,19.0,UG/M3,1 Hr,Valid
Chisinau,PM2.5 - Principal,2022-02-19 04:00 AM,2022,02,19,04,18.3,64,Moderate,12.0,UG/M3,1 Hr,Valid
Chisinau,PM2.5 - Principal,2022-02-19 05:00 AM,2022,02,19,05,16.1,59,Moderate,14.0,UG/M3,1 Hr,Valid
Chisinau,PM2.5 - Principal,2022-02-19 06:00 AM,2022,02,19,06,14.0,55,Moderate,12.0,UG/M3,1 Hr,Valid
Chisinau,PM2.5 - Principal,2022-02-19 07:00 AM,2022,02,19,07,14.0,55,Moderate,14.0,UG/M3,1 Hr,Valid
Chisinau,PM2.5 - Principal,2022-02-19 08:00 AM,2022,02,19,08,13.5,54,Moderate,13.0,UG/M3,1 Hr,Valid
Chisinau,PM2.5 - Principal,2022-02-19 09:00 AM,2022,02,19,09,10.7,45,Good,8.0,UG/M3,1 Hr,Valid
Chisinau,PM2.5 - Principal,2022-02-19 10:00 AM,2022,02,19,10,9.8,41,Good,9.0,UG/M3,1 Hr,Valid
Chisinau,PM2.5 - Principal,2022-02-19 11:00 AM,2022,02,19,11,11.4,48,Good,13.0,UG/M3,1 Hr,Valid
Chisinau,PM2.5 - Principal,2022-02-19 12:00 PM,2022,02,19,12,12.2,51,Moderate,13.0,UG/M3,1 Hr,Valid
Chisinau,PM2.5 - Principal,2022-02-19 01:00 PM,2022,02,19,13,14.1,55,Moderate,16.0,UG/M3,1 Hr,Valid
Chisinau,PM2.5 - Principal,2022-02-19 02:00 PM,2022,02,19,14,16.5,60,Moderate,19.0,UG/M3,1 Hr,Valid
Chisinau,PM2.5 - Principal,2022-02-19 03:00 PM,2022,02,19,15,16.2,60,Moderate,16.0,UG/M3,1 Hr,Valid
Chisinau,PM2.5 - Principal,2022-02-19 04:00 PM,2022,02,19,16,19.6,67,Moderate,23.0,UG/M3,1 Hr,Valid
Chisinau,PM2.5 - Principal,2022-02-19 05:00 PM,2022,02,19,17,19.3,66,Moderate,19.0,UG/M3,1 Hr,Valid
Chisinau,PM2.5 - Principal,2022-02-19 06:00 PM,2022,02,19,18,19.6,67,Moderate,20.0,UG/M3,1 Hr,Valid
Chisinau,PM2.5 - Principal,2022-02-19 07:00 PM,2022,02,19,19,21.3,70,Moderate,23.0,UG/M3,1 Hr,Valid
Chisinau,PM2.5 - Principal,2022-02-19 08:00 PM,2022,02,19,20,24.1,76,Moderate,27.0,UG/M3,1 Hr,Valid
Chisinau,PM2.5 - Principal,2022-02-19 09:00 PM,2022,02,19,21,23.0,74,Moderate,22.0,UG/M3,1 Hr,Valid
Chisinau,PM2.5 - Principal,2022-02-19 10:00 PM,2022,02,19,22,23.0,74,Moderate,23.0,UG/M3,1 Hr,Valid
Chisinau,PM2.5 - Principal,2022-02-19 11:00 PM,2022,02,19,23,23.0,74,Moderate,23.0,UG/M3,1 Hr,Valid
Chisinau,PM2.5 - Principal,2022-02-20 12:00 AM,2022,02,20,00,21.7,71,Moderate,20.0,UG/M3,1 Hr,Valid
Chisinau,PM2.5 - Principal,2022-02-20 01:00 AM,2022,02,20,01,20.6,69,Moderate,19.0,UG/M3,1 Hr,Valid
Chisinau,PM2.5 - Principal,2022-02-20 02:00 AM,2022,02,20,02,24.2,76,Moderate,29.0,UG/M3,1 Hr,Valid
Chisinau,PM2.5 - Principal,2022-02-20 03:00 AM,2022,02,20,03,25.2,79,Moderate,28.0,UG/M3,1 Hr,Valid
Chisinau,PM2.5 - Principal,2022-02-20 04:00 AM,2022,02,20,04,25.1,78,Moderate,25.0,UG/M3,1 Hr,Valid
Chisinau,PM2.5 - Principal,2022-02-20 05:00 AM,2022,02,20,05,24.4,77,Moderate,23.0,UG/M3,1 Hr,Valid
Chisinau,PM2.5 - Principal,2022-02-20 06:00 AM,2022,02,20,06,23.2,74,Moderate,21.0,UG/M3,1 Hr,Valid
Chisinau,PM2.5 - Principal,2022-02-20 07:00 AM,2022,02,20,07,22.1,72,Moderate,20.0,UG/M3,1 Hr,Valid
Chisinau,PM2.5 - Principal,2022-02-20 08:00 AM,2022,02,20,08,21.3,70,Moderate,20.0,UG/M3,1 Hr,Valid
Chisinau,PM2.5 - Principal,2022-02-20 09:00 AM,2022,02,20,09,21.9,72,Moderate,23.0,UG/M3,1 Hr,Valid
Chisinau,PM2.5 - Principal,2022-02-20 10:00 AM,2022,02,20,10,19.8,67,Moderate,17.0,UG/M3,1 Hr,Valid
Chisinau,PM2.5 - Principal,2022-02-20 11:00 AM,2022,02,20,11,15.2,58,Moderate,11.0,UG/M3,1 Hr,Valid
Chisinau,PM2.5 - Principal,2022-02-20 12:00 PM,2022,02,20,12,12.6,52,Moderate,10.0,UG/M3,1 Hr,Valid
Chisinau,PM2.5 - Principal,2022-02-20 01:00 PM,2022,02,20,13,13.3,54,Moderate,14.0,UG/M3,1 Hr,Valid
Chisinau,PM2.5 - Principal,2022-02-20 02:00 PM,2022,02,20,14,12.1,51,Moderate,11.0,UG/M3,1 Hr,Valid
Chisinau,PM2.5 - Principal,2022-02-20 03:00 PM,2022,02,20,15,11.5,48,Good,11.0,UG/M3,1 Hr,Valid
Chisinau,PM2.5 - Principal,2022-02-20 04:00 PM,2022,02,20,16,10.7,45,Good,10.0,UG/M3,1 Hr,Valid
Chisinau,PM2.5 - Principal,2022-02-20 05:00 PM,2022,02,20,17,11.3,47,Good,12.0,UG/M3,1 Hr,Valid
Chisinau,PM2.5 - Principal,2022-02-20 06:00 PM,2022,02,20,18,15.1,57,Moderate,19.0,UG/M3,1 Hr,Valid
Chisinau,PM2.5 - Principal,2022-02-20 07:00 PM,2022,02,20,19,15.0,57,Moderate,15.0,UG/M3,1 Hr,Valid
Chisinau,PM2.5 - Principal,2022-02-20 08:00 PM,2022,02,20,20,16.0,59,Moderate,17.0,UG/M3,1 Hr,Valid
Chisinau,PM2.5 - Principal,2022-02-20 09:00 PM,2022,02,20,21,17.3,62,Moderate,19.0,UG/M3,1 Hr,Valid
Chisinau,PM2.5 - Principal,2022-02-20 10:00 PM,2022,02,20,22,17.6,63,Moderate,18.0,UG/M3,1 Hr,Valid
Chisinau,PM2.5 - Principal,2022-02-20 11:00 PM,2022,02,20,23,18.3,64,Moderate,19.0,UG/M3,1 Hr,Valid
Chisinau,PM2.5 - Principal,2022-02-21 12:00 AM,2022,02,21,00,18.1,64,Moderate,18.0,UG/M3,1 Hr,Valid
Chisinau,PM2.5 - Principal,2022-02-21 01:00 AM,2022,02,21,01,20.0,68,Moderate,22.0,UG/M3,1 Hr,Valid
Chisinau,PM2.5 - Principal,2022-02-21 02:00 AM,2022,02,21,02,22.0,72,Moderate,24.0,UG/M3,1 Hr,Valid
Chisinau,PM2.5 - Principal,2022-02-21 03:00 AM,2022,02,21,03,25.0,78,Moderate,28.0,UG/M3,1 Hr,Valid
Chisinau,PM2.5 - Principal,2022-02-21 04:00 AM,2022,02,21,04,34.0,97,Moderate,43.0,UG/M3,1 Hr,Valid
Chisinau,PM2.5 - Principal,2022-02-21 05:00 AM,2022,02,21,05,36.0,102,Unhealthy for Sensitive Groups,38.0,UG/M3,1 Hr,Valid
Chisinau,PM2.5 - Principal,2022-02-21 06:00 AM,2022,02,21,06,43.0,119,Unhealthy for Sensitive Groups,50.0,UG/M3,1 Hr,Valid
Chisinau,PM2.5 - Principal,2022-02-21 07:00 AM,2022,02,21,07,44.5,123,Unhealthy for Sensitive Groups,46.0,UG/M3,1 Hr,Valid
Chisinau,PM2.5 - Principal,2022-02-21 08:00 AM,2022,02,21,08,44.2,122,Unhealthy for Sensitive Groups,44.0,UG/M3,1 Hr,Valid
Chisinau,PM2.5 - Principal,2022-02-21 09:00 AM,2022,02,21,09,54.1,147,Unhealthy for Sensitive Groups,64.0,UG/M3,1 Hr,Valid
Chisinau,PM2.5 - Principal,2022-02-21 10:00 AM,2022,02,21,10,40.5,113,Unhealthy for Sensitive Groups,27.0,UG/M3,1 Hr,Valid
Chisinau,PM2.5 - Principal,2022-02-21 11:00 AM,2022,02,21,11,28.2,85,Moderate,16.0,UG/M3,1 Hr,Valid
Chisinau,PM2.5 - Principal,2022-02-21 12:00 PM,2022,02,21,12,21.6,71,Moderate,15.0,UG/M3,1 Hr,Valid
Chisinau,PM2.5 - Principal,2022-02-21 01:00 PM,2022,02,21,13,17.8,63,Moderate,14.0,UG/M3,1 Hr,Valid
Chisinau,PM2.5 - Principal,2022-02-21 02:00 PM,2022,02,21,14,14.9,57,Moderate,12.0,UG/M3,1 Hr,Valid
Chisinau,PM2.5 - Principal,2022-02-21 03:00 PM,2022,02,21,15,14.4,56,Moderate,14.0,UG/M3,1 Hr,Valid
Chisinau,PM2.5 - Principal,2022-02-21 04:00 PM,2022,02,21,16,14.2,55,Moderate,14.0,UG/M3,1 Hr,Valid
Chisinau,PM2.5 - Principal,2022-02-21 05:00 PM,2022,02,21,17,15.6,58,Moderate,17.0,UG/M3,1 Hr,Valid
Chisinau,PM2.5 - Principal,2022-02-21 06:00 PM,2022,02,21,18,14.2,55,Moderate,13.0,UG/M3,1 Hr,Valid
Chisinau,PM2.5 - Principal,2022-02-21 07:00 PM,2022,02,21,19,18.6,65,Moderate,23.0,UG/M3,1 Hr,Valid
Chisinau,PM2.5 - Principal,2022-02-21 08:00 PM,2022,02,21,20,20.8,69,Moderate,23.0,UG/M3,1 Hr,Valid
Chisinau,PM2.5 - Principal,2022-02-21 09:00 PM,2022,02,21,21,23.9,76,Moderate,27.0,UG/M3,1 Hr,Valid
Chisinau,PM2.5 - Principal,2022-02-21 10:00 PM,2022,02,21,22,24.9,78,Moderate,26.0,UG/M3,1 Hr,Valid
Chisinau,PM2.5 - Principal,2022-02-21 11:00 PM,2022,02,21,23,26.4,81,Moderate,28.0,UG/M3,1 Hr,Valid
Chisinau,PM2.5 - Principal,2022-02-22 12:00 AM,2022,02,22,00,26.7,82,Moderate,27.0,UG/M3,1 Hr,Valid
Chisinau,PM2.5 - Principal,2022-02-22 01:00 AM,2022,02,22,01,28.8,86,Moderate,31.0,UG/M3,1 Hr,Valid
Chisinau,PM2.5 - Principal,2022-02-22 02:00 AM,2022,02,22,02,28.9,86,Moderate,29.0,UG/M3,1 Hr,Valid
Chisinau,PM2.5 - Principal,2022-02-22 03:00 AM,2022,02,22,03,29.9,88,Moderate,31.0,UG/M3,1 Hr,Valid
Chisinau,PM2.5 - Principal,2022-02-22 04:00 AM,2022,02,22,04,31.9,93,Moderate,34.0,UG/M3,1 Hr,Valid
Chisinau,PM2.5 - Principal,2022-02-22 05:00 AM,2022,02,22,05,34.9,99,Moderate,38.0,UG/M3,1 Hr,Valid
Chisinau,PM2.5 - Principal,2022-02-22 06:00 AM,2022,02,22,06,34.7,99,Moderate,36.0,UG/M3,1 Hr,Valid
Chisinau,PM2.5 - Principal,2022-02-22 07:00 AM,2022,02,22,07,34.0,97,Moderate,33.0,UG/M3,1 Hr,Valid
Chisinau,PM2.5 - Principal,2022-02-22 08:00 AM,2022,02,22,08,32.8,95,Moderate,31.0,UG/M3,1 Hr,Valid
Chisinau,PM2.5 - Principal,2022-02-22 09:00 AM,2022,02,22,09,37.4,106,Unhealthy for Sensitive Groups,44.0,UG/M3,1 Hr,Valid
Chisinau,PM2.5 - Principal,2022-02-22 10:00 AM,2022,02,22,10,46.1,127,Unhealthy for Sensitive Groups,54.0,UG/M3,1 Hr,Valid
Chisinau,PM2.5 - Principal,2022-02-22 11:00 AM,2022,02,22,11,47.5,131,Unhealthy for Sensitive Groups,49.0,UG/M3,1 Hr,Valid
Chisinau,PM2.5 - Principal,2022-02-22 12:00 PM,2022,02,22,12,45.1,125,Unhealthy for Sensitive Groups,43.0,UG/M3,1 Hr,Valid
Chisinau,PM2.5 - Principal,2022-02-22 01:00 PM,2022,02,22,13,42.3,118,Unhealthy for Sensitive Groups,39.0,UG/M3,1 Hr,Valid
Chisinau,PM2.5 - Principal,2022-02-22 02:00 PM,2022,02,22,14,40.9,114,Unhealthy for Sensitive Groups,39.0,UG/M3,1 Hr,Valid
Chisinau,PM2.5 - Principal,2022-02-22 03:00 PM,2022,02,22,15,38.4,108,Unhealthy for Sensitive Groups,35.0,UG/M3,1 Hr,Valid
Chisinau,PM2.5 - Principal,2022-02-22 04:00 PM,2022,02,22,16,39.5,111,Unhealthy for Sensitive Groups,41.0,UG/M3,1 Hr,Valid
Chisinau,PM2.5 - Principal,2022-02-22 05:00 PM,2022,02,22,17,40.1,112,Unhealthy for Sensitive Groups,41.0,UG/M3,1 Hr,Valid
Chisinau,PM2.5 - Principal,2022-02-22 06:00 PM,2022,02,22,18,34.3,98,Moderate,28.0,UG/M3,1 Hr,Valid
Chisinau,PM2.5 - Principal,2022-02-22 07:00 PM,2022,02,22,19,31.2,91,Moderate,28.0,UG/M3,1 Hr,Valid
Chisinau,PM2.5 - Principal,2022-02-22 08:00 PM,2022,02,22,20,31.1,91,Moderate,31.0,UG/M3,1 Hr,Valid
Chisinau,PM2.5 - Principal,2022-02-22 09:00 PM,2022,02,22,21,34.4,98,Moderate,38.0,UG/M3,1 Hr,Valid
Chisinau,PM2.5 - Principal,2022-02-22 10:00 PM,2022,02,22,22,43.1,120,Unhealthy for Sensitive Groups,53.0,UG/M3,1 Hr,Valid
Chisinau,PM2.5 - Principal,2022-02-22 11:00 PM,2022,02,22,23,46.8,129,Unhealthy for Sensitive Groups,51.0,UG/M3,1 Hr,Valid
Chisinau,PM2.5 - Principal,2022-02-23 12:00 AM,2022,02,23,00,44.5,123,Unhealthy for Sensitive Groups,42.0,UG/M3,1 Hr,Valid
Chisinau,PM2.5 - Principal,2022-02-23 01:00 AM,2022,02,23,01,35.9,102,Unhealthy for Sensitive Groups,27.0,UG/M3,1 Hr,Valid
Chisinau,PM2.5 - Principal,2022-02-23 02:00 AM,2022,02,23,02,28.9,86,Moderate,22.0,UG/M3,1 Hr,Valid
Chisinau,PM2.5 - Principal,2022-02-23 03:00 AM,2022,02,23,03,26.4,81,Moderate,24.0,UG/M3,1 Hr,Valid
Chisinau,PM2.5 - Principal,2022-02-23 04:00 AM,2022,02,23,04,24.7,77,Moderate,23.0,UG/M3,1 Hr,Valid
Chisinau,PM2.5 - Principal,2022-02-23 05:00 AM,2022,02,23,05,29.3,87,Moderate,34.0,UG/M3,1 Hr,Valid
Chisinau,PM2.5 - Principal,2022-02-23 06:00 AM,2022,02,23,06,27.6,84,Moderate,26.0,UG/M3,1 Hr,Valid
Chisinau,PM2.5 - Principal,2022-02-23 07:00 AM,2022,02,23,07,26.8,82,Moderate,26.0,UG/M3,1 Hr,Valid
Chisinau,PM2.5 - Principal,2022-02-23 08:00 AM,2022,02,23,08,26.4,81,Moderate,26.0,UG/M3,1 Hr,Valid
Chisinau,PM2.5 - Principal,2022-02-23 09:00 AM,2022,02,23,09,26.2,81,Moderate,26.0,UG/M3,1 Hr,Valid
Chisinau,PM2.5 - Principal,2022-02-23 10:00 AM,2022,02,23,10,28.1,85,Moderate,30.0,UG/M3,1 Hr,Valid
Chisinau,PM2.5 - Principal,2022-02-23 11:00 AM,2022,02,23,11,28.0,84,Moderate,28.0,UG/M3,1 Hr,Valid
Chisinau,PM2.5 - Principal,2022-02-23 12:00 PM,2022,02,23,12,24.6,77,Moderate,20.0,UG/M3,1 Hr,Valid
Chisinau,PM2.5 - Principal,2022-02-23 01:00 PM,2022,02,23,13,20.0,68,Moderate,16.0,UG/M3,1 Hr,Valid
Chisinau,PM2.5 - Principal,2022-02-23 02:00 PM,2022,02,23,14,19.0,66,Moderate,18.0,UG/M3,1 Hr,Valid
Chisinau,PM2.5 - Principal,2022-02-23 03:00 PM,2022,02,23,15,15.0,57,Moderate,11.0,UG/M3,1 Hr,Valid
Chisinau,PM2.5 - Principal,2022-02-23 04:00 PM,2022,02,23,16,13.9,55,Moderate,13.0,UG/M3,1 Hr,Valid
Chisinau,PM2.5 - Principal,2022-02-23 05:00 PM,2022,02,23,17,14.4,56,Moderate,15.0,UG/M3,1 Hr,Valid
Chisinau,PM2.5 - Principal,2022-02-23 06:00 PM,2022,02,23,18,16.7,61,Moderate,19.0,UG/M3,1 Hr,Valid
Chisinau,PM2.5 - Principal,2022-02-23 07:00 PM,2022,02,23,19,24.3,77,Moderate,32.0,UG/M3,1 Hr,Valid
Chisinau,PM2.5 - Principal,2022-02-23 08:00 PM,2022,02,23,20,24.1,76,Moderate,24.0,UG/M3,1 Hr,Valid
Chisinau,PM2.5 - Principal,2022-02-23 09:00 PM,2022,02,23,21,29.0,87,Moderate,34.0,UG/M3,1 Hr,Valid
Chisinau,PM2.5 - Principal,2022-02-23 10:00 PM,2022,02,23,22,25.5,79,Moderate,22.0,UG/M3,1 Hr,Valid
Chisinau,PM2.5 - Principal,2022-02-23 11:00 PM,2022,02,23,23,23.7,75,Moderate,22.0,UG/M3,1 Hr,Valid
Chisinau,PM2.5 - Principal,2022-02-24 12:00 AM,2022,02,24,00,21.8,71,Moderate,20.0,UG/M3,1 Hr,Valid
Chisinau,PM2.5 - Principal,2022-02-24 01:00 AM,2022,02,24,01,20.9,70,Moderate,20.0,UG/M3,1 Hr,Valid
Chisinau,PM2.5 - Principal,2022-02-24 02:00 AM,2022,02,24,02,19.4,66,Moderate,18.0,UG/M3,1 Hr,Valid
Chisinau,PM2.5 - Principal,2022-02-24 03:00 AM,2022,02,24,03,19.2,66,Moderate,19.0,UG/M3,1 Hr,Valid
Chisinau,PM2.5 - Principal,2022-02-24 04:00 AM,2022,02,24,04,18.6,65,Moderate,18.0,UG/M3,1 Hr,Valid
Chisinau,PM2.5 - Principal,2022-02-24 05:00 AM,2022,02,24,05,18.8,65,Moderate,19.0,UG/M3,1 Hr,Valid
Chisinau,PM2.5 - Principal,2022-02-24 06:00 AM,2022,02,24,06,17.4,62,Moderate,16.0,UG/M3,1 Hr,Valid
Chisinau,PM2.5 - Principal,2022-02-24 07:00 AM,2022,02,24,07,18.7,65,Moderate,20.0,UG/M3,1 Hr,Valid
Chisinau,PM2.5 - Principal,2022-02-24 08:00 AM,2022,02,24,08,19.3,66,Moderate,20.0,UG/M3,1 Hr,Valid
Chisinau,PM2.5 - Principal,2022-02-24 09:00 AM,2022,02,24,09,18.2,64,Moderate,16.0,UG/M3,1 Hr,Valid
Chisinau,PM2.5 - Principal,2022-02-24 10:00 AM,2022,02,24,10,17.5,62,Moderate,16.0,UG/M3,1 Hr,Valid
Chisinau,PM2.5 - Principal,2022-02-24 11:00 AM,2022,02,24,11,15.7,59,Moderate,13.0,UG/M3,1 Hr,Valid
Chisinau,PM2.5 - Principal,2022-02-24 12:00 PM,2022,02,24,12,14.7,56,Moderate,13.0,UG/M3,1 Hr,Valid
Chisinau,PM2.5 - Principal,2022-02-24 01:00 PM,2022,02,24,13,14.1,55,Moderate,13.0,UG/M3,1 Hr,Valid
Chisinau,PM2.5 - Principal,2022-02-24 02:00 PM,2022,02,24,14,12.4,52,Moderate,11.0,UG/M3,1 Hr,Valid
Chisinau,PM2.5 - Principal,2022-02-24 03:00 PM,2022,02,24,15,13.6,54,Moderate,15.0,UG/M3,1 Hr,Valid
Chisinau,PM2.5 - Principal,2022-02-24 04:00 PM,2022,02,24,16,15.1,57,Moderate,17.0,UG/M3,1 Hr,Valid
Chisinau,PM2.5 - Principal,2022-02-24 05:00 PM,2022,02,24,17,15.0,57,Moderate,15.0,UG/M3,1 Hr,Valid
Chisinau,PM2.5 - Principal,2022-02-24 06:00 PM,2022,02,24,18,15.4,58,Moderate,16.0,UG/M3,1 Hr,Valid
Chisinau,PM2.5 - Principal,2022-02-24 07:00 PM,2022,02,24,19,15.7,59,Moderate,16.0,UG/M3,1 Hr,Valid
Chisinau,PM2.5 - Principal,2022-02-24 08:00 PM,2022,02,24,20,16.5,60,Moderate,18.0,UG/M3,1 Hr,Valid
Chisinau,PM2.5 - Principal,2022-02-24 09:00 PM,2022,02,24,21,20.4,68,Moderate,24.0,UG/M3,1 Hr,Valid
Chisinau,PM2.5 - Principal,2022-02-24 10:00 PM,2022,02,24,22,24.2,76,Moderate,28.0,UG/M3,1 Hr,Valid
Chisinau,PM2.5 - Principal,2022-02-24 11:00 PM,2022,02,24,23,29.1,87,Moderate,34.0,UG/M3,1 Hr,Valid
Chisinau,PM2.5 - Principal,2022-02-25 12:00 AM,2022,02,25,00,33.5,96,Moderate,38.0,UG/M3,1 Hr,Valid
Chisinau,PM2.5 - Principal,2022-02-25 01:00 AM,2022,02,25,01,37.2,105,Unhealthy for Sensitive Groups,41.0,UG/M3,1 Hr,Valid
Chisinau,PM2.5 - Principal,2022-02-25 02:00 AM,2022,02,25,02,41.1,115,Unhealthy for Sensitive Groups,45.0,UG/M3,1 Hr,Valid
Chisinau,PM2.5 - Principal,2022-02-25 03:00 AM,2022,02,25,03,40.5,113,Unhealthy for Sensitive Groups,40.0,UG/M3,1 Hr,Valid
Chisinau,PM2.5 - Principal,2022-02-25 04:00 AM,2022,02,25,04,38.2,108,Unhealthy for Sensitive Groups,36.0,UG/M3,1 Hr,Valid
Chisinau,PM2.5 - Principal,2022-02-25 05:00 AM,2022,02,25,05,38.1,107,Unhealthy for Sensitive Groups,38.0,UG/M3,1 Hr,Valid
Chisinau,PM2.5 - Principal,2022-02-25 06:00 AM,2022,02,25,06,35.5,101,Unhealthy for Sensitive Groups,33.0,UG/M3,1 Hr,Valid
Chisinau,PM2.5 - Principal,2022-02-25 07:00 AM,2022,02,25,07,40.2,113,Unhealthy for Sensitive Groups,45.0,UG/M3,1 Hr,Valid
Chisinau,PM2.5 - Principal,2022-02-25 08:00 AM,2022,02,25,08,37.2,105,Unhealthy for Sensitive Groups,34.0,UG/M3,1 Hr,Valid
Chisinau,PM2.5 - Principal,2022-02-25 09:00 AM,2022,02,25,09,38.0,107,Unhealthy for Sensitive Groups,39.0,UG/M3,1 Hr,Valid
Chisinau,PM2.5 - Principal,2022-02-25 10:00 AM,2022,02,25,10,40.8,114,Unhealthy for Sensitive Groups,47.0,UG/M3,1 Hr,Valid
Chisinau,PM2.5 - Principal,2022-02-25 11:00 AM,2022,02,25,11,35.5,101,Unhealthy for Sensitive Groups,27.0,UG/M3,1 Hr,Valid
Chisinau,PM2.5 - Principal,2022-02-25 12:00 PM,2022,02,25,12,27.3,83,Moderate,20.0,UG/M3,1 Hr,Valid
Chisinau,PM2.5 - Principal,2022-02-25 01:00 PM,2022,02,25,13,23.1,74,Moderate,19.0,UG/M3,1 Hr,Valid
Chisinau,PM2.5 - Principal,2022-02-25 02:00 PM,2022,02,25,14,23.5,75,Moderate,24.0,UG/M3,1 Hr,Valid
Chisinau,PM2.5 - Principal,2022-02-25 03:00 PM,2022,02,25,15,20.7,69,Moderate,18.0,UG/M3,1 Hr,Valid
Chisinau,PM2.5 - Principal,2022-02-25 04:00 PM,2022,02,25,16,18.3,64,Moderate,16.0,UG/M3,1 Hr,Valid
Chisinau,PM2.5 - Principal,2022-02-25 05:00 PM,2022,02,25,17,17.1,62,Moderate,16.0,UG/M3,1 Hr,Valid
Chisinau,PM2.5 - Principal,2022-02-25 06:00 PM,2022,02,25,18,22.0,72,Moderate,27.0,UG/M3,1 Hr,Valid
Chisinau,PM2.5 - Principal,2022-02-25 07:00 PM,2022,02,25,19,26.5,81,Moderate,31.0,UG/M3,1 Hr,Valid
Chisinau,PM2.5 - Principal,2022-02-25 08:00 PM,2022,02,25,20,45.7,126,Unhealthy for Sensitive Groups,65.0,UG/M3,1 Hr,Valid
Chisinau,PM2.5 - Principal,2022-02-25 09:00 PM,2022,02,25,21,61.3,154,Unhealthy,77.0,UG/M3,1 Hr,Valid
Chisinau,PM2.5 - Principal,2022-02-25 10:00 PM,2022,02,25,22,69.7,158,Unhealthy,78.0,UG/M3,1 Hr,Valid
Chisinau,PM2.5 - Principal,2022-02-25 11:00 PM,2022,02,25,23,66.8,157,Unhealthy,64.0,UG/M3,1 Hr,Valid
Chisinau,PM2.5 - Principal,2022-02-26 12:00 AM,2022,02,26,00,63.4,155,Unhealthy,60.0,UG/M3,1 Hr,Valid
Chisinau,PM2.5 - Principal,2022-02-26 01:00 AM,2022,02,26,01,60.2,153,Unhealthy,57.0,UG/M3,1 Hr,Valid
Chisinau,PM2.5 - Principal,2022-02-26 02:00 AM,2022,02,26,02,53.1,144,Unhealthy for Sensitive Groups,46.0,UG/M3,1 Hr,Valid
Chisinau,PM2.5 - Principal,2022-02-26 03:00 AM,2022,02,26,03,46.5,128,Unhealthy for Sensitive Groups,40.0,UG/M3,1 Hr,Valid
Chisinau,PM2.5 - Principal,2022-02-26 04:00 AM,2022,02,26,04,40.7,114,Unhealthy for Sensitive Groups,35.0,UG/M3,1 Hr,Valid
Chisinau,PM2.5 - Principal,2022-02-26 05:00 AM,2022,02,26,05,33.3,96,Moderate,26.0,UG/M3,1 Hr,Valid
Chisinau,PM2.5 - Principal,2022-02-26 06:00 AM,2022,02,26,06,31.1,91,Moderate,29.0,UG/M3,1 Hr,Valid
Chisinau,PM2.5 - Principal,2022-02-26 07:00 AM,2022,02,26,07,28.0,84,Moderate,25.0,UG/M3,1 Hr,Valid
Chisinau,PM2.5 - Principal,2022-02-26 08:00 AM,2022,02,26,08,23.5,75,Moderate,19.0,UG/M3,1 Hr,Valid
Chisinau,PM2.5 - Principal,2022-02-26 09:00 AM,2022,02,26,09,19.2,66,Moderate,15.0,UG/M3,1 Hr,Valid
Chisinau,PM2.5 - Principal,2022-02-26 10:00 AM,2022,02,26,10,17.1,62,Moderate,15.0,UG/M3,1 Hr,Valid
Chisinau,PM2.5 - Principal,2022-02-26 11:00 AM,2022,02,26,11,17.0,61,Moderate,17.0,UG/M3,1 Hr,Valid
Chisinau,PM2.5 - Principal,2022-02-26 12:00 PM,2022,02,26,12,16.5,60,Moderate,16.0,UG/M3,1 Hr,Valid
Chisinau,PM2.5 - Principal,2022-02-26 01:00 PM,2022,02,26,13,15.2,58,Moderate,14.0,UG/M3,1 Hr,Valid
Chisinau,PM2.5 - Principal,2022-02-26 02:00 PM,2022,02,26,14,15.1,57,Moderate,15.0,UG/M3,1 Hr,Valid
Chisinau,PM2.5 - Principal,2022-02-26 03:00 PM,2022,02,26,15,13.5,54,Moderate,12.0,UG/M3,1 Hr,Valid
Chisinau,PM2.5 - Principal,2022-02-26 04:00 PM,2022,02,26,16,13.2,53,Moderate,13.0,UG/M3,1 Hr,Valid
Chisinau,PM2.5 - Principal,2022-02-26 05:00 PM,2022,02,26,17,14.6,56,Moderate,16.0,UG/M3,1 Hr,Valid
Chisinau,PM2.5 - Principal,2022-02-26 06:00 PM,2022,02,26,18,16.3,60,Moderate,18.0,UG/M3,1 Hr,Valid
Chisinau,PM2.5 - Principal,2022-02-26 07:00 PM,2022,02,26,19,19.4,66,Moderate,23.0,UG/M3,1 Hr,Valid
Chisinau,PM2.5 - Principal,2022-02-26 08:00 PM,2022,02,26,20,24.3,77,Moderate,29.0,UG/M3,1 Hr,Valid
Chisinau,PM2.5 - Principal,2022-02-26 09:00 PM,2022,02,26,21,27.1,83,Moderate,30.0,UG/M3,1 Hr,Valid
Chisinau,PM2.5 - Principal,2022-02-26 10:00 PM,2022,02,26,22,27.0,82,Moderate,27.0,UG/M3,1 Hr,Valid
Chisinau,PM2.5 - Principal,2022-02-26 11:00 PM,2022,02,26,23,27.5,83,Moderate,28.0,UG/M3,1 Hr,Valid
Chisinau,PM2.5 - Principal,2022-02-27 12:00 AM,2022,02,27,00,26.2,81,Moderate,25.0,UG/M3,1 Hr,Valid
Chisinau,PM2.5 - Principal,2022-02-27 01:00 AM,2022,02,27,01,26.1,80,Moderate,26.0,UG/M3,1 Hr,Valid
Chisinau,PM2.5 - Principal,2022-02-27 02:00 AM,2022,02,27,02,25.0,78,Moderate,24.0,UG/M3,1 Hr,Valid
Chisinau,PM2.5 - Principal,2022-02-27 03:00 AM,2022,02,27,03,21.0,70,Moderate,17.0,UG/M3,1 Hr,Valid
Chisinau,PM2.5 - Principal,2022-02-27 04:00 AM,2022,02,27,04,21.6,71,Moderate,22.0,UG/M3,1 Hr,Valid
Chisinau,PM2.5 - Principal,2022-02-27 05:00 AM,2022,02,27,05,21.0,70,Moderate,20.0,UG/M3,1 Hr,Valid
Chisinau,PM2.5 - Principal,2022-02-27 06:00 AM,2022,02,27,06,19.7,67,Moderate,18.0,UG/M3,1 Hr,Valid
Chisinau,PM2.5 - Principal,2022-02-27 07:00 AM,2022,02,27,07,18.5,64,Moderate,17.0,UG/M3,1 Hr,Valid
Chisinau,PM2.5 - Principal,2022-02-27 08:00 AM,2022,02,27,08,20.9,70,Moderate,24.0,UG/M3,1 Hr,Valid
Chisinau,PM2.5 - Principal,2022-02-27 09:00 AM,2022,02,27,09,21.2,70,Moderate,22.0,UG/M3,1 Hr,Valid
Chisinau,PM2.5 - Principal,2022-02-27 10:00 AM,2022,02,27,10,21.5,71,Moderate,22.0,UG/M3,1 Hr,Valid
Chisinau,PM2.5 - Principal,2022-02-27 11:00 AM,2022,02,27,11,20.9,70,Moderate,20.0,UG/M3,1 Hr,Valid
Chisinau,PM2.5 - Principal,2022-02-27 12:00 PM,2022,02,27,12,19.5,67,Moderate,17.0,UG/M3,1 Hr,Valid
Chisinau,PM2.5 - Principal,2022-02-27 01:00 PM,2022,02,27,13,21.3,70,Moderate,25.0,UG/M3,1 Hr,Valid
Chisinau,PM2.5 - Principal,2022-02-27 02:00 PM,2022,02,27,14,16.9,61,Moderate,12.0,UG/M3,1 Hr,Valid
Chisinau,PM2.5 - Principal,2022-02-27 03:00 PM,2022,02,27,15,16.9,61,Moderate,17.0,UG/M3,1 Hr,Valid
Chisinau,PM2.5 - Principal,2022-02-27 04:00 PM,2022,02,27,16,19.4,66,Moderate,22.0,UG/M3,1 Hr,Valid
Chisinau,PM2.5 - Principal,2022-02-27 05:00 PM,2022,02,27,17,19.7,67,Moderate,20.0,UG/M3,1 Hr,Valid
Chisinau,PM2.5 - Principal,2022-02-27 06:00 PM,2022,02,27,18,18.8,65,Moderate,18.0,UG/M3,1 Hr,Valid
Chisinau,PM2.5 - Principal,2022-02-27 07:00 PM,2022,02,27,19,19.4,66,Moderate,20.0,UG/M3,1 Hr,Valid
Chisinau,PM2.5 - Principal,2022-02-27 08:00 PM,2022,02,27,20,20.7,69,Moderate,22.0,UG/M3,1 Hr,Valid
Chisinau,PM2.5 - Principal,2022-02-27 09:00 PM,2022,02,27,21,21.3,70,Moderate,22.0,UG/M3,1 Hr,Valid
Chisinau,PM2.5 - Principal,2022-02-27 10:00 PM,2022,02,27,22,23.6,75,Moderate,26.0,UG/M3,1 Hr,Valid
Chisinau,PM2.5 - Principal,2022-02-27 11:00 PM,2022,02,27,23,25.3,79,Moderate,27.0,UG/M3,1 Hr,Valid
Chisinau,PM2.5 - Principal,2022-02-28 12:00 AM,2022,02,28,00,32.6,94,Moderate,40.0,UG/M3,1 Hr,Valid
Chisinau,PM2.5 - Principal,2022-02-28 01:00 AM,2022,02,28,01,39.3,110,Unhealthy for Sensitive Groups,46.0,UG/M3,1 Hr,Valid
Chisinau,PM2.5 - Principal,2022-02-28 02:00 AM,2022,02,28,02,33.6,96,Moderate,28.0,UG/M3,1 Hr,Valid
Chisinau,PM2.5 - Principal,2022-02-28 03:00 AM,2022,02,28,03,26.8,82,Moderate,20.0,UG/M3,1 Hr,Valid
Chisinau,PM2.5 - Principal,2022-02-28 04:00 AM,2022,02,28,04,23.4,75,Moderate,20.0,UG/M3,1 Hr,Valid
Chisinau,PM2.5 - Principal,2022-02-28 05:00 AM,2022,02,28,05,17.2,62,Moderate,11.0,UG/M3,1 Hr,Valid
Chisinau,PM2.5 - Principal,2022-02-28 06:00 AM,2022,02,28,06,15.1,57,Moderate,13.0,UG/M3,1 Hr,Valid
Chisinau,PM2.5 - Principal,2022-02-28 07:00 AM,2022,02,28,07,14.5,56,Moderate,14.0,UG/M3,1 Hr,Valid
Chisinau,PM2.5 - Principal,2022-02-28 08:00 AM,2022,02,28,08,13.7,54,Moderate,13.0,UG/M3,1 Hr,Valid
Chisinau,PM2.5 - Principal,2022-02-28 09:00 AM,2022,02,28,09,14.3,56,Moderate,15.0,UG/M3,1 Hr,Valid
Chisinau,PM2.5 - Principal,2022-02-28 10:00 AM,2022,02,28,10,15.1,57,Moderate,16.0,UG/M3,1 Hr,Valid
Chisinau,PM2.5 - Principal,2022-02-28 11:00 AM,2022,02,28,11,14.5,56,Moderate,14.0,UG/M3,1 Hr,Valid
Chisinau,PM2.5 - Principal,2022-02-28 12:00 PM,2022,02,28,12,13.7,54,Moderate,13.0,UG/M3,1 Hr,Valid
Chisinau,PM2.5 - Principal,2022-02-28 01:00 PM,2022,02,28,13,15.3,58,Moderate,17.0,UG/M3,1 Hr,Valid
Chisinau,PM2.5 - Principal,2022-02-28 02:00 PM,2022,02,28,14,15.6,58,Moderate,16.0,UG/M3,1 Hr,Valid
Chisinau,PM2.5 - Principal,2022-02-28 03:00 PM,2022,02,28,15,14.8,57,Moderate,14.0,UG/M3,1 Hr,Valid
Chisinau,PM2.5 - Principal,2022-02-28 04:00 PM,2022,02,28,16,17.7,63,Moderate,21.0,UG/M3,1 Hr,Valid
Chisinau,PM2.5 - Principal,2022-02-28 05:00 PM,2022,02,28,17,16.7,61,Moderate,16.0,UG/M3,1 Hr,Valid
Chisinau,PM2.5 - Principal,2022-02-28 06:00 PM,2022,02,28,18,16.0,59,Moderate,15.0,UG/M3,1 Hr,Valid
Chisinau,PM2.5 - Principal,2022-02-28 07:00 PM,2022,02,28,19,16.8,61,Moderate,18.0,UG/M3,1 Hr,Valid
Chisinau,PM2.5 - Principal,2022-02-28 08:00 PM,2022,02,28,20,17.2,62,Moderate,18.0,UG/M3,1 Hr,Valid
Chisinau,PM2.5 - Principal,2022-02-28 09:00 PM,2022,02,28,21,15.0,57,Moderate,12.0,UG/M3,1 Hr,Valid
Chisinau,PM2.5 - Principal,2022-02-28 10:00 PM,2022,02,28,22,14.6,56,Moderate,14.0,UG/M3,1 Hr,Valid
Chisinau,PM2.5 - Principal,2022-02-28 11:00 PM,2022,02,28,23,14.7,56,Moderate,15.0,UG/M3,1 Hr,Valid
Chisinau,PM2.5 - Principal,2022-03-01 12:00 AM,2022,03,01,00,14.0,55,Moderate,13.0,UG/M3,1 Hr,Valid
Chisinau,PM2.5 - Principal,2022-03-01 01:00 AM,2022,03,01,01,13.5,54,Moderate,13.0,UG/M3,1 Hr,Valid
Chisinau,PM2.5 - Principal,2022-03-01 02:00 AM,2022,03,01,02,14.6,56,Moderate,16.0,UG/M3,1 Hr,Valid
Chisinau,PM2.5 - Principal,2022-03-01 03:00 AM,2022,03,01,03,13.4,54,Moderate,12.0,UG/M3,1 Hr,Valid
Chisinau,PM2.5 - Principal,2022-03-01 04:00 AM,2022,03,01,04,14.7,56,Moderate,17.0,UG/M3,1 Hr,Valid
Chisinau,PM2.5 - Principal,2022-03-01 05:00 AM,2022,03,01,05,14.5,56,Moderate,14.0,UG/M3,1 Hr,Valid
Chisinau,PM2.5 - Principal,2022-03-01 06:00 AM,2022,03,01,06,14.0,55,Moderate,13.0,UG/M3,1 Hr,Valid
Chisinau,PM2.5 - Principal,2022-03-01 07:00 AM,2022,03,01,07,14.6,56,Moderate,16.0,UG/M3,1 Hr,Valid
Chisinau,PM2.5 - Principal,2022-03-01 08:00 AM,2022,03,01,08,15.0,57,Moderate,16.0,UG/M3,1 Hr,Valid
Chisinau,PM2.5 - Principal,2022-03-01 09:00 AM,2022,03,01,09,15.6,58,Moderate,17.0,UG/M3,1 Hr,Valid
Chisinau,PM2.5 - Principal,2022-03-01 10:00 AM,2022,03,01,10,15.4,58,Moderate,15.0,UG/M3,1 Hr,Valid
Chisinau,PM2.5 - Principal,2022-03-01 11:00 AM,2022,03,01,11,16.3,60,Moderate,18.0,UG/M3,1 Hr,Valid
Chisinau,PM2.5 - Principal,2022-03-01 12:00 PM,2022,03,01,12,19.1,66,Moderate,22.0,UG/M3,1 Hr,Valid
Chisinau,PM2.5 - Principal,2022-03-01 01:00 PM,2022,03,01,13,17.6,63,Moderate,16.0,UG/M3,1 Hr,Valid
Chisinau,PM2.5 - Principal,2022-03-01 02:00 PM,2022,03,01,14,20.2,68,Moderate,23.0,UG/M3,1 Hr,Valid
Chisinau,PM2.5 - Principal,2022-03-01 03:00 PM,2022,03,01,15,20.0,68,Moderate,20.0,UG/M3,1 Hr,Valid
Chisinau,PM2.5 - Principal,2022-03-01 04:00 PM,2022,03,01,16,20.8,69,Moderate,22.0,UG/M3,1 Hr,Valid
Chisinau,PM2.5 - Principal,2022-03-01 05:00 PM,2022,03,01,17,20.9,70,Moderate,21.0,UG/M3,1 Hr,Valid
Chisinau,PM2.5 - Principal,2022-03-01 06:00 PM,2022,03,01,18,21.1,70,Moderate,22.0,UG/M3,1 Hr,Valid
Chisinau,PM2.5 - Principal,2022-03-01 07:00 PM,2022,03,01,19,23.3,75,Moderate,26.0,UG/M3,1 Hr,Valid
Chisinau,PM2.5 - Principal,2022-03-01 08:00 PM,2022,03,01,20,24.4,77,Moderate,26.0,UG/M3,1 Hr,Valid
Chisinau,PM2.5 - Principal,2022-03-01 09:00 PM,2022,03,01,21,25.1,78,Moderate,26.0,UG/M3,1 Hr,Valid
Chisinau,PM2.5 - Principal,2022-03-01 10:00 PM,2022,03,01,22,24.1,76,Moderate,23.0,UG/M3,1 Hr,Valid
Chisinau,PM2.5 - Principal,2022-03-01 11:00 PM,2022,03,01,23,22.5,73,Moderate,20.0,UG/M3,1 Hr,Valid
Chisinau,PM2.5 - Principal,2022-03-02 12:00 AM,2022,03,02,00,21.5,71,Moderate,20.0,UG/M3,1 Hr,Valid
Chisinau,PM2.5 - Principal,2022-03-02 01:00 AM,2022,03,02,01,17.8,63,Moderate,14.0,UG/M3,1 Hr,Valid
Chisinau,PM2.5 - Principal,2022-03-02 02:00 AM,2022,03,02,02,17.0,61,Moderate,16.0,UG/M3,1 Hr,Valid
Chisinau,PM2.5 - Principal,2022-03-02 03:00 AM,2022,03,02,03,17.9,63,Moderate,19.0,UG/M3,1 Hr,Valid
Chisinau,PM2.5 - Principal,2022-03-02 04:00 AM,2022,03,02,04,17.0,61,Moderate,16.0,UG/M3,1 Hr,Valid
Chisinau,PM2.5 - Principal,2022-03-02 05:00 AM,2022,03,02,05,16.5,60,Moderate,16.0,UG/M3,1 Hr,Valid
Chisinau,PM2.5 - Principal,2022-03-02 06:00 AM,2022,03,02,06,14.7,56,Moderate,13.0,UG/M3,1 Hr,Valid
Chisinau,PM2.5 - Principal,2022-03-02 07:00 AM,2022,03,02,07,14.3,56,Moderate,14.0,UG/M3,1 Hr,Valid
Chisinau,PM2.5 - Principal,2022-03-02 08:00 AM,2022,03,02,08,14.1,55,Moderate,14.0,UG/M3,1 Hr,Valid
Chisinau,PM2.5 - Principal,2022-03-02 09:00 AM,2022,03,02,09,16.7,61,Moderate,20.0,UG/M3,1 Hr,Valid
Chisinau,PM2.5 - Principal,2022-03-02 10:00 AM,2022,03,02,10,18.2,64,Moderate,21.0,UG/M3,1 Hr,Valid
Chisinau,PM2.5 - Principal,2022-03-02 11:00 AM,2022,03,02,11,18.5,64,Moderate,19.0,UG/M3,1 Hr,Valid
Chisinau,PM2.5 - Principal,2022-03-02 12:00 PM,2022,03,02,12,18.7,65,Moderate,19.0,UG/M3,1 Hr,Valid
Chisinau,PM2.5 - Principal,2022-03-02 01:00 PM,2022,03,02,13,19.2,66,Moderate,20.0,UG/M3,1 Hr,Valid
Chisinau,PM2.5 - Principal,2022-03-02 02:00 PM,2022,03,02,14,18.3,64,Moderate,17.0,UG/M3,1 Hr,Valid
Chisinau,PM2.5 - Principal,2022-03-02 03:00 PM,2022,03,02,15,18.6,65,Moderate,19.0,UG/M3,1 Hr,Valid
Chisinau,PM2.5 - Principal,2022-03-02 04:00 PM,2022,03,02,16,18.3,64,Moderate,18.0,UG/M3,1 Hr,Valid
Chisinau,PM2.5 - Principal,2022-03-02 05:00 PM,2022,03,02,17,17.8,63,Moderate,17.0,UG/M3,1 Hr,Valid
Chisinau,PM2.5 - Principal,2022-03-02 06:00 PM,2022,03,02,18,18.3,64,Moderate,19.0,UG/M3,1 Hr,Valid
Chisinau,PM2.5 - Principal,2022-03-02 07:00 PM,2022,03,02,19,17.8,63,Moderate,17.0,UG/M3,1 Hr,Valid
Chisinau,PM2.5 - Principal,2022-03-02 08:00 PM,2022,03,02,20,18.7,65,Moderate,21.0,UG/M3,1 Hr,Valid
Chisinau,PM2.5 - Principal,2022-03-02 09:00 PM,2022,03,02,21,19.5,67,Moderate,22.0,UG/M3,1 Hr,Valid
Chisinau,PM2.5 - Principal,2022-03-02 10:00 PM,2022,03,02,22,19.1,66,Moderate,18.0,UG/M3,1 Hr,Valid
Chisinau,PM2.5 - Principal,2022-03-02 11:00 PM,2022,03,02,23,19.1,66,Moderate,19.0,UG/M3,1 Hr,Valid
Chisinau,PM2.5 - Principal,2022-03-03 12:00 AM,2022,03,03,00,17.3,62,Moderate,14.0,UG/M3,1 Hr,Valid
Chisinau,PM2.5 - Principal,2022-03-03 01:00 AM,2022,03,03,01,17.1,62,Moderate,17.0,UG/M3,1 Hr,Valid
Chisinau,PM2.5 - Principal,2022-03-03 02:00 AM,2022,03,03,02,17.1,62,Moderate,17.0,UG/M3,1 Hr,Valid
Chisinau,PM2.5 - Principal,2022-03-03 03:00 AM,2022,03,03,03,17.4,62,Moderate,18.0,UG/M3,1 Hr,Valid
Chisinau,PM2.5 - Principal,2022-03-03 04:00 AM,2022,03,03,04,19.6,67,Moderate,23.0,UG/M3,1 Hr,Valid
Chisinau,PM2.5 - Principal,2022-03-03 05:00 AM,2022,03,03,05,20.5,69,Moderate,22.0,UG/M3,1 Hr,Valid
Chisinau,PM2.5 - Principal,2022-03-03 06:00 AM,2022,03,03,06,19.1,66,Moderate,17.0,UG/M3,1 Hr,Valid
Chisinau,PM2.5 - Principal,2022-03-03 07:00 AM,2022,03,03,07,19.0,66,Moderate,19.0,UG/M3,1 Hr,Valid
Chisinau,PM2.5 - Principal,2022-03-03 08:00 AM,2022,03,03,08,20.2,68,Moderate,22.0,UG/M3,1 Hr,Valid
Chisinau,PM2.5 - Principal,2022-03-03 09:00 AM,2022,03,03,09,20.1,68,Moderate,20.0,UG/M3,1 Hr,Valid
Chisinau,PM2.5 - Principal,2022-03-03 10:00 AM,2022,03,03,10,18.5,64,Moderate,16.0,UG/M3,1 Hr,Valid
Chisinau,PM2.5 - Principal,2022-03-03 11:00 AM,2022,03,03,11,17.9,63,Moderate,17.0,UG/M3,1 Hr,Valid
Chisinau,PM2.5 - Principal,2022-03-03 12:00 PM,2022,03,03,12,17.5,62,Moderate,16.0,UG/M3,1 Hr,Valid
Chisinau,PM2.5 - Principal,2022-03-03 01:00 PM,2022,03,03,13,18.3,64,Moderate,20.0,UG/M3,1 Hr,Valid
Chisinau,PM2.5 - Principal,2022-03-03 02:00 PM,2022,03,03,14,19.4,66,Moderate,22.0,UG/M3,1 Hr,Valid
Chisinau,PM2.5 - Principal,2022-03-03 03:00 PM,2022,03,03,15,19.3,66,Moderate,19.0,UG/M3,1 Hr,Valid
Chisinau,PM2.5 - Principal,2022-03-03 04:00 PM,2022,03,03,16,18.8,65,Moderate,18.0,UG/M3,1 Hr,Valid
Chisinau,PM2.5 - Principal,2022-03-03 05:00 PM,2022,03,03,17,17.6,63,Moderate,15.0,UG/M3,1 Hr,Valid
Chisinau,PM2.5 - Principal,2022-03-03 06:00 PM,2022,03,03,18,18.3,64,Moderate,20.0,UG/M3,1 Hr,Valid
Chisinau,PM2.5 - Principal,2022-03-03 07:00 PM,2022,03,03,19,19.2,66,Moderate,21.0,UG/M3,1 Hr,Valid
Chisinau,PM2.5 - Principal,2022-03-03 08:00 PM,2022,03,03,20,21.6,71,Moderate,25.0,UG/M3,1 Hr,Valid
Chisinau,PM2.5 - Principal,2022-03-03 09:00 PM,2022,03,03,21,22.6,73,Moderate,24.0,UG/M3,1 Hr,Valid
Chisinau,PM2.5 - Principal,2022-03-03 10:00 PM,2022,03,03,22,22.7,73,Moderate,23.0,UG/M3,1 Hr,Valid
Chisinau,PM2.5 - Principal,2022-03-03 11:00 PM,2022,03,03,23,20.0,68,Moderate,16.0,UG/M3,1 Hr,Valid
Chisinau,PM2.5 - Principal,2022-03-04 12:00 AM,2022,03,04,00,19.2,66,Moderate,18.0,UG/M3,1 Hr,Valid
Chisinau,PM2.5 - Principal,2022-03-04 01:00 AM,2022,03,04,01,19.9,67,Moderate,21.0,UG/M3,1 Hr,Valid
Chisinau,PM2.5 - Principal,2022-03-04 02:00 AM,2022,03,04,02,19.1,66,Moderate,18.0,UG/M3,1 Hr,Valid
Chisinau,PM2.5 - Principal,2022-03-04 03:00 AM,2022,03,04,03,18.2,64,Moderate,17.0,UG/M3,1 Hr,Valid
Chisinau,PM2.5 - Principal,2022-03-04 04:00 AM,2022,03,04,04,19.3,66,Moderate,21.0,UG/M3,1 Hr,Valid
Chisinau,PM2.5 - Principal,2022-03-04 05:00 AM,2022,03,04,05,20.3,68,Moderate,22.0,UG/M3,1 Hr,Valid
Chisinau,PM2.5 - Principal,2022-03-04 06:00 AM,2022,03,04,06,20.9,70,Moderate,22.0,UG/M3,1 Hr,Valid
Chisinau,PM2.5 - Principal,2022-03-04 07:00 AM,2022,03,04,07,19.8,67,Moderate,18.0,UG/M3,1 Hr,Valid
Chisinau,PM2.5 - Principal,2022-03-04 08:00 AM,2022,03,04,08,18.9,65,Moderate,17.0,UG/M3,1 Hr,Valid
Chisinau,PM2.5 - Principal,2022-03-04 09:00 AM,2022,03,04,09,18.3,64,Moderate,17.0,UG/M3,1 Hr,Valid
Chisinau,PM2.5 - Principal,2022-03-04 10:00 AM,2022,03,04,10,19.1,66,Moderate,21.0,UG/M3,1 Hr,Valid
Chisinau,PM2.5 - Principal,2022-03-04 11:00 AM,2022,03,04,11,19.3,66,Moderate,20.0,UG/M3,1 Hr,Valid
Chisinau,PM2.5 - Principal,2022-03-04 12:00 PM,2022,03,04,12,18.8,65,Moderate,17.0,UG/M3,1 Hr,Valid
Chisinau,PM2.5 - Principal,2022-03-04 01:00 PM,2022,03,04,13,19.3,66,Moderate,21.0,UG/M3,1 Hr,Valid
Chisinau,PM2.5 - Principal,2022-03-04 02:00 PM,2022,03,04,14,18.7,65,Moderate,17.0,UG/M3,1 Hr,Valid
Chisinau,PM2.5 - Principal,2022-03-04 03:00 PM,2022,03,04,15,18.6,65,Moderate,18.0,UG/M3,1 Hr,Valid
Chisinau,PM2.5 - Principal,2022-03-04 04:00 PM,2022,03,04,16,18.4,64,Moderate,18.0,UG/M3,1 Hr,Valid
Chisinau,PM2.5 - Principal,2022-03-04 05:00 PM,2022,03,04,17,18.7,65,Moderate,20.0,UG/M3,1 Hr,Valid
Chisinau,PM2.5 - Principal,2022-03-04 06:00 PM,2022,03,04,18,18.9,65,Moderate,20.0,UG/M3,1 Hr,Valid
Chisinau,PM2.5 - Principal,2022-03-04 07:00 PM,2022,03,04,19,19.4,66,Moderate,21.0,UG/M3,1 Hr,Valid
Chisinau,PM2.5 - Principal,2022-03-04 08:00 PM,2022,03,04,20,19.7,67,Moderate,21.0,UG/M3,1 Hr,Valid
Chisinau,PM2.5 - Principal,2022-03-04 09:00 PM,2022,03,04,21,19.8,67,Moderate,20.0,UG/M3,1 Hr,Valid
Chisinau,PM2.5 - Principal,2022-03-04 10:00 PM,2022,03,04,22,21.2,70,Moderate,24.0,UG/M3,1 Hr,Valid
Chisinau,PM2.5 - Principal,2022-03-04 11:00 PM,2022,03,04,23,21.7,71,Moderate,23.0,UG/M3,1 Hr,Valid
Chisinau,PM2.5 - Principal,2022-03-05 12:00 AM,2022,03,05,00,21.8,71,Moderate,22.0,UG/M3,1 Hr,Valid
Chisinau,PM2.5 - Principal,2022-03-05 01:00 AM,2022,03,05,01,23.4,75,Moderate,26.0,UG/M3,1 Hr,Valid
Chisinau,PM2.5 - Principal,2022-03-05 02:00 AM,2022,03,05,02,25.6,79,Moderate,29.0,UG/M3,1 Hr,Valid
Chisinau,PM2.5 - Principal,2022-03-05 03:00 AM,2022,03,05,03,26.1,80,Moderate,27.0,UG/M3,1 Hr,Valid
Chisinau,PM2.5 - Principal,2022-03-05 04:00 AM,2022,03,05,04,24.2,76,Moderate,21.0,UG/M3,1 Hr,Valid
Chisinau,PM2.5 - Principal,2022-03-05 05:00 AM,2022,03,05,05,24.4,77,Moderate,25.0,UG/M3,1 Hr,Valid
Chisinau,PM2.5 - Principal,2022-03-05 06:00 AM,2022,03,05,06,25.6,79,Moderate,28.0,UG/M3,1 Hr,Valid
Chisinau,PM2.5 - Principal,2022-03-05 07:00 AM,2022,03,05,07,27.6,84,Moderate,31.0,UG/M3,1 Hr,Valid
Chisinau,PM2.5 - Principal,2022-03-05 08:00 AM,2022,03,05,08,26.7,82,Moderate,25.0,UG/M3,1 Hr,Valid
Chisinau,PM2.5 - Principal,2022-03-05 09:00 AM,2022,03,05,09,24.8,78,Moderate,21.0,UG/M3,1 Hr,Valid
Chisinau,PM2.5 - Principal,2022-03-05 10:00 AM,2022,03,05,10,21.6,71,Moderate,18.0,UG/M3,1 Hr,Valid
Chisinau,PM2.5 - Principal,2022-03-05 11:00 AM,2022,03,05,11,20.1,68,Moderate,18.0,UG/M3,1 Hr,Valid
Chisinau,PM2.5 - Principal,2022-03-05 12:00 PM,2022,03,05,12,20.0,68,Moderate,20.0,UG/M3,1 Hr,Valid
Chisinau,PM2.5 - Principal,2022-03-05 01:00 PM,2022,03,05,13,16.8,61,Moderate,14.0,UG/M3,1 Hr,Valid
Chisinau,PM2.5 - Principal,2022-03-05 02:00 PM,2022,03,05,14,16.4,60,Moderate,16.0,UG/M3,1 Hr,Valid
Chisinau,PM2.5 - Principal,2022-03-05 03:00 PM,2022,03,05,15,13.2,53,Moderate,10.0,UG/M3,1 Hr,Valid
Chisinau,PM2.5 - Principal,2022-03-05 04:00 PM,2022,03,05,16,14.6,56,Moderate,16.0,UG/M3,1 Hr,Valid
Chisinau,PM2.5 - Principal,2022-03-05 05:00 PM,2022,03,05,17,13.3,54,Moderate,12.0,UG/M3,1 Hr,Valid
Chisinau,PM2.5 - Principal,2022-03-05 06:00 PM,2022,03,05,18,13.6,54,Moderate,14.0,UG/M3,1 Hr,Valid
Chisinau,PM2.5 - Principal,2022-03-05 07:00 PM,2022,03,05,19,17.8,63,Moderate,22.0,UG/M3,1 Hr,Valid
Chisinau,PM2.5 - Principal,2022-03-05 08:00 PM,2022,03,05,20,16.4,60,Moderate,15.0,UG/M3,1 Hr,Valid
Chisinau,PM2.5 - Principal,2022-03-05 09:00 PM,2022,03,05,21,16.2,60,Moderate,16.0,UG/M3,1 Hr,Valid
Chisinau,PM2.5 - Principal,2022-03-05 10:00 PM,2022,03,05,22,17.1,62,Moderate,18.0,UG/M3,1 Hr,Valid
Chisinau,PM2.5 - Principal,2022-03-05 11:00 PM,2022,03,05,23,21.5,71,Moderate,26.0,UG/M3,1 Hr,Valid
Chisinau,PM2.5 - Principal,2022-03-06 12:00 AM,2022,03,06,00,22.2,72,Moderate,23.0,UG/M3,1 Hr,Valid
Chisinau,PM2.5 - Principal,2022-03-06 01:00 AM,2022,03,06,01,22.1,72,Moderate,22.0,UG/M3,1 Hr,Valid
Chisinau,PM2.5 - Principal,2022-03-06 02:00 AM,2022,03,06,02,21.5,71,Moderate,21.0,UG/M3,1 Hr,Valid
Chisinau,PM2.5 - Principal,2022-03-06 03:00 AM,2022,03,06,03,20.2,68,Moderate,19.0,UG/M3,1 Hr,Valid
Chisinau,PM2.5 - Principal,2022-03-06 04:00 AM,2022,03,06,04,17.6,63,Moderate,15.0,UG/M3,1 Hr,Valid
Chisinau,PM2.5 - Principal,2022-03-06 05:00 AM,2022,03,06,05,16.5,60,Moderate,15.0,UG/M3,1 Hr,Valid
Chisinau,PM2.5 - Principal,2022-03-06 06:00 AM,2022,03,06,06,16.4,60,Moderate,16.0,UG/M3,1 Hr,Valid
Chisinau,PM2.5 - Principal,2022-03-06 07:00 AM,2022,03,06,07,14.5,56,Moderate,13.0,UG/M3,1 Hr,Valid
Chisinau,PM2.5 - Principal,2022-03-06 08:00 AM,2022,03,06,08,16.7,61,Moderate,19.0,UG/M3,1 Hr,Valid
Chisinau,PM2.5 - Principal,2022-03-06 09:00 AM,2022,03,06,09,16.3,60,Moderate,16.0,UG/M3,1 Hr,Valid
Chisinau,PM2.5 - Principal,2022-03-06 10:00 AM,2022,03,06,10,16.6,60,Moderate,17.0,UG/M3,1 Hr,Valid
Chisinau,PM2.5 - Principal,2022-03-06 11:00 AM,2022,03,06,11,16.3,60,Moderate,16.0,UG/M3,1 Hr,Valid
Chisinau,PM2.5 - Principal,2022-03-06 12:00 PM,2022,03,06,12,17.4,62,Moderate,19.0,UG/M3,1 Hr,Valid
Chisinau,PM2.5 - Principal,2022-03-06 01:00 PM,2022,03,06,13,16.8,61,Moderate,16.0,UG/M3,1 Hr,Valid
Chisinau,PM2.5 - Principal,2022-03-06 02:00 PM,2022,03,06,14,17.5,62,Moderate,19.0,UG/M3,1 Hr,Valid
Chisinau,PM2.5 - Principal,2022-03-06 03:00 PM,2022,03,06,15,17.0,61,Moderate,16.0,UG/M3,1 Hr,Valid
Chisinau,PM2.5 - Principal,2022-03-06 04:00 PM,2022,03,06,16,16.0,59,Moderate,14.0,UG/M3,1 Hr,Valid
Chisinau,PM2.5 - Principal,2022-03-06 05:00 PM,2022,03,06,17,16.0,59,Moderate,16.0,UG/M3,1 Hr,Valid
Chisinau,PM2.5 - Principal,2022-03-06 06:00 PM,2022,03,06,18,16.3,60,Moderate,17.0,UG/M3,1 Hr,Valid
Chisinau,PM2.5 - Principal,2022-03-06 07:00 PM,2022,03,06,19,18.9,65,Moderate,23.0,UG/M3,1 Hr,Valid
Chisinau,PM2.5 - Principal,2022-03-06 08:00 PM,2022,03,06,20,19.7,67,Moderate,21.0,UG/M3,1 Hr,Valid
Chisinau,PM2.5 - Principal,2022-03-06 09:00 PM,2022,03,06,21,22.8,74,Moderate,26.0,UG/M3,1 Hr,Valid
Chisinau,PM2.5 - Principal,2022-03-06 10:00 PM,2022,03,06,22,24.9,78,Moderate,27.0,UG/M3,1 Hr,Valid
Chisinau,PM2.5 - Principal,2022-03-06 11:00 PM,2022,03,06,23,28.0,84,Moderate,31.0,UG/M3,1 Hr,Valid
Chisinau,PM2.5 - Principal,2022-03-07 12:00 AM,2022,03,07,00,32.5,94,Moderate,37.0,UG/M3,1 Hr,Valid
Chisinau,PM2.5 - Principal,2022-03-07 01:00 AM,2022,03,07,01,36.2,103,Unhealthy for Sensitive Groups,40.0,UG/M3,1 Hr,Valid
Chisinau,PM2.5 - Principal,2022-03-07 02:00 AM,2022,03,07,02,36.1,102,Unhealthy for Sensitive Groups,36.0,UG/M3,1 Hr,Valid
Chisinau,PM2.5 - Principal,2022-03-07 03:00 AM,2022,03,07,03,37.5,106,Unhealthy for Sensitive Groups,39.0,UG/M3,1 Hr,Valid
Chisinau,PM2.5 - Principal,2022-03-07 04:00 AM,2022,03,07,04,39.2,110,Unhealthy for Sensitive Groups,41.0,UG/M3,1 Hr,Valid
Chisinau,PM2.5 - Principal,2022-03-07 05:00 AM,2022,03,07,05,40.6,114,Unhealthy for Sensitive Groups,42.0,UG/M3,1 Hr,Valid
Chisinau,PM2.5 - Principal,2022-03-07 06:00 AM,2022,03,07,06,46.3,128,Unhealthy for Sensitive Groups,52.0,UG/M3,1 Hr,Valid
Chisinau,PM2.5 - Principal,2022-03-07 07:00 AM,2022,03,07,07,43.6,121,Unhealthy for Sensitive Groups,41.0,UG/M3,1 Hr,Valid
Chisinau,PM2.5 - Principal,2022-03-07 08:00 AM,2022,03,07,08,44.3,123,Unhealthy for Sensitive Groups,45.0,UG/M3,1 Hr,Valid
Chisinau,PM2.5 - Principal,2022-03-07 09:00 AM,2022,03,07,09,43.6,121,Unhealthy for Sensitive Groups,43.0,UG/M3,1 Hr,Valid
Chisinau,PM2.5 - Principal,2022-03-07 10:00 AM,2022,03,07,10,42.5,118,Unhealthy for Sensitive Groups,41.0,UG/M3,1 Hr,Valid
Chisinau,PM2.5 - Principal,2022-03-07 11:00 AM,2022,03,07,11,34.9,99,Moderate,27.0,UG/M3,1 Hr,Valid
Chisinau,PM2.5 - Principal,2022-03-07 12:00 PM,2022,03,07,12,29.3,87,Moderate,24.0,UG/M3,1 Hr,Valid
Chisinau,PM2.5 - Principal,2022-03-07 01:00 PM,2022,03,07,13,24.1,76,Moderate,19.0,UG/M3,1 Hr,Valid
Chisinau,PM2.5 - Principal,2022-03-07 02:00 PM,2022,03,07,14,21.5,71,Moderate,19.0,UG/M3,1 Hr,Valid
Chisinau,PM2.5 - Principal,2022-03-07 03:00 PM,2022,03,07,15,21.7,71,Moderate,22.0,UG/M3,1 Hr,Valid
Chisinau,PM2.5 - Principal,2022-03-07 04:00 PM,2022,03,07,16,21.3,70,Moderate,21.0,UG/M3,1 Hr,Valid
Chisinau,PM2.5 - Principal,2022-03-07 05:00 PM,2022,03,07,17,22.6,73,Moderate,24.0,UG/M3,1 Hr,Valid
Chisinau,PM2.5 - Principal,2022-03-07 06:00 PM,2022,03,07,18,23.8,76,Moderate,25.0,UG/M3,1 Hr,Valid
Chisinau,PM2.5 - Principal,2022-03-07 07:00 PM,2022,03,07,19,26.4,81,Moderate,29.0,UG/M3,1 Hr,Valid
Chisinau,PM2.5 - Principal,2022-03-07 08:00 PM,2022,03,07,20,27.7,84,Moderate,29.0,UG/M3,1 Hr,Valid
Chisinau,PM2.5 - Principal,2022-03-07 09:00 PM,2022,03,07,21,30.8,90,Moderate,34.0,UG/M3,1 Hr,Valid
Chisinau,PM2.5 - Principal,2022-03-07 10:00 PM,2022,03,07,22,28.8,86,Moderate,27.0,UG/M3,1 Hr,Valid
Chisinau,PM2.5 - Principal,2022-03-07 11:00 PM,2022,03,07,23,28.0,84,Moderate,27.0,UG/M3,1 Hr,Valid
Chisinau,PM2.5 - Principal,2022-03-08 12:00 AM,2022,03,08,00,28.8,86,Moderate,30.0,UG/M3,1 Hr,Valid
Chisinau,PM2.5 - Principal,2022-03-08 01:00 AM,2022,03,08,01,28.0,84,Moderate,27.0,UG/M3,1 Hr,Valid
Chisinau,PM2.5 - Principal,2022-03-08 02:00 AM,2022,03,08,02,27.3,83,Moderate,26.0,UG/M3,1 Hr,Valid
Chisinau,PM2.5 - Principal,2022-03-08 03:00 AM,2022,03,08,03,26.0,80,Moderate,24.0,UG/M3,1 Hr,Valid
Chisinau,PM2.5 - Principal,2022-03-08 04:00 AM,2022,03,08,04,26.6,81,Moderate,27.0,UG/M3,1 Hr,Valid
Chisinau,PM2.5 - Principal,2022-03-08 05:00 AM,2022,03,08,05,27.3,83,Moderate,29.0,UG/M3,1 Hr,Valid
Chisinau,PM2.5 - Principal,2022-03-08 06:00 AM,2022,03,08,06,27.5,83,Moderate,28.0,UG/M3,1 Hr,Valid
Chisinau,PM2.5 - Principal,2022-03-08 07:00 AM,2022,03,08,07,27.6,84,Moderate,28.0,UG/M3,1 Hr,Valid
Chisinau,PM2.5 - Principal,2022-03-08 08:00 AM,2022,03,08,08,28.3,85,Moderate,30.0,UG/M3,1 Hr,Valid
Chisinau,PM2.5 - Principal,2022-03-08 09:00 AM,2022,03,08,09,28.0,84,Moderate,28.0,UG/M3,1 Hr,Valid
Chisinau,PM2.5 - Principal,2022-03-08 10:00 AM,2022,03,08,10,27.3,83,Moderate,25.0,UG/M3,1 Hr,Valid
Chisinau,PM2.5 - Principal,2022-03-08 11:00 AM,2022,03,08,11,26.8,82,Moderate,25.0,UG/M3,1 Hr,Valid
Chisinau,PM2.5 - Principal,2022-03-08 12:00 PM,2022,03,08,12,22.9,74,Moderate,18.0,UG/M3,1 Hr,Valid
Chisinau,PM2.5 - Principal,2022-03-08 01:00 PM,2022,03,08,13,19.3,66,Moderate,16.0,UG/M3,1 Hr,Valid
Chisinau,PM2.5 - Principal,2022-03-08 02:00 PM,2022,03,08,14,18.7,65,Moderate,18.0,UG/M3,1 Hr,Valid
Chisinau,PM2.5 - Principal,2022-03-08 03:00 PM,2022,03,08,15,14.7,56,Moderate,11.0,UG/M3,1 Hr,Valid
Chisinau,PM2.5 - Principal,2022-03-08 04:00 PM,2022,03,08,16,11.8,49,Good,9.0,UG/M3,1 Hr,Valid
Chisinau,PM2.5 - Principal,2022-03-08 05:00 PM,2022,03,08,17,9.9,41,Good,8.0,UG/M3,1 Hr,Valid
Chisinau,PM2.5 - Principal,2022-03-08 06:00 PM,2022,03,08,18,11.4,48,Good,13.0,UG/M3,1 Hr,Valid
Chisinau,PM2.5 - Principal,2022-03-08 07:00 PM,2022,03,08,19,16.2,60,Moderate,21.0,UG/M3,1 Hr,Valid
Chisinau,PM2.5 - Principal,2022-03-08 08:00 PM,2022,03,08,20,15.6,58,Moderate,15.0,UG/M3,1 Hr,Valid
Chisinau,PM2.5 - Principal,2022-03-08 09:00 PM,2022,03,08,21,17.3,62,Moderate,19.0,UG/M3,1 Hr,Valid
Chisinau,PM2.5 - Principal,2022-03-08 10:00 PM,2022,03,08,22,18.6,65,Moderate,20.0,UG/M3,1 Hr,Valid
Chisinau,PM2.5 - Principal,2022-03-08 11:00 PM,2022,03,08,23,12.3,51,Moderate,6.0,UG/M3,1 Hr,Valid
Chisinau,PM2.5 - Principal,2022-03-09 12:00 AM,2022,03,09,00,15.1,57,Moderate,18.0,UG/M3,1 Hr,Valid
Chisinau,PM2.5 - Principal,2022-03-09 01:00 AM,2022,03,09,01,15.0,57,Moderate,15.0,UG/M3,1 Hr,Valid
Chisinau,PM2.5 - Principal,2022-03-09 02:00 AM,2022,03,09,02,14.5,56,Moderate,14.0,UG/M3,1 Hr,Valid
Chisinau,PM2.5 - Principal,2022-03-09 03:00 AM,2022,03,09,03,14.2,55,Moderate,14.0,UG/M3,1 Hr,Valid
Chisinau,PM2.5 - Principal,2022-03-09 04:00 AM,2022,03,09,04,12.1,51,Moderate,10.0,UG/M3,1 Hr,Valid
Chisinau,PM2.5 - Principal,2022-03-09 05:00 AM,2022,03,09,05,13.5,54,Moderate,15.0,UG/M3,1 Hr,Valid
Chisinau,PM2.5 - Principal,2022-03-09 06:00 AM,2022,03,09,06,15.7,59,Moderate,18.0,UG/M3,1 Hr,Valid
Chisinau,PM2.5 - Principal,2022-03-09 07:00 AM,2022,03,09,07,15.3,58,Moderate,15.0,UG/M3,1 Hr,Valid
Chisinau,PM2.5 - Principal,2022-03-09 08:00 AM,2022,03,09,08,16.6,60,Moderate,18.0,UG/M3,1 Hr,Valid
Chisinau,PM2.5 - Principal,2022-03-09 09:00 AM,2022,03,09,09,18.8,65,Moderate,21.0,UG/M3,1 Hr,Valid
Chisinau,PM2.5 - Principal,2022-03-09 10:00 AM,2022,03,09,10,19.9,67,Moderate,21.0,UG/M3,1 Hr,Valid
Chisinau,PM2.5 - Principal,2022-03-09 11:00 AM,2022,03,09,11,20.4,68,Moderate,21.0,UG/M3,1 Hr,Valid
Chisinau,PM2.5 - Principal,2022-03-09 12:00 PM,2022,03,09,12,19.7,67,Moderate,19.0,UG/M3,1 Hr,Valid
Chisinau,PM2.5 - Principal,2022-03-09 01:00 PM,2022,03,09,13,18.3,64,Moderate,17.0,UG/M3,1 Hr,Valid
Chisinau,PM2.5 - Principal,2022-03-09 02:00 PM,2022,03,09,14,17.1,62,Moderate,16.0,UG/M3,1 Hr,Valid
Chisinau,PM2.5 - Principal,2022-03-09 03:00 PM,2022,03,09,15,20.0,68,Moderate,23.0,UG/M3,1 Hr,Valid
Chisinau,PM2.5 - Principal,2022-03-09 04:00 PM,2022,03,09,16,19.3,66,Moderate,19.0,UG/M3,1 Hr,Valid
Chisinau,PM2.5 - Principal,2022-03-09 05:00 PM,2022,03,09,17,17.8,63,Moderate,15.0,UG/M3,1 Hr,Valid
Chisinau,PM2.5 - Principal,2022-03-09 06:00 PM,2022,03,09,18,16.8,61,Moderate,15.0,UG/M3,1 Hr,Valid
Chisinau,PM2.5 - Principal,2022-03-09 07:00 PM,2022,03,09,19,19.9,67,Moderate,25.0,UG/M3,1 Hr,Valid
Chisinau,PM2.5 - Principal,2022-03-09 08:00 PM,2022,03,09,20,22.5,73,Moderate,26.0,UG/M3,1 Hr,Valid
Chisinau,PM2.5 - Principal,2022-03-09 09:00 PM,2022,03,09,21,22.7,73,Moderate,23.0,UG/M3,1 Hr,Valid
Chisinau,PM2.5 - Principal,2022-03-09 10:00 PM,2022,03,09,22,24.1,76,Moderate,26.0,UG/M3,1 Hr,Valid
Chisinau,PM2.5 - Principal,2022-03-09 11:00 PM,2022,03,09,23,23.6,75,Moderate,23.0,UG/M3,1 Hr,Valid
Chisinau,PM2.5 - Principal,2022-03-10 12:00 AM,2022,03,10,00,24.2,76,Moderate,25.0,UG/M3,1 Hr,Valid
Chisinau,PM2.5 - Principal,2022-03-10 01:00 AM,2022,03,10,01,22.0,72,Moderate,19.0,UG/M3,1 Hr,Valid
Chisinau,PM2.5 - Principal,2022-03-10 02:00 AM,2022,03,10,02,22.0,72,Moderate,22.0,UG/M3,1 Hr,Valid
Chisinau,PM2.5 - Principal,2022-03-10 03:00 AM,2022,03,10,03,22.8,74,Moderate,24.0,UG/M3,1 Hr,Valid
Chisinau,PM2.5 - Principal,2022-03-10 04:00 AM,2022,03,10,04,23.3,75,Moderate,24.0,UG/M3,1 Hr,Valid
Chisinau,PM2.5 - Principal,2022-03-10 05:00 AM,2022,03,10,05,23.2,74,Moderate,23.0,UG/M3,1 Hr,Valid
Chisinau,PM2.5 - Principal,2022-03-10 06:00 AM,2022,03,10,06,23.1,74,Moderate,23.0,UG/M3,1 Hr,Valid
Chisinau,PM2.5 - Principal,2022-03-10 07:00 AM,2022,03,10,07,22.8,74,Moderate,22.0,UG/M3,1 Hr,Valid
Chisinau,PM2.5 - Principal,2022-03-10 08:00 AM,2022,03,10,08,21.7,71,Moderate,19.0,UG/M3,1 Hr,Valid
Chisinau,PM2.5 - Principal,2022-03-10 09:00 AM,2022,03,10,09,20.9,70,Moderate,19.0,UG/M3,1 Hr,Valid
Chisinau,PM2.5 - Principal,2022-03-10 10:00 AM,2022,03,10,10,20.8,69,Moderate,20.0,UG/M3,1 Hr,Valid
Chisinau,PM2.5 - Principal,2022-03-10 11:00 AM,2022,03,10,11,20.8,69,Moderate,21.0,UG/M3,1 Hr,Valid
Chisinau,PM2.5 - Principal,2022-03-10 12:00 PM,2022,03,10,12,19.0,66,Moderate,16.0,UG/M3,1 Hr,Valid
Chisinau,PM2.5 - Principal,2022-03-10 01:00 PM,2022,03,10,13,19.3,66,Moderate,20.0,UG/M3,1 Hr,Valid
Chisinau,PM2.5 - Principal,2022-03-10 02:00 PM,2022,03,10,14,18.5,64,Moderate,17.0,UG/M3,1 Hr,Valid
Chisinau,PM2.5 - Principal,2022-03-10 03:00 PM,2022,03,10,15,17.6,63,Moderate,16.0,UG/M3,1 Hr,Valid
Chisinau,PM2.5 - Principal,2022-03-10 04:00 PM,2022,03,10,16,18.4,64,Moderate,20.0,UG/M3,1 Hr,Valid
Chisinau,PM2.5 - Principal,2022-03-10 05:00 PM,2022,03,10,17,19.2,66,Moderate,21.0,UG/M3,1 Hr,Valid
Chisinau,PM2.5 - Principal,2022-03-10 06:00 PM,2022,03,10,18,19.1,66,Moderate,19.0,UG/M3,1 Hr,Valid
Chisinau,PM2.5 - Principal,2022-03-10 07:00 PM,2022,03,10,19,19.0,66,Moderate,-999.0,UG/M3,1 Hr,Missing
Chisinau,PM2.5 - Principal,2022-03-11 12:00 AM,2022,03,11,00,-999.0,-999,N/A,21.0,UG/M3,1 Hr,Valid
Chisinau,PM2.5 - Principal,2022-03-11 01:00 AM,2022,03,11,01,19.6,67,Moderate,19.0,UG/M3,1 Hr,Valid
Chisinau,PM2.5 - Principal,2022-03-11 02:00 AM,2022,03,11,02,19.0,66,Moderate,18.0,UG/M3,1 Hr,Valid
Chisinau,PM2.5 - Principal,2022-03-11 03:00 AM,2022,03,11,03,19.0,66,Moderate,18.0,UG/M3,1 Hr,Valid
Chisinau,PM2.5 - Principal,2022-03-11 04:00 AM,2022,03,11,04,18.3,64,Moderate,17.0,UG/M3,1 Hr,Valid
Chisinau,PM2.5 - Principal,2022-03-11 05:00 AM,2022,03,11,05,18.7,65,Moderate,20.0,UG/M3,1 Hr,Valid
Chisinau,PM2.5 - Principal,2022-03-11 06:00 AM,2022,03,11,06,17.5,62,Moderate,15.0,UG/M3,1 Hr,Valid
Chisinau,PM2.5 - Principal,2022-03-11 07:00 AM,2022,03,11,07,17.3,62,Moderate,17.0,UG/M3,1 Hr,Valid
Chisinau,PM2.5 - Principal,2022-03-11 08:00 AM,2022,03,11,08,17.2,62,Moderate,17.0,UG/M3,1 Hr,Valid
Chisinau,PM2.5 - Principal,2022-03-11 09:00 AM,2022,03,11,09,17.7,63,Moderate,19.0,UG/M3,1 Hr,Valid
Chisinau,PM2.5 - Principal,2022-03-11 10:00 AM,2022,03,11,10,16.9,61,Moderate,15.0,UG/M3,1 Hr,Valid
Chisinau,PM2.5 - Principal,2022-03-11 11:00 AM,2022,03,11,11,17.5,62,Moderate,19.0,UG/M3,1 Hr,Valid
Chisinau,PM2.5 - Principal,2022-03-11 12:00 PM,2022,03,11,12,18.1,64,Moderate,20.0,UG/M3,1 Hr,Valid
Chisinau,PM2.5 - Principal,2022-03-11 01:00 PM,2022,03,11,13,18.6,65,Moderate,20.0,UG/M3,1 Hr,Valid
Chisinau,PM2.5 - Principal,2022-03-11 02:00 PM,2022,03,11,14,18.9,65,Moderate,20.0,UG/M3,1 Hr,Valid
Chisinau,PM2.5 - Principal,2022-03-11 03:00 PM,2022,03,11,15,21.6,71,Moderate,25.0,UG/M3,1 Hr,Valid
Chisinau,PM2.5 - Principal,2022-03-11 04:00 PM,2022,03,11,16,21.0,70,Moderate,20.0,UG/M3,1 Hr,Valid
Chisinau,PM2.5 - Principal,2022-03-11 05:00 PM,2022,03,11,17,23.1,74,Moderate,26.0,UG/M3,1 Hr,Valid
Chisinau,PM2.5 - Principal,2022-03-11 06:00 PM,2022,03,11,18,24.3,77,Moderate,26.0,UG/M3,1 Hr,Valid
Chisinau,PM2.5 - Principal,2022-03-11 07:00 PM,2022,03,11,19,23.7,75,Moderate,23.0,UG/M3,1 Hr,Valid
Chisinau,PM2.5 - Principal,2022-03-11 08:00 PM,2022,03,11,20,23.4,75,Moderate,23.0,UG/M3,1 Hr,Valid
Chisinau,PM2.5 - Principal,2022-03-11 09:00 PM,2022,03,11,21,26.1,80,Moderate,29.0,UG/M3,1 Hr,Valid
Chisinau,PM2.5 - Principal,2022-03-11 10:00 PM,2022,03,11,22,24.5,77,Moderate,23.0,UG/M3,1 Hr,Valid
Chisinau,PM2.5 - Principal,2022-03-11 11:00 PM,2022,03,11,23,24.6,77,Moderate,25.0,UG/M3,1 Hr,Valid
Chisinau,PM2.5 - Principal,2022-03-12 12:00 AM,2022,03,12,00,24.1,76,Moderate,23.0,UG/M3,1 Hr,Valid
Chisinau,PM2.5 - Principal,2022-03-12 01:00 AM,2022,03,12,01,25.0,78,Moderate,27.0,UG/M3,1 Hr,Valid
Chisinau,PM2.5 - Principal,2022-03-12 02:00 AM,2022,03,12,02,24.7,77,Moderate,24.0,UG/M3,1 Hr,Valid
Chisinau,PM2.5 - Principal,2022-03-12 03:00 AM,2022,03,12,03,23.5,75,Moderate,21.0,UG/M3,1 Hr,Valid
Chisinau,PM2.5 - Principal,2022-03-12 04:00 AM,2022,03,12,04,21.3,70,Moderate,18.0,UG/M3,1 Hr,Valid
Chisinau,PM2.5 - Principal,2022-03-12 05:00 AM,2022,03,12,05,21.5,71,Moderate,22.0,UG/M3,1 Hr,Valid
Chisinau,PM2.5 - Principal,2022-03-12 06:00 AM,2022,03,12,06,24.0,76,Moderate,28.0,UG/M3,1 Hr,Valid
Chisinau,PM2.5 - Principal,2022-03-12 07:00 AM,2022,03,12,07,22.8,74,Moderate,21.0,UG/M3,1 Hr,Valid
Chisinau,PM2.5 - Principal,2022-03-12 08:00 AM,2022,03,12,08,21.3,70,Moderate,19.0,UG/M3,1 Hr,Valid
Chisinau,PM2.5 - Principal,2022-03-12 09:00 AM,2022,03,12,09,16.9,61,Moderate,13.0,UG/M3,1 Hr,Valid
Chisinau,PM2.5 - Principal,2022-03-12 10:00 AM,2022,03,12,10,14.4,56,Moderate,12.0,UG/M3,1 Hr,Valid
Chisinau,PM2.5 - Principal,2022-03-12 11:00 AM,2022,03,12,11,11.7,49,Good,9.0,UG/M3,1 Hr,Valid
Chisinau,PM2.5 - Principal,2022-03-12 12:00 PM,2022,03,12,12,11.3,47,Good,11.0,UG/M3,1 Hr,Valid
Chisinau,PM2.5 - Principal,2022-03-12 01:00 PM,2022,03,12,13,12.6,52,Moderate,14.0,UG/M3,1 Hr,Valid
Chisinau,PM2.5 - Principal,2022-03-12 02:00 PM,2022,03,12,14,13.3,54,Moderate,14.0,UG/M3,1 Hr,Valid
Chisinau,PM2.5 - Principal,2022-03-12 03:00 PM,2022,03,12,15,12.6,52,Moderate,12.0,UG/M3,1 Hr,Valid
Chisinau,PM2.5 - Principal,2022-03-12 04:00 PM,2022,03,12,16,12.8,52,Moderate,13.0,UG/M3,1 Hr,Valid
Chisinau,PM2.5 - Principal,2022-03-12 05:00 PM,2022,03,12,17,12.4,52,Moderate,12.0,UG/M3,1 Hr,Valid
Chisinau,PM2.5 - Principal,2022-03-12 06:00 PM,2022,03,12,18,12.7,52,Moderate,13.0,UG/M3,1 Hr,Valid
Chisinau,PM2.5 - Principal,2022-03-12 07:00 PM,2022,03,12,19,17.8,63,Moderate,23.0,UG/M3,1 Hr,Valid
Chisinau,PM2.5 - Principal,2022-03-12 08:00 PM,2022,03,12,20,32.4,94,Moderate,47.0,UG/M3,1 Hr,Valid
Chisinau,PM2.5 - Principal,2022-03-12 09:00 PM,2022,03,12,21,38.2,108,Unhealthy for Sensitive Groups,44.0,UG/M3,1 Hr,Valid
Chisinau,PM2.5 - Principal,2022-03-12 10:00 PM,2022,03,12,22,38.1,107,Unhealthy for Sensitive Groups,38.0,UG/M3,1 Hr,Valid
Chisinau,PM2.5 - Principal,2022-03-12 11:00 PM,2022,03,12,23,36.5,103,Unhealthy for Sensitive Groups,35.0,UG/M3,1 Hr,Valid
Chisinau,PM2.5 - Principal,2022-03-13 12:00 AM,2022,03,13,00,28.7,86,Moderate,21.0,UG/M3,1 Hr,Valid
Chisinau,PM2.5 - Principal,2022-03-13 01:00 AM,2022,03,13,01,25.8,80,Moderate,23.0,UG/M3,1 Hr,Valid
Chisinau,PM2.5 - Principal,2022-03-13 02:00 AM,2022,03,13,02,21.9,72,Moderate,18.0,UG/M3,1 Hr,Valid
Chisinau,PM2.5 - Principal,2022-03-13 03:00 AM,2022,03,13,03,20.9,70,Moderate,20.0,UG/M3,1 Hr,Valid
Chisinau,PM2.5 - Principal,2022-03-13 04:00 AM,2022,03,13,04,19.9,67,Moderate,19.0,UG/M3,1 Hr,Valid
Chisinau,PM2.5 - Principal,2022-03-13 05:00 AM,2022,03,13,05,17.9,63,Moderate,16.0,UG/M3,1 Hr,Valid
Chisinau,PM2.5 - Principal,2022-03-13 06:00 AM,2022,03,13,06,17.9,63,Moderate,18.0,UG/M3,1 Hr,Valid
Chisinau,PM2.5 - Principal,2022-03-13 07:00 AM,2022,03,13,07,17.9,63,Moderate,18.0,UG/M3,1 Hr,Valid
Chisinau,PM2.5 - Principal,2022-03-13 08:00 AM,2022,03,13,08,17.9,63,Moderate,18.0,UG/M3,1 Hr,Valid
Chisinau,PM2.5 - Principal,2022-03-13 09:00 AM,2022,03,13,09,17.9,63,Moderate,18.0,UG/M3,1 Hr,Valid
Chisinau,PM2.5 - Principal,2022-03-13 10:00 AM,2022,03,13,10,17.4,62,Moderate,17.0,UG/M3,1 Hr,Valid
Chisinau,PM2.5 - Principal,2022-03-13 11:00 AM,2022,03,13,11,17.5,62,Moderate,17.0,UG/M3,1 Hr,Valid
Chisinau,PM2.5 - Principal,2022-03-13 12:00 PM,2022,03,13,12,18.2,64,Moderate,20.0,UG/M3,1 Hr,Valid
Chisinau,PM2.5 - Principal,2022-03-13 01:00 PM,2022,03,13,13,18.5,64,Moderate,20.0,UG/M3,1 Hr,Valid
Chisinau,PM2.5 - Principal,2022-03-13 02:00 PM,2022,03,13,14,18.8,65,Moderate,20.0,UG/M3,1 Hr,Valid
Chisinau,PM2.5 - Principal,2022-03-13 03:00 PM,2022,03,13,15,23.1,74,Moderate,28.0,UG/M3,1 Hr,Valid
Chisinau,PM2.5 - Principal,2022-03-13 04:00 PM,2022,03,13,16,23.9,76,Moderate,25.0,UG/M3,1 Hr,Valid
Chisinau,PM2.5 - Principal,2022-03-13 05:00 PM,2022,03,13,17,25.3,79,Moderate,28.0,UG/M3,1 Hr,Valid
Chisinau,PM2.5 - Principal,2022-03-13 06:00 PM,2022,03,13,18,26.0,80,Moderate,27.0,UG/M3,1 Hr,Valid
Chisinau,PM2.5 - Principal,2022-03-13 07:00 PM,2022,03,13,19,25.6,79,Moderate,25.0,UG/M3,1 Hr,Valid
Chisinau,PM2.5 - Principal,2022-03-13 08:00 PM,2022,03,13,20,27.0,82,Moderate,29.0,UG/M3,1 Hr,Valid
Chisinau,PM2.5 - Principal,2022-03-13 09:00 PM,2022,03,13,21,27.4,83,Moderate,28.0,UG/M3,1 Hr,Valid
Chisinau,PM2.5 - Principal,2022-03-13 10:00 PM,2022,03,13,22,28.6,86,Moderate,30.0,UG/M3,1 Hr,Valid
Chisinau,PM2.5 - Principal,2022-03-13 11:00 PM,2022,03,13,23,27.4,83,Moderate,26.0,UG/M3,1 Hr,Valid
Chisinau,PM2.5 - Principal,2022-03-14 12:00 AM,2022,03,14,00,25.6,79,Moderate,22.0,UG/M3,1 Hr,Valid
Chisinau,PM2.5 - Principal,2022-03-14 01:00 AM,2022,03,14,01,24.4,77,Moderate,22.0,UG/M3,1 Hr,Valid
Chisinau,PM2.5 - Principal,2022-03-14 02:00 AM,2022,03,14,02,25.2,79,Moderate,26.0,UG/M3,1 Hr,Valid
Chisinau,PM2.5 - Principal,2022-03-14 03:00 AM,2022,03,14,03,24.8,78,Moderate,24.0,UG/M3,1 Hr,Valid
Chisinau,PM2.5 - Principal,2022-03-14 04:00 AM,2022,03,14,04,24.8,78,Moderate,25.0,UG/M3,1 Hr,Valid
Chisinau,PM2.5 - Principal,2022-03-14 05:00 AM,2022,03,14,05,23.6,75,Moderate,21.0,UG/M3,1 Hr,Valid
Chisinau,PM2.5 - Principal,2022-03-14 06:00 AM,2022,03,14,06,22.8,74,Moderate,21.0,UG/M3,1 Hr,Valid
Chisinau,PM2.5 - Principal,2022-03-14 07:00 AM,2022,03,14,07,23.1,74,Moderate,24.0,UG/M3,1 Hr,Valid
Chisinau,PM2.5 - Principal,2022-03-14 08:00 AM,2022,03,14,08,23.7,75,Moderate,25.0,UG/M3,1 Hr,Valid
Chisinau,PM2.5 - Principal,2022-03-14 09:00 AM,2022,03,14,09,22.8,74,Moderate,21.0,UG/M3,1 Hr,Valid
Chisinau,PM2.5 - Principal,2022-03-14 10:00 AM,2022,03,14,10,22.7,73,Moderate,22.0,UG/M3,1 Hr,Valid
Chisinau,PM2.5 - Principal,2022-03-14 11:00 AM,2022,03,14,11,23.2,74,Moderate,25.0,UG/M3,1 Hr,Valid
Chisinau,PM2.5 - Principal,2022-03-14 12:00 PM,2022,03,14,12,22.9,74,Moderate,22.0,UG/M3,1 Hr,Valid
Chisinau,PM2.5 - Principal,2022-03-14 01:00 PM,2022,03,14,13,22.5,73,Moderate,21.0,UG/M3,1 Hr,Valid
Chisinau,PM2.5 - Principal,2022-03-14 02:00 PM,2022,03,14,14,20.5,69,Moderate,17.0,UG/M3,1 Hr,Valid
Chisinau,PM2.5 - Principal,2022-03-14 03:00 PM,2022,03,14,15,20.0,68,Moderate,19.0,UG/M3,1 Hr,Valid
Chisinau,PM2.5 - Principal,2022-03-14 04:00 PM,2022,03,14,16,20.0,68,Moderate,20.0,UG/M3,1 Hr,Valid
Chisinau,PM2.5 - Principal,2022-03-14 05:00 PM,2022,03,14,17,20.6,69,Moderate,22.0,UG/M3,1 Hr,Valid
Chisinau,PM2.5 - Principal,2022-03-14 06:00 PM,2022,03,14,18,21.4,71,Moderate,23.0,UG/M3,1 Hr,Valid
Chisinau,PM2.5 - Principal,2022-03-14 07:00 PM,2022,03,14,19,24.6,77,Moderate,29.0,UG/M3,1 Hr,Valid
Chisinau,PM2.5 - Principal,2022-03-14 08:00 PM,2022,03,14,20,40.2,113,Unhealthy for Sensitive Groups,55.0,UG/M3,1 Hr,Valid
Chisinau,PM2.5 - Principal,2022-03-14 09:00 PM,2022,03,14,21,54.6,148,Unhealthy for Sensitive Groups,69.0,UG/M3,1 Hr,Valid
Chisinau,PM2.5 - Principal,2022-03-14 10:00 PM,2022,03,14,22,66.8,157,Unhealthy,79.0,UG/M3,1 Hr,Valid
Chisinau,PM2.5 - Principal,2022-03-14 11:00 PM,2022,03,14,23,75.4,161,Unhealthy,84.0,UG/M3,1 Hr,Valid
Chisinau,PM2.5 - Principal,2022-03-15 12:00 AM,2022,03,15,00,74.2,161,Unhealthy,73.0,UG/M3,1 Hr,Valid
Chisinau,PM2.5 - Principal,2022-03-15 01:00 AM,2022,03,15,01,72.1,160,Unhealthy,70.0,UG/M3,1 Hr,Valid
Chisinau,PM2.5 - Principal,2022-03-15 02:00 AM,2022,03,15,02,69.0,158,Unhealthy,66.0,UG/M3,1 Hr,Valid
Chisinau,PM2.5 - Principal,2022-03-15 03:00 AM,2022,03,15,03,66.5,157,Unhealthy,64.0,UG/M3,1 Hr,Valid
Chisinau,PM2.5 - Principal,2022-03-15 04:00 AM,2022,03,15,04,65.2,156,Unhealthy,64.0,UG/M3,1 Hr,Valid
Chisinau,PM2.5 - Principal,2022-03-15 05:00 AM,2022,03,15,05,62.6,155,Unhealthy,60.0,UG/M3,1 Hr,Valid
Chisinau,PM2.5 - Principal,2022-03-15 06:00 AM,2022,03,15,06,60.3,153,Unhealthy,58.0,UG/M3,1 Hr,Valid
Chisinau,PM2.5 - Principal,2022-03-15 07:00 AM,2022,03,15,07,58.5,153,Unhealthy,53.0,UG/M3,1 Hr,Valid
Chisinau,PM2.5 - Principal,2022-03-15 08:00 AM,2022,03,15,08,57.6,152,Unhealthy,56.0,UG/M3,1 Hr,Valid
Chisinau,PM2.5 - Principal,2022-03-15 09:00 AM,2022,03,15,09,61.0,154,Unhealthy,67.0,UG/M3,1 Hr,Valid
Chisinau,PM2.5 - Principal,2022-03-15 10:00 AM,2022,03,15,10,54.9,149,Unhealthy for Sensitive Groups,47.0,UG/M3,1 Hr,Valid
Chisinau,PM2.5 - Principal,2022-03-15 11:00 AM,2022,03,15,11,41.1,115,Unhealthy for Sensitive Groups,28.0,UG/M3,1 Hr,Valid
Chisinau,PM2.5 - Principal,2022-03-15 12:00 PM,2022,03,15,12,32.0,93,Moderate,23.0,UG/M3,1 Hr,Valid
Chisinau,PM2.5 - Principal,2022-03-15 01:00 PM,2022,03,15,13,28.0,84,Moderate,24.0,UG/M3,1 Hr,Valid
Chisinau,PM2.5 - Principal,2022-03-15 02:00 PM,2022,03,15,14,28.0,84,Moderate,28.0,UG/M3,1 Hr,Valid
Chisinau,PM2.5 - Principal,2022-03-15 03:00 PM,2022,03,15,15,25.5,79,Moderate,23.0,UG/M3,1 Hr,Valid
Chisinau,PM2.5 - Principal,2022-03-15 04:00 PM,2022,03,15,16,24.7,77,Moderate,24.0,UG/M3,1 Hr,Valid
Chisinau,PM2.5 - Principal,2022-03-15 05:00 PM,2022,03,15,17,25.8,80,Moderate,27.0,UG/M3,1 Hr,Valid
Chisinau,PM2.5 - Principal,2022-03-15 06:00 PM,2022,03,15,18,29.4,87,Moderate,33.0,UG/M3,1 Hr,Valid
Chisinau,PM2.5 - Principal,2022-03-15 07:00 PM,2022,03,15,19,38.7,109,Unhealthy for Sensitive Groups,48.0,UG/M3,1 Hr,Valid
Chisinau,PM2.5 - Principal,2022-03-15 08:00 PM,2022,03,15,20,48.8,134,Unhealthy for Sensitive Groups,59.0,UG/M3,1 Hr,Valid
Chisinau,PM2.5 - Principal,2022-03-15 09:00 PM,2022,03,15,21,69.4,158,Unhealthy,90.0,UG/M3,1 Hr,Valid
Chisinau,PM2.5 - Principal,2022-03-15 10:00 PM,2022,03,15,22,87.2,167,Unhealthy,105.0,UG/M3,1 Hr,Valid
Chisinau,PM2.5 - Principal,2022-03-15 11:00 PM,2022,03,15,23,95.1,171,Unhealthy,103.0,UG/M3,1 Hr,Valid
Chisinau,PM2.5 - Principal,2022-03-16 12:00 AM,2022,03,16,00,97.5,173,Unhealthy,100.0,UG/M3,1 Hr,Valid
Chisinau,PM2.5 - Principal,2022-03-16 01:00 AM,2022,03,16,01,93.7,171,Unhealthy,90.0,UG/M3,1 Hr,Valid
Chisinau,PM2.5 - Principal,2022-03-16 02:00 AM,2022,03,16,02,92.9,170,Unhealthy,92.0,UG/M3,1 Hr,Valid
Chisinau,PM2.5 - Principal,2022-03-16 03:00 AM,2022,03,16,03,92.4,170,Unhealthy,92.0,UG/M3,1 Hr,Valid
Chisinau,PM2.5 - Principal,2022-03-16 04:00 AM,2022,03,16,04,93.7,171,Unhealthy,95.0,UG/M3,1 Hr,Valid
Chisinau,PM2.5 - Principal,2022-03-16 05:00 AM,2022,03,16,05,91.3,169,Unhealthy,89.0,UG/M3,1 Hr,Valid
Chisinau,PM2.5 - Principal,2022-03-16 06:00 AM,2022,03,16,06,90.1,169,Unhealthy,89.0,UG/M3,1 Hr,Valid
Chisinau,PM2.5 - Principal,2022-03-16 07:00 AM,2022,03,16,07,81.0,164,Unhealthy,69.0,UG/M3,1 Hr,Valid
Chisinau,PM2.5 - Principal,2022-03-16 08:00 AM,2022,03,16,08,55.2,150,Unhealthy for Sensitive Groups,31.0,UG/M3,1 Hr,Valid
Chisinau,PM2.5 - Principal,2022-03-16 09:00 AM,2022,03,16,09,41.1,115,Unhealthy for Sensitive Groups,27.0,UG/M3,1 Hr,Valid
Chisinau,PM2.5 - Principal,2022-03-16 10:00 AM,2022,03,16,10,34.0,97,Moderate,27.0,UG/M3,1 Hr,Valid
Chisinau,PM2.5 - Principal,2022-03-16 11:00 AM,2022,03,16,11,30.5,90,Moderate,27.0,UG/M3,1 Hr,Valid
Chisinau,PM2.5 - Principal,2022-03-16 12:00 PM,2022,03,16,12,28.7,86,Moderate,27.0,UG/M3,1 Hr,Valid
Chisinau,PM2.5 - Principal,2022-03-16 01:00 PM,2022,03,16,13,26.3,81,Moderate,24.0,UG/M3,1 Hr,Valid
Chisinau,PM2.5 - Principal,2022-03-16 02:00 PM,2022,03,16,14,25.6,79,Moderate,25.0,UG/M3,1 Hr,Valid
Chisinau,PM2.5 - Principal,2022-03-16 03:00 PM,2022,03,16,15,23.8,76,Moderate,22.0,UG/M3,1 Hr,Valid
Chisinau,PM2.5 - Principal,2022-03-16 04:00 PM,2022,03,16,16,22.9,74,Moderate,22.0,UG/M3,1 Hr,Valid
Chisinau,PM2.5 - Principal,2022-03-16 05:00 PM,2022,03,16,17,22.4,73,Moderate,22.0,UG/M3,1 Hr,Valid
Chisinau,PM2.5 - Principal,2022-03-16 06:00 PM,2022,03,16,18,21.2,70,Moderate,20.0,UG/M3,1 Hr,Valid
Chisinau,PM2.5 - Principal,2022-03-16 07:00 PM,2022,03,16,19,21.5,71,Moderate,21.0,UG/M3,1 Hr,Valid
Chisinau,PM2.5 - Principal,2022-03-16 08:00 PM,2022,03,16,20,22.2,72,Moderate,23.0,UG/M3,1 Hr,Valid
Chisinau,PM2.5 - Principal,2022-03-16 09:00 PM,2022,03,16,21,25.2,79,Moderate,31.0,UG/M3,1 Hr,Valid
Chisinau,PM2.5 - Principal,2022-03-16 10:00 PM,2022,03,16,22,26.5,81,Moderate,29.0,UG/M3,1 Hr,Valid
Chisinau,PM2.5 - Principal,2022-03-16 11:00 PM,2022,03,16,23,27.7,84,Moderate,30.0,UG/M3,1 Hr,Valid
Chisinau,PM2.5 - Principal,2022-03-17 12:00 AM,2022,03,17,00,27.1,83,Moderate,26.0,UG/M3,1 Hr,Valid
Chisinau,PM2.5 - Principal,2022-03-17 01:00 AM,2022,03,17,01,23.4,75,Moderate,18.0,UG/M3,1 Hr,Valid
Chisinau,PM2.5 - Principal,2022-03-17 02:00 AM,2022,03,17,02,22.4,73,Moderate,21.0,UG/M3,1 Hr,Valid
Chisinau,PM2.5 - Principal,2022-03-17 03:00 AM,2022,03,17,03,20.5,69,Moderate,18.0,UG/M3,1 Hr,Valid
Chisinau,PM2.5 - Principal,2022-03-17 04:00 AM,2022,03,17,04,19.4,66,Moderate,18.0,UG/M3,1 Hr,Valid
Chisinau,PM2.5 - Principal,2022-03-17 05:00 AM,2022,03,17,05,18.2,64,Moderate,17.0,UG/M3,1 Hr,Valid
Chisinau,PM2.5 - Principal,2022-03-17 06:00 AM,2022,03,17,06,20.3,68,Moderate,23.0,UG/M3,1 Hr,Valid
Chisinau,PM2.5 - Principal,2022-03-17 07:00 AM,2022,03,17,07,22.9,74,Moderate,26.0,UG/M3,1 Hr,Valid
Chisinau,PM2.5 - Principal,2022-03-17 08:00 AM,2022,03,17,08,23.4,75,Moderate,24.0,UG/M3,1 Hr,Valid
Chisinau,PM2.5 - Principal,2022-03-17 09:00 AM,2022,03,17,09,24.4,77,Moderate,26.0,UG/M3,1 Hr,Valid
Chisinau,PM2.5 - Principal,2022-03-17 10:00 AM,2022,03,17,10,19.9,67,Moderate,15.0,UG/M3,1 Hr,Valid
Chisinau,PM2.5 - Principal,2022-03-17 11:00 AM,2022,03,17,11,17.3,62,Moderate,14.0,UG/M3,1 Hr,Valid
Chisinau,PM2.5 - Principal,2022-03-17 12:00 PM,2022,03,17,12,17.6,63,Moderate,18.0,UG/M3,1 Hr,Valid
Chisinau,PM2.5 - Principal,2022-03-17 01:00 PM,2022,03,17,13,16.4,60,Moderate,15.0,UG/M3,1 Hr,Valid
Chisinau,PM2.5 - Principal,2022-03-17 02:00 PM,2022,03,17,14,17.1,62,Moderate,18.0,UG/M3,1 Hr,Valid
Chisinau,PM2.5 - Principal,2022-03-17 03:00 PM,2022,03,17,15,20.3,68,Moderate,24.0,UG/M3,1 Hr,Valid
Chisinau,PM2.5 - Principal,2022-03-17 04:00 PM,2022,03,17,16,19.7,67,Moderate,19.0,UG/M3,1 Hr,Valid
Chisinau,PM2.5 - Principal,2022-03-17 05:00 PM,2022,03,17,17,20.7,69,Moderate,22.0,UG/M3,1 Hr,Valid
Chisinau,PM2.5 - Principal,2022-03-17 06:00 PM,2022,03,17,18,19.4,66,Moderate,18.0,UG/M3,1 Hr,Valid
Chisinau,PM2.5 - Principal,2022-03-17 07:00 PM,2022,03,17,19,21.1,70,Moderate,23.0,UG/M3,1 Hr,Valid
Chisinau,PM2.5 - Principal,2022-03-17 08:00 PM,2022,03,17,20,24.6,77,Moderate,28.0,UG/M3,1 Hr,Valid
Chisinau,PM2.5 - Principal,2022-03-17 09:00 PM,2022,03,17,21,25.8,80,Moderate,27.0,UG/M3,1 Hr,Valid
Chisinau,PM2.5 - Principal,2022-03-17 10:00 PM,2022,03,17,22,25.4,79,Moderate,25.0,UG/M3,1 Hr,Valid
Chisinau,PM2.5 - Principal,2022-03-17 11:00 PM,2022,03,17,23,26.0,80,Moderate,27.0,UG/M3,1 Hr,Valid
Chisinau,PM2.5 - Principal,2022-03-18 12:00 AM,2022,03,18,00,26.9,82,Moderate,28.0,UG/M3,1 Hr,Valid
Chisinau,PM2.5 - Principal,2022-03-18 01:00 AM,2022,03,18,01,25.9,80,Moderate,25.0,UG/M3,1 Hr,Valid
Chisinau,PM2.5 - Principal,2022-03-18 02:00 AM,2022,03,18,02,28.6,86,Moderate,32.0,UG/M3,1 Hr,Valid
Chisinau,PM2.5 - Principal,2022-03-18 03:00 AM,2022,03,18,03,28.3,85,Moderate,28.0,UG/M3,1 Hr,Valid
Chisinau,PM2.5 - Principal,2022-03-18 04:00 AM,2022,03,18,04,26.4,81,Moderate,24.0,UG/M3,1 Hr,Valid
Chisinau,PM2.5 - Principal,2022-03-18 05:00 AM,2022,03,18,05,27.1,83,Moderate,28.0,UG/M3,1 Hr,Valid
Chisinau,PM2.5 - Principal,2022-03-18 06:00 AM,2022,03,18,06,26.8,82,Moderate,26.0,UG/M3,1 Hr,Valid
Chisinau,PM2.5 - Principal,2022-03-18 07:00 AM,2022,03,18,07,26.4,81,Moderate,25.0,UG/M3,1 Hr,Valid
Chisinau,PM2.5 - Principal,2022-03-18 08:00 AM,2022,03,18,08,26.0,80,Moderate,25.0,UG/M3,1 Hr,Valid
Chisinau,PM2.5 - Principal,2022-03-18 09:00 AM,2022,03,18,09,26.0,80,Moderate,26.0,UG/M3,1 Hr,Valid
Chisinau,PM2.5 - Principal,2022-03-18 10:00 AM,2022,03,18,10,23.0,74,Moderate,19.0,UG/M3,1 Hr,Valid
Chisinau,PM2.5 - Principal,2022-03-18 11:00 AM,2022,03,18,11,20.6,69,Moderate,18.0,UG/M3,1 Hr,Valid
Chisinau,PM2.5 - Principal,2022-03-18 12:00 PM,2022,03,18,12,22.1,72,Moderate,24.0,UG/M3,1 Hr,Valid
Chisinau,PM2.5 - Principal,2022-03-18 01:00 PM,2022,03,18,13,19.0,66,Moderate,16.0,UG/M3,1 Hr,Valid
Chisinau,PM2.5 - Principal,2022-03-18 02:00 PM,2022,03,18,14,20.5,69,Moderate,22.0,UG/M3,1 Hr,Valid
Chisinau,PM2.5 - Principal,2022-03-18 03:00 PM,2022,03,18,15,19.4,66,Moderate,18.0,UG/M3,1 Hr,Valid
Chisinau,PM2.5 - Principal,2022-03-18 04:00 PM,2022,03,18,16,19.2,66,Moderate,19.0,UG/M3,1 Hr,Valid
Chisinau,PM2.5 - Principal,2022-03-18 05:00 PM,2022,03,18,17,19.9,67,Moderate,21.0,UG/M3,1 Hr,Valid
Chisinau,PM2.5 - Principal,2022-03-18 06:00 PM,2022,03,18,18,20.7,69,Moderate,22.0,UG/M3,1 Hr,Valid
Chisinau,PM2.5 - Principal,2022-03-18 07:00 PM,2022,03,18,19,23.9,76,Moderate,28.0,UG/M3,1 Hr,Valid
Chisinau,PM2.5 - Principal,2022-03-18 08:00 PM,2022,03,18,20,23.0,74,Moderate,22.0,UG/M3,1 Hr,Valid
Chisinau,PM2.5 - Principal,2022-03-18 09:00 PM,2022,03,18,21,24.3,77,Moderate,26.0,UG/M3,1 Hr,Valid
Chisinau,PM2.5 - Principal,2022-03-18 10:00 PM,2022,03,18,22,23.3,75,Moderate,22.0,UG/M3,1 Hr,Valid
Chisinau,PM2.5 - Principal,2022-03-18 11:00 PM,2022,03,18,23,22.3,72,Moderate,21.0,UG/M3,1 Hr,Valid
Chisinau,PM2.5 - Principal,2022-03-19 12:00 AM,2022,03,19,00,25.3,79,Moderate,29.0,UG/M3,1 Hr,Valid
Chisinau,PM2.5 - Principal,2022-03-19 01:00 AM,2022,03,19,01,26.1,80,Moderate,28.0,UG/M3,1 Hr,Valid
Chisinau,PM2.5 - Principal,2022-03-19 02:00 AM,2022,03,19,02,26.4,81,Moderate,27.0,UG/M3,1 Hr,Valid
Chisinau,PM2.5 - Principal,2022-03-19 03:00 AM,2022,03,19,03,25.1,78,Moderate,23.0,UG/M3,1 Hr,Valid
Chisinau,PM2.5 - Principal,2022-03-19 04:00 AM,2022,03,19,04,25.6,79,Moderate,27.0,UG/M3,1 Hr,Valid
Chisinau,PM2.5 - Principal,2022-03-19 05:00 AM,2022,03,19,05,25.7,80,Moderate,26.0,UG/M3,1 Hr,Valid
Chisinau,PM2.5 - Principal,2022-03-19 06:00 AM,2022,03,19,06,25.3,79,Moderate,24.0,UG/M3,1 Hr,Valid
Chisinau,PM2.5 - Principal,2022-03-19 07:00 AM,2022,03,19,07,25.2,79,Moderate,25.0,UG/M3,1 Hr,Valid
Chisinau,PM2.5 - Principal,2022-03-19 08:00 AM,2022,03,19,08,27.5,83,Moderate,32.0,UG/M3,1 Hr,Valid
Chisinau,PM2.5 - Principal,2022-03-19 09:00 AM,2022,03,19,09,26.6,81,Moderate,25.0,UG/M3,1 Hr,Valid
Chisinau,PM2.5 - Principal,2022-03-19 10:00 AM,2022,03,19,10,22.9,74,Moderate,18.0,UG/M3,1 Hr,Valid
Chisinau,PM2.5 - Principal,2022-03-19 11:00 AM,2022,03,19,11,17.1,62,Moderate,12.0,UG/M3,1 Hr,Valid
Chisinau,PM2.5 - Principal,2022-03-19 12:00 PM,2022,03,19,12,16.0,59,Moderate,15.0,UG/M3,1 Hr,Valid
Chisinau,PM2.5 - Principal,2022-03-19 01:00 PM,2022,03,19,13,15.0,57,Moderate,14.0,UG/M3,1 Hr,Valid
Chisinau,PM2.5 - Principal,2022-03-19 02:00 PM,2022,03,19,14,15.5,58,Moderate,16.0,UG/M3,1 Hr,Valid
Chisinau,PM2.5 - Principal,2022-03-19 03:00 PM,2022,03,19,15,14.2,55,Moderate,13.0,UG/M3,1 Hr,Valid
Chisinau,PM2.5 - Principal,2022-03-19 04:00 PM,2022,03,19,16,13.6,54,Moderate,13.0,UG/M3,1 Hr,Valid
Chisinau,PM2.5 - Principal,2022-03-19 05:00 PM,2022,03,19,17,15.3,58,Moderate,17.0,UG/M3,1 Hr,Valid
Chisinau,PM2.5 - Principal,2022-03-19 06:00 PM,2022,03,19,18,19.1,66,Moderate,23.0,UG/M3,1 Hr,Valid
Chisinau,PM2.5 - Principal,2022-03-19 07:00 PM,2022,03,19,19,22.5,73,Moderate,26.0,UG/M3,1 Hr,Valid
Chisinau,PM2.5 - Principal,2022-03-19 08:00 PM,2022,03,19,20,29.7,88,Moderate,37.0,UG/M3,1 Hr,Valid
Chisinau,PM2.5 - Principal,2022-03-19 09:00 PM,2022,03,19,21,32.8,95,Moderate,36.0,UG/M3,1 Hr,Valid
Chisinau,PM2.5 - Principal,2022-03-19 10:00 PM,2022,03,19,22,37.4,106,Unhealthy for Sensitive Groups,42.0,UG/M3,1 Hr,Valid
Chisinau,PM2.5 - Principal,2022-03-19 11:00 PM,2022,03,19,23,45.7,126,Unhealthy for Sensitive Groups,54.0,UG/M3,1 Hr,Valid
Chisinau,PM2.5 - Principal,2022-03-20 12:00 AM,2022,03,20,00,47.8,131,Unhealthy for Sensitive Groups,50.0,UG/M3,1 Hr,Valid
Chisinau,PM2.5 - Principal,2022-03-20 01:00 AM,2022,03,20,01,47.4,130,Unhealthy for Sensitive Groups,47.0,UG/M3,1 Hr,Valid
Chisinau,PM2.5 - Principal,2022-03-20 02:00 AM,2022,03,20,02,48.2,132,Unhealthy for Sensitive Groups,49.0,UG/M3,1 Hr,Valid
Chisinau,PM2.5 - Principal,2022-03-20 03:00 AM,2022,03,20,03,51.1,139,Unhealthy for Sensitive Groups,54.0,UG/M3,1 Hr,Valid
Chisinau,PM2.5 - Principal,2022-03-20 04:00 AM,2022,03,20,04,51.0,139,Unhealthy for Sensitive Groups,51.0,UG/M3,1 Hr,Valid
Chisinau,PM2.5 - Principal,2022-03-20 05:00 AM,2022,03,20,05,48.0,132,Unhealthy for Sensitive Groups,45.0,UG/M3,1 Hr,Valid
Chisinau,PM2.5 - Principal,2022-03-20 06:00 AM,2022,03,20,06,44.5,123,Unhealthy for Sensitive Groups,41.0,UG/M3,1 Hr,Valid
Chisinau,PM2.5 - Principal,2022-03-20 07:00 AM,2022,03,20,07,43.2,120,Unhealthy for Sensitive Groups,38.0,UG/M3,1 Hr,Valid
Chisinau,PM2.5 - Principal,2022-03-20 08:00 AM,2022,03,20,08,41.5,116,Unhealthy for Sensitive Groups,38.0,UG/M3,1 Hr,Valid
Chisinau,PM2.5 - Principal,2022-03-20 09:00 AM,2022,03,20,09,38.4,108,Unhealthy for Sensitive Groups,34.0,UG/M3,1 Hr,Valid
Chisinau,PM2.5 - Principal,2022-03-20 10:00 AM,2022,03,20,10,34.1,97,Moderate,30.0,UG/M3,1 Hr,Valid
Chisinau,PM2.5 - Principal,2022-03-20 11:00 AM,2022,03,20,11,29.6,88,Moderate,26.0,UG/M3,1 Hr,Valid
Chisinau,PM2.5 - Principal,2022-03-20 12:00 PM,2022,03,20,12,27.3,83,Moderate,25.0,UG/M3,1 Hr,Valid
Chisinau,PM2.5 - Principal,2022-03-20 01:00 PM,2022,03,20,13,24.1,76,Moderate,21.0,UG/M3,1 Hr,Valid
Chisinau,PM2.5 - Principal,2022-03-20 02:00 PM,2022,03,20,14,24.5,77,Moderate,25.0,UG/M3,1 Hr,Valid
Chisinau,PM2.5 - Principal,2022-03-20 03:00 PM,2022,03,20,15,21.2,70,Moderate,18.0,UG/M3,1 Hr,Valid
Chisinau,PM2.5 - Principal,2022-03-20 04:00 PM,2022,03,20,16,22.1,72,Moderate,23.0,UG/M3,1 Hr,Valid
Chisinau,PM2.5 - Principal,2022-03-20 05:00 PM,2022,03,20,17,26.5,81,Moderate,31.0,UG/M3,1 Hr,Valid
Chisinau,PM2.5 - Principal,2022-03-20 06:00 PM,2022,03,20,18,27.2,83,Moderate,28.0,UG/M3,1 Hr,Valid
Chisinau,PM2.5 - Principal,2022-03-20 07:00 PM,2022,03,20,19,27.1,83,Moderate,27.0,UG/M3,1 Hr,Valid
Chisinau,PM2.5 - Principal,2022-03-20 08:00 PM,2022,03,20,20,32.5,94,Moderate,38.0,UG/M3,1 Hr,Valid
Chisinau,PM2.5 - Principal,2022-03-20 09:00 PM,2022,03,20,21,42.2,117,Unhealthy for Sensitive Groups,52.0,UG/M3,1 Hr,Valid
Chisinau,PM2.5 - Principal,2022-03-20 10:00 PM,2022,03,20,22,64.1,155,Unhealthy,86.0,UG/M3,1 Hr,Valid
Chisinau,PM2.5 - Principal,2022-03-20 11:00 PM,2022,03,20,23,75.0,161,Unhealthy,86.0,UG/M3,1 Hr,Valid
Chisinau,PM2.5 - Principal,2022-03-21 12:00 AM,2022,03,21,00,73.0,160,Unhealthy,71.0,UG/M3,1 Hr,Valid
Chisinau,PM2.5 - Principal,2022-03-21 01:00 AM,2022,03,21,01,69.5,158,Unhealthy,66.0,UG/M3,1 Hr,Valid
Chisinau,PM2.5 - Principal,2022-03-21 02:00 AM,2022,03,21,02,65.7,156,Unhealthy,62.0,UG/M3,1 Hr,Valid
Chisinau,PM2.5 - Principal,2022-03-21 03:00 AM,2022,03,21,03,62.8,155,Unhealthy,60.0,UG/M3,1 Hr,Valid
Chisinau,PM2.5 - Principal,2022-03-21 04:00 AM,2022,03,21,04,59.4,153,Unhealthy,56.0,UG/M3,1 Hr,Valid
Chisinau,PM2.5 - Principal,2022-03-21 05:00 AM,2022,03,21,05,59.2,153,Unhealthy,59.0,UG/M3,1 Hr,Valid
Chisinau,PM2.5 - Principal,2022-03-21 06:00 AM,2022,03,21,06,55.1,149,Unhealthy for Sensitive Groups,51.0,UG/M3,1 Hr,Valid
Chisinau,PM2.5 - Principal,2022-03-21 07:00 AM,2022,03,21,07,50.0,137,Unhealthy for Sensitive Groups,45.0,UG/M3,1 Hr,Valid
Chisinau,PM2.5 - Principal,2022-03-21 08:00 AM,2022,03,21,08,52.6,143,Unhealthy for Sensitive Groups,55.0,UG/M3,1 Hr,Valid
Chisinau,PM2.5 - Principal,2022-03-21 09:00 AM,2022,03,21,09,49.9,136,Unhealthy for Sensitive Groups,47.0,UG/M3,1 Hr,Valid
Chisinau,PM2.5 - Principal,2022-03-21 10:00 AM,2022,03,21,10,42.3,118,Unhealthy for Sensitive Groups,35.0,UG/M3,1 Hr,Valid
Chisinau,PM2.5 - Principal,2022-03-21 11:00 AM,2022,03,21,11,33.1,95,Moderate,24.0,UG/M3,1 Hr,Valid
Chisinau,PM2.5 - Principal,2022-03-21 12:00 PM,2022,03,21,12,26.0,80,Moderate,19.0,UG/M3,1 Hr,Valid
Chisinau,PM2.5 - Principal,2022-03-21 01:00 PM,2022,03,21,13,26.5,81,Moderate,27.0,UG/M3,1 Hr,Valid
Chisinau,PM2.5 - Principal,2022-03-21 02:00 PM,2022,03,21,14,24.2,76,Moderate,22.0,UG/M3,1 Hr,Valid
Chisinau,PM2.5 - Principal,2022-03-21 03:00 PM,2022,03,21,15,22.6,73,Moderate,21.0,UG/M3,1 Hr,Valid
Chisinau,PM2.5 - Principal,2022-03-21 04:00 PM,2022,03,21,16,21.3,70,Moderate,20.0,UG/M3,1 Hr,Valid
Chisinau,PM2.5 - Principal,2022-03-21 05:00 PM,2022,03,21,17,20.6,69,Moderate,20.0,UG/M3,1 Hr,Valid
Chisinau,PM2.5 - Principal,2022-03-21 06:00 PM,2022,03,21,18,21.3,70,Moderate,22.0,UG/M3,1 Hr,Valid
Chisinau,PM2.5 - Principal,2022-03-21 07:00 PM,2022,03,21,19,24.1,76,Moderate,27.0,UG/M3,1 Hr,Valid
Chisinau,PM2.5 - Principal,2022-03-21 08:00 PM,2022,03,21,20,28.0,84,Moderate,32.0,UG/M3,1 Hr,Valid
Chisinau,PM2.5 - Principal,2022-03-21 09:00 PM,2022,03,21,21,30.9,91,Moderate,35.0,UG/M3,1 Hr,Valid
Chisinau,PM2.5 - Principal,2022-03-21 10:00 PM,2022,03,21,22,36.7,104,Unhealthy for Sensitive Groups,42.0,UG/M3,1 Hr,Valid
Chisinau,PM2.5 - Principal,2022-03-21 11:00 PM,2022,03,21,23,36.8,104,Unhealthy for Sensitive Groups,37.0,UG/M3,1 Hr,Valid
Chisinau,PM2.5 - Principal,2022-03-22 12:00 AM,2022,03,22,00,38.9,109,Unhealthy for Sensitive Groups,41.0,UG/M3,1 Hr,Valid
Chisinau,PM2.5 - Principal,2022-03-22 01:00 AM,2022,03,22,01,38.4,108,Unhealthy for Sensitive Groups,38.0,UG/M3,1 Hr,Valid
Chisinau,PM2.5 - Principal,2022-03-22 02:00 AM,2022,03,22,02,39.7,111,Unhealthy for Sensitive Groups,41.0,UG/M3,1 Hr,Valid
Chisinau,PM2.5 - Principal,2022-03-22 03:00 AM,2022,03,22,03,39.3,110,Unhealthy for Sensitive Groups,39.0,UG/M3,1 Hr,Valid
Chisinau,PM2.5 - Principal,2022-03-22 04:00 AM,2022,03,22,04,40.6,114,Unhealthy for Sensitive Groups,42.0,UG/M3,1 Hr,Valid
Chisinau,PM2.5 - Principal,2022-03-22 05:00 AM,2022,03,22,05,40.7,114,Unhealthy for Sensitive Groups,41.0,UG/M3,1 Hr,Valid
Chisinau,PM2.5 - Principal,2022-03-22 06:00 AM,2022,03,22,06,42.3,118,Unhealthy for Sensitive Groups,45.0,UG/M3,1 Hr,Valid
Chisinau,PM2.5 - Principal,2022-03-22 07:00 AM,2022,03,22,07,42.3,118,Unhealthy for Sensitive Groups,44.0,UG/M3,1 Hr,Valid
Chisinau,PM2.5 - Principal,2022-03-22 08:00 AM,2022,03,22,08,42.4,118,Unhealthy for Sensitive Groups,44.0,UG/M3,1 Hr,Valid
Chisinau,PM2.5 - Principal,2022-03-22 09:00 AM,2022,03,22,09,39.7,111,Unhealthy for Sensitive Groups,32.0,UG/M3,1 Hr,Valid
Chisinau,PM2.5 - Principal,2022-03-22 10:00 AM,2022,03,22,10,31.5,92,Moderate,24.0,UG/M3,1 Hr,Valid
Chisinau,PM2.5 - Principal,2022-03-22 11:00 AM,2022,03,22,11,23.4,75,Moderate,16.0,UG/M3,1 Hr,Valid
Chisinau,PM2.5 - Principal,2022-03-22 12:00 PM,2022,03,22,12,18.2,64,Moderate,13.0,UG/M3,1 Hr,Valid
Chisinau,PM2.5 - Principal,2022-03-22 01:00 PM,2022,03,22,13,17.6,63,Moderate,17.0,UG/M3,1 Hr,Valid
Chisinau,PM2.5 - Principal,2022-03-22 02:00 PM,2022,03,22,14,16.8,61,Moderate,16.0,UG/M3,1 Hr,Valid
Chisinau,PM2.5 - Principal,2022-03-22 03:00 PM,2022,03,22,15,15.3,58,Moderate,14.0,UG/M3,1 Hr,Valid
Chisinau,PM2.5 - Principal,2022-03-22 04:00 PM,2022,03,22,16,13.6,54,Moderate,12.0,UG/M3,1 Hr,Valid
Chisinau,PM2.5 - Principal,2022-03-22 05:00 PM,2022,03,22,17,14.3,56,Moderate,15.0,UG/M3,1 Hr,Valid
Chisinau,PM2.5 - Principal,2022-03-22 06:00 PM,2022,03,22,18,16.1,59,Moderate,18.0,UG/M3,1 Hr,Valid
Chisinau,PM2.5 - Principal,2022-03-22 07:00 PM,2022,03,22,19,18.5,64,Moderate,21.0,UG/M3,1 Hr,Valid
Chisinau,PM2.5 - Principal,2022-03-22 08:00 PM,2022,03,22,20,20.2,68,Moderate,22.0,UG/M3,1 Hr,Valid
Chisinau,PM2.5 - Principal,2022-03-22 09:00 PM,2022,03,22,21,23.6,75,Moderate,27.0,UG/M3,1 Hr,Valid
Chisinau,PM2.5 - Principal,2022-03-22 10:00 PM,2022,03,22,22,34.8,99,Moderate,46.0,UG/M3,1 Hr,Valid
Chisinau,PM2.5 - Principal,2022-03-22 11:00 PM,2022,03,22,23,37.4,106,Unhealthy for Sensitive Groups,40.0,UG/M3,1 Hr,Valid
Chisinau,PM2.5 - Principal,2022-03-23 12:00 AM,2022,03,23,00,48.7,134,Unhealthy for Sensitive Groups,60.0,UG/M3,1 Hr,Valid
Chisinau,PM2.5 - Principal,2022-03-23 01:00 AM,2022,03,23,01,51.3,140,Unhealthy for Sensitive Groups,54.0,UG/M3,1 Hr,Valid
Chisinau,PM2.5 - Principal,2022-03-23 02:00 AM,2022,03,23,02,46.1,127,Unhealthy for Sensitive Groups,41.0,UG/M3,1 Hr,Valid
Chisinau,PM2.5 - Principal,2022-03-23 03:00 AM,2022,03,23,03,42.5,118,Unhealthy for Sensitive Groups,39.0,UG/M3,1 Hr,Valid
Chisinau,PM2.5 - Principal,2022-03-23 04:00 AM,2022,03,23,04,40.8,114,Unhealthy for Sensitive Groups,39.0,UG/M3,1 Hr,Valid
Chisinau,PM2.5 - Principal,2022-03-23 05:00 AM,2022,03,23,05,39.9,112,Unhealthy for Sensitive Groups,39.0,UG/M3,1 Hr,Valid
Chisinau,PM2.5 - Principal,2022-03-23 06:00 AM,2022,03,23,06,40.4,113,Unhealthy for Sensitive Groups,41.0,UG/M3,1 Hr,Valid
Chisinau,PM2.5 - Principal,2022-03-23 07:00 AM,2022,03,23,07,40.2,113,Unhealthy for Sensitive Groups,40.0,UG/M3,1 Hr,Valid
Chisinau,PM2.5 - Principal,2022-03-23 08:00 AM,2022,03,23,08,41.6,116,Unhealthy for Sensitive Groups,43.0,UG/M3,1 Hr,Valid
Chisinau,PM2.5 - Principal,2022-03-23 09:00 AM,2022,03,23,09,36.4,103,Unhealthy for Sensitive Groups,31.0,UG/M3,1 Hr,Valid
Chisinau,PM2.5 - Principal,2022-03-23 10:00 AM,2022,03,23,10,27.6,84,Moderate,19.0,UG/M3,1 Hr,Valid
Chisinau,PM2.5 - Principal,2022-03-23 11:00 AM,2022,03,23,11,21.3,70,Moderate,15.0,UG/M3,1 Hr,Valid
Chisinau,PM2.5 - Principal,2022-03-23 12:00 PM,2022,03,23,12,16.6,60,Moderate,12.0,UG/M3,1 Hr,Valid
Chisinau,PM2.5 - Principal,2022-03-23 01:00 PM,2022,03,23,13,18.8,65,Moderate,21.0,UG/M3,1 Hr,Valid
Chisinau,PM2.5 - Principal,2022-03-23 02:00 PM,2022,03,23,14,20.4,68,Moderate,22.0,UG/M3,1 Hr,Valid
Chisinau,PM2.5 - Principal,2022-03-23 03:00 PM,2022,03,23,15,16.2,60,Moderate,12.0,UG/M3,1 Hr,Valid
Chisinau,PM2.5 - Principal,2022-03-23 04:00 PM,2022,03,23,16,14.0,55,Moderate,12.0,UG/M3,1 Hr,Valid
Chisinau,PM2.5 - Principal,2022-03-23 05:00 PM,2022,03,23,17,17.0,61,Moderate,20.0,UG/M3,1 Hr,Valid
Chisinau,PM2.5 - Principal,2022-03-23 06:00 PM,2022,03,23,18,19.5,67,Moderate,22.0,UG/M3,1 Hr,Valid
Chisinau,PM2.5 - Principal,2022-03-23 07:00 PM,2022,03,23,19,22.7,73,Moderate,26.0,UG/M3,1 Hr,Valid
Chisinau,PM2.5 - Principal,2022-03-23 08:00 PM,2022,03,23,20,35.3,100,Moderate,48.0,UG/M3,1 Hr,Valid
Chisinau,PM2.5 - Principal,2022-03-23 09:00 PM,2022,03,23,21,54.6,148,Unhealthy for Sensitive Groups,74.0,UG/M3,1 Hr,Valid
Chisinau,PM2.5 - Principal,2022-03-23 10:00 PM,2022,03,23,22,65.3,156,Unhealthy,76.0,UG/M3,1 Hr,Valid
Chisinau,PM2.5 - Principal,2022-03-23 11:00 PM,2022,03,23,23,70.1,159,Unhealthy,75.0,UG/M3,1 Hr,Valid
Chisinau,PM2.5 - Principal,2022-03-24 12:00 AM,2022,03,24,00,74.1,161,Unhealthy,78.0,UG/M3,1 Hr,Valid
Chisinau,PM2.5 - Principal,2022-03-24 01:00 AM,2022,03,24,01,77.5,162,Unhealthy,81.0,UG/M3,1 Hr,Valid
Chisinau,PM2.5 - Principal,2022-03-24 02:00 AM,2022,03,24,02,77.7,162,Unhealthy,78.0,UG/M3,1 Hr,Valid
Chisinau,PM2.5 - Principal,2022-03-24 03:00 AM,2022,03,24,03,76.9,162,Unhealthy,76.0,UG/M3,1 Hr,Valid
Chisinau,PM2.5 - Principal,2022-03-24 04:00 AM,2022,03,24,04,74.9,161,Unhealthy,73.0,UG/M3,1 Hr,Valid
Chisinau,PM2.5 - Principal,2022-03-24 05:00 AM,2022,03,24,05,76.9,162,Unhealthy,79.0,UG/M3,1 Hr,Valid
Chisinau,PM2.5 - Principal,2022-03-24 06:00 AM,2022,03,24,06,76.4,162,Unhealthy,76.0,UG/M3,1 Hr,Valid
Chisinau,PM2.5 - Principal,2022-03-24 07:00 AM,2022,03,24,07,73.4,160,Unhealthy,69.0,UG/M3,1 Hr,Valid
Chisinau,PM2.5 - Principal,2022-03-24 08:00 AM,2022,03,24,08,70.1,159,Unhealthy,59.0,UG/M3,1 Hr,Valid
Chisinau,PM2.5 - Principal,2022-03-24 09:00 AM,2022,03,24,09,61.8,154,Unhealthy,51.0,UG/M3,1 Hr,Valid
Chisinau,PM2.5 - Principal,2022-03-24 10:00 AM,2022,03,24,10,45.7,126,Unhealthy for Sensitive Groups,33.0,UG/M3,1 Hr,Valid
Chisinau,PM2.5 - Principal,2022-03-24 11:00 AM,2022,03,24,11,32.8,95,Moderate,20.0,UG/M3,1 Hr,Valid
Chisinau,PM2.5 - Principal,2022-03-24 12:00 PM,2022,03,24,12,28.9,86,Moderate,25.0,UG/M3,1 Hr,Valid
Chisinau,PM2.5 - Principal,2022-03-24 01:00 PM,2022,03,24,13,30.9,91,Moderate,33.0,UG/M3,1 Hr,Valid
Chisinau,PM2.5 - Principal,2022-03-24 02:00 PM,2022,03,24,14,34.9,99,Moderate,39.0,UG/M3,1 Hr,Valid
Chisinau,PM2.5 - Principal,2022-03-24 03:00 PM,2022,03,24,15,36.9,104,Unhealthy for Sensitive Groups,39.0,UG/M3,1 Hr,Valid
Chisinau,PM2.5 - Principal,2022-03-24 04:00 PM,2022,03,24,16,32.9,95,Moderate,29.0,UG/M3,1 Hr,Valid
Chisinau,PM2.5 - Principal,2022-03-24 05:00 PM,2022,03,24,17,28.4,85,Moderate,24.0,UG/M3,1 Hr,Valid
Chisinau,PM2.5 - Principal,2022-03-24 06:00 PM,2022,03,24,18,28.7,86,Moderate,29.0,UG/M3,1 Hr,Valid
Chisinau,PM2.5 - Principal,2022-03-24 07:00 PM,2022,03,24,19,27.8,84,Moderate,27.0,UG/M3,1 Hr,Valid
Chisinau,PM2.5 - Principal,2022-03-24 08:00 PM,2022,03,24,20,25.9,80,Moderate,24.0,UG/M3,1 Hr,Valid
Chisinau,PM2.5 - Principal,2022-03-24 09:00 PM,2022,03,24,21,25.9,80,Moderate,26.0,UG/M3,1 Hr,Valid
Chisinau,PM2.5 - Principal,2022-03-24 10:00 PM,2022,03,24,22,28.4,85,Moderate,31.0,UG/M3,1 Hr,Valid
Chisinau,PM2.5 - Principal,2022-03-24 11:00 PM,2022,03,24,23,28.5,85,Moderate,29.0,UG/M3,1 Hr,Valid
Chisinau,PM2.5 - Principal,2022-03-25 12:00 AM,2022,03,25,00,28.3,85,Moderate,28.0,UG/M3,1 Hr,Valid
Chisinau,PM2.5 - Principal,2022-03-25 01:00 AM,2022,03,25,01,35.4,100,Moderate,44.0,UG/M3,1 Hr,Valid
Chisinau,PM2.5 - Principal,2022-03-25 02:00 AM,2022,03,25,02,42.0,117,Unhealthy for Sensitive Groups,48.0,UG/M3,1 Hr,Valid
Chisinau,PM2.5 - Principal,2022-03-25 04:00 AM,2022,03,25,04,50.5,138,Unhealthy for Sensitive Groups,59.0,UG/M3,1 Hr,Valid
Chisinau,PM2.5 - Principal,2022-03-25 05:00 AM,2022,03,25,05,51.7,141,Unhealthy for Sensitive Groups,53.0,UG/M3,1 Hr,Valid
Chisinau,PM2.5 - Principal,2022-03-25 06:00 AM,2022,03,25,06,46.8,129,Unhealthy for Sensitive Groups,42.0,UG/M3,1 Hr,Valid
Chisinau,PM2.5 - Principal,2022-03-25 07:00 AM,2022,03,25,07,42.4,118,Unhealthy for Sensitive Groups,38.0,UG/M3,1 Hr,Valid
Chisinau,PM2.5 - Principal,2022-03-25 08:00 AM,2022,03,25,08,35.7,101,Unhealthy for Sensitive Groups,29.0,UG/M3,1 Hr,Valid
Chisinau,PM2.5 - Principal,2022-03-25 09:00 AM,2022,03,25,09,33.8,97,Moderate,32.0,UG/M3,1 Hr,Valid
Chisinau,PM2.5 - Principal,2022-03-25 10:00 AM,2022,03,25,10,31.9,93,Moderate,30.0,UG/M3,1 Hr,Valid
Chisinau,PM2.5 - Principal,2022-03-25 11:00 AM,2022,03,25,11,30.4,89,Moderate,29.0,UG/M3,1 Hr,Valid
Chisinau,PM2.5 - Principal,2022-03-25 12:00 PM,2022,03,25,12,29.7,88,Moderate,29.0,UG/M3,1 Hr,Valid
Chisinau,PM2.5 - Principal,2022-03-25 01:00 PM,2022,03,25,13,29.3,87,Moderate,29.0,UG/M3,1 Hr,Valid
Chisinau,PM2.5 - Principal,2022-03-25 02:00 PM,2022,03,25,14,27.6,84,Moderate,26.0,UG/M3,1 Hr,Valid
Chisinau,PM2.5 - Principal,2022-03-25 03:00 PM,2022,03,25,15,28.3,85,Moderate,29.0,UG/M3,1 Hr,Valid
Chisinau,PM2.5 - Principal,2022-03-25 04:00 PM,2022,03,25,16,27.1,83,Moderate,26.0,UG/M3,1 Hr,Valid
Chisinau,PM2.5 - Principal,2022-03-25 05:00 PM,2022,03,25,17,24.7,77,Moderate,22.0,UG/M3,1 Hr,Valid
Chisinau,PM2.5 - Principal,2022-03-25 06:00 PM,2022,03,25,18,24.2,76,Moderate,23.0,UG/M3,1 Hr,Valid
Chisinau,PM2.5 - Principal,2022-03-25 07:00 PM,2022,03,25,19,24.3,77,Moderate,23.0,UG/M3,1 Hr,Valid
Chisinau,PM2.5 - Principal,2022-03-25 08:00 PM,2022,03,25,20,25.4,79,Moderate,28.0,UG/M3,1 Hr,Valid
Chisinau,PM2.5 - Principal,2022-03-25 09:00 PM,2022,03,25,21,29.0,87,Moderate,35.0,UG/M3,1 Hr,Valid
Chisinau,PM2.5 - Principal,2022-03-25 10:00 PM,2022,03,25,22,37.1,105,Unhealthy for Sensitive Groups,44.0,UG/M3,1 Hr,Valid
Chisinau,PM2.5 - Principal,2022-03-25 11:00 PM,2022,03,25,23,38.5,108,Unhealthy for Sensitive Groups,40.0,UG/M3,1 Hr,Valid
Chisinau,PM2.5 - Principal,2022-03-26 12:00 AM,2022,03,26,00,36.2,103,Unhealthy for Sensitive Groups,34.0,UG/M3,1 Hr,Valid
Chisinau,PM2.5 - Principal,2022-03-26 01:00 AM,2022,03,26,01,36.1,102,Unhealthy for Sensitive Groups,36.0,UG/M3,1 Hr,Valid
Chisinau,PM2.5 - Principal,2022-03-26 02:00 AM,2022,03,26,02,35.0,99,Moderate,34.0,UG/M3,1 Hr,Valid
Chisinau,PM2.5 - Principal,2022-03-26 03:00 AM,2022,03,26,03,35.0,99,Moderate,35.0,UG/M3,1 Hr,Valid
Chisinau,PM2.5 - Principal,2022-03-26 04:00 AM,2022,03,26,04,35.5,101,Unhealthy for Sensitive Groups,36.0,UG/M3,1 Hr,Valid
Chisinau,PM2.5 - Principal,2022-03-26 05:00 AM,2022,03,26,05,36.2,103,Unhealthy for Sensitive Groups,37.0,UG/M3,1 Hr,Valid
Chisinau,PM2.5 - Principal,2022-03-26 06:00 AM,2022,03,26,06,34.6,98,Moderate,33.0,UG/M3,1 Hr,Valid
Chisinau,PM2.5 - Principal,2022-03-26 07:00 AM,2022,03,26,07,36.0,102,Unhealthy for Sensitive Groups,38.0,UG/M3,1 Hr,Valid
Chisinau,PM2.5 - Principal,2022-03-26 08:00 AM,2022,03,26,08,35.7,101,Unhealthy for Sensitive Groups,35.0,UG/M3,1 Hr,Valid
Chisinau,PM2.5 - Principal,2022-03-26 09:00 AM,2022,03,26,09,35.0,99,Moderate,33.0,UG/M3,1 Hr,Valid
Chisinau,PM2.5 - Principal,2022-03-26 10:00 AM,2022,03,26,10,34.0,97,Moderate,31.0,UG/M3,1 Hr,Valid
Chisinau,PM2.5 - Principal,2022-03-26 11:00 AM,2022,03,26,11,31.7,92,Moderate,27.0,UG/M3,1 Hr,Valid
Chisinau,PM2.5 - Principal,2022-03-26 12:00 PM,2022,03,26,12,23.4,75,Moderate,17.0,UG/M3,1 Hr,Valid
Chisinau,PM2.5 - Principal,2022-03-26 01:00 PM,2022,03,26,13,20.7,69,Moderate,18.0,UG/M3,1 Hr,Valid
Chisinau,PM2.5 - Principal,2022-03-26 02:00 PM,2022,03,26,14,19.3,66,Moderate,18.0,UG/M3,1 Hr,Valid
Chisinau,PM2.5 - Principal,2022-03-26 03:00 PM,2022,03,26,15,21.6,71,Moderate,24.0,UG/M3,1 Hr,Valid
Chisinau,PM2.5 - Principal,2022-03-26 04:00 PM,2022,03,26,16,20.8,69,Moderate,20.0,UG/M3,1 Hr,Valid
Chisinau,PM2.5 - Principal,2022-03-26 05:00 PM,2022,03,26,17,18.9,65,Moderate,17.0,UG/M3,1 Hr,Valid
Chisinau,PM2.5 - Principal,2022-03-26 06:00 PM,2022,03,26,18,20.4,68,Moderate,22.0,UG/M3,1 Hr,Valid
Chisinau,PM2.5 - Principal,2022-03-26 07:00 PM,2022,03,26,19,20.2,68,Moderate,20.0,UG/M3,1 Hr,Valid
Chisinau,PM2.5 - Principal,2022-03-26 08:00 PM,2022,03,26,20,22.0,72,Moderate,24.0,UG/M3,1 Hr,Valid
Chisinau,PM2.5 - Principal,2022-03-26 09:00 PM,2022,03,26,21,23.7,75,Moderate,26.0,UG/M3,1 Hr,Valid
Chisinau,PM2.5 - Principal,2022-03-26 10:00 PM,2022,03,26,22,23.1,74,Moderate,23.0,UG/M3,1 Hr,Valid
Chisinau,PM2.5 - Principal,2022-03-26 11:00 PM,2022,03,26,23,25.6,79,Moderate,29.0,UG/M3,1 Hr,Valid
Chisinau,PM2.5 - Principal,2022-03-27 12:00 AM,2022,03,27,00,25.8,80,Moderate,26.0,UG/M3,1 Hr,Valid
Chisinau,PM2.5 - Principal,2022-03-27 01:00 AM,2022,03,27,01,26.7,82,Moderate,28.0,UG/M3,1 Hr,Valid
Chisinau,PM2.5 - Principal,2022-03-27 02:00 AM,2022,03,27,02,25.5,79,Moderate,24.0,UG/M3,1 Hr,Valid
Chisinau,PM2.5 - Principal,2022-03-27 03:00 AM,2022,03,27,03,26.1,80,Moderate,27.0,UG/M3,1 Hr,Valid
Chisinau,PM2.5 - Principal,2022-03-27 04:00 AM,2022,03,27,04,26.5,81,Moderate,27.0,UG/M3,1 Hr,Valid
Chisinau,PM2.5 - Principal,2022-03-27 05:00 AM,2022,03,27,05,26.3,81,Moderate,-999.0,UG/M3,1 Hr,Missing
Chisinau,PM2.5 - Principal,2022-03-27 06:00 AM,2022,03,27,06,24.2,76,Moderate,21.0,UG/M3,1 Hr,Valid
Chisinau,PM2.5 - Principal,2022-03-27 07:00 AM,2022,03,27,07,19.4,66,Moderate,16.0,UG/M3,1 Hr,Valid
Chisinau,PM2.5 - Principal,2022-03-27 08:00 AM,2022,03,27,08,22.1,72,Moderate,25.0,UG/M3,1 Hr,Valid
Chisinau,PM2.5 - Principal,2022-03-27 09:00 AM,2022,03,27,09,20.6,69,Moderate,19.0,UG/M3,1 Hr,Valid
Chisinau,PM2.5 - Principal,2022-03-27 10:00 AM,2022,03,27,10,19.9,67,Moderate,19.0,UG/M3,1 Hr,Valid
Chisinau,PM2.5 - Principal,2022-03-27 11:00 AM,2022,03,27,11,15.3,58,Moderate,11.0,UG/M3,1 Hr,Valid
Chisinau,PM2.5 - Principal,2022-03-27 12:00 PM,2022,03,27,12,16.1,59,Moderate,17.0,UG/M3,1 Hr,Valid
Chisinau,PM2.5 - Principal,2022-03-27 01:00 PM,2022,03,27,13,15.0,57,Moderate,14.0,UG/M3,1 Hr,Valid
Chisinau,PM2.5 - Principal,2022-03-27 02:00 PM,2022,03,27,14,13.0,53,Moderate,11.0,UG/M3,1 Hr,Valid
Chisinau,PM2.5 - Principal,2022-03-27 03:00 PM,2022,03,27,15,12.0,50,Good,11.0,UG/M3,1 Hr,Valid
Chisinau,PM2.5 - Principal,2022-03-27 04:00 PM,2022,03,27,16,12.0,50,Good,-999.0,UG/M3,1 Hr,Missing
Chisinau,PM2.5 - Principal,2022-03-27 05:00 PM,2022,03,27,17,12.6,52,Moderate,13.0,UG/M3,1 Hr,Valid
Chisinau,PM2.5 - Principal,2022-03-27 06:00 PM,2022,03,27,18,14.0,55,Moderate,15.0,UG/M3,1 Hr,Valid
Chisinau,PM2.5 - Principal,2022-03-27 07:00 PM,2022,03,27,19,13.4,54,Moderate,13.0,UG/M3,1 Hr,Valid
Chisinau,PM2.5 - Principal,2022-03-27 08:00 PM,2022,03,27,20,15.9,59,Moderate,19.0,UG/M3,1 Hr,Valid
Chisinau,PM2.5 - Principal,2022-03-27 09:00 PM,2022,03,27,21,16.3,60,Moderate,17.0,UG/M3,1 Hr,Valid
Chisinau,PM2.5 - Principal,2022-03-27 10:00 PM,2022,03,27,22,16.2,60,Moderate,16.0,UG/M3,1 Hr,Valid
Chisinau,PM2.5 - Principal,2022-03-27 11:00 PM,2022,03,27,23,16.9,61,Moderate,18.0,UG/M3,1 Hr,Valid
Chisinau,PM2.5 - Principal,2022-03-28 12:00 AM,2022,03,28,00,23.0,74,Moderate,29.0,UG/M3,1 Hr,Valid
Chisinau,PM2.5 - Principal,2022-03-28 01:00 AM,2022,03,28,01,23.0,74,Moderate,23.0,UG/M3,1 Hr,Valid
Chisinau,PM2.5 - Principal,2022-03-28 02:00 AM,2022,03,28,02,25.5,79,Moderate,28.0,UG/M3,1 Hr,Valid
Chisinau,PM2.5 - Principal,2022-03-28 03:00 AM,2022,03,28,03,30.7,90,Moderate,36.0,UG/M3,1 Hr,Valid
Chisinau,PM2.5 - Principal,2022-03-28 04:00 AM,2022,03,28,04,30.8,90,Moderate,31.0,UG/M3,1 Hr,Valid
Chisinau,PM2.5 - Principal,2022-03-28 05:00 AM,2022,03,28,05,28.9,86,Moderate,27.0,UG/M3,1 Hr,Valid
Chisinau,PM2.5 - Principal,2022-03-28 06:00 AM,2022,03,28,06,25.4,79,Moderate,22.0,UG/M3,1 Hr,Valid
Chisinau,PM2.5 - Principal,2022-03-28 07:00 AM,2022,03,28,07,27.7,84,Moderate,30.0,UG/M3,1 Hr,Valid
Chisinau,PM2.5 - Principal,2022-03-28 08:00 AM,2022,03,28,08,29.8,88,Moderate,32.0,UG/M3,1 Hr,Valid
Chisinau,PM2.5 - Principal,2022-03-28 09:00 AM,2022,03,28,09,31.9,93,Moderate,34.0,UG/M3,1 Hr,Valid
Chisinau,PM2.5 - Principal,2022-03-28 10:00 AM,2022,03,28,10,37.4,106,Unhealthy for Sensitive Groups,43.0,UG/M3,1 Hr,Valid
Chisinau,PM2.5 - Principal,2022-03-28 11:00 AM,2022,03,28,11,32.2,93,Moderate,27.0,UG/M3,1 Hr,Valid
Chisinau,PM2.5 - Principal,2022-03-28 12:00 PM,2022,03,28,12,19.1,66,Moderate,6.0,UG/M3,1 Hr,Valid
Chisinau,PM2.5 - Principal,2022-03-28 01:00 PM,2022,03,28,13,12.5,52,Moderate,6.0,UG/M3,1 Hr,Valid
Chisinau,PM2.5 - Principal,2022-03-28 02:00 PM,2022,03,28,14,10.2,43,Good,8.0,UG/M3,1 Hr,Valid
Chisinau,PM2.5 - Principal,2022-03-28 03:00 PM,2022,03,28,15,10.1,42,Good,10.0,UG/M3,1 Hr,Valid
Chisinau,PM2.5 - Principal,2022-03-28 04:00 PM,2022,03,28,16,12.0,50,Good,14.0,UG/M3,1 Hr,Valid
Chisinau,PM2.5 - Principal,2022-03-28 05:00 PM,2022,03,28,17,13.0,53,Moderate,14.0,UG/M3,1 Hr,Valid
Chisinau,PM2.5 - Principal,2022-03-28 06:00 PM,2022,03,28,18,13.0,53,Moderate,13.0,UG/M3,1 Hr,Valid
Chisinau,PM2.5 - Principal,2022-03-28 07:00 PM,2022,03,28,19,18.0,63,Moderate,23.0,UG/M3,1 Hr,Valid
Chisinau,PM2.5 - Principal,2022-03-28 08:00 PM,2022,03,28,20,17.5,62,Moderate,17.0,UG/M3,1 Hr,Valid
Chisinau,PM2.5 - Principal,2022-03-28 09:00 PM,2022,03,28,21,19.7,67,Moderate,22.0,UG/M3,1 Hr,Valid
Chisinau,PM2.5 - Principal,2022-03-28 10:00 PM,2022,03,28,22,18.3,64,Moderate,17.0,UG/M3,1 Hr,Valid
Chisinau,PM2.5 - Principal,2022-03-28 11:00 PM,2022,03,28,23,19.1,66,Moderate,20.0,UG/M3,1 Hr,Valid
Chisinau,PM2.5 - Principal,2022-03-29 12:00 AM,2022,03,29,00,22.5,73,Moderate,26.0,UG/M3,1 Hr,Valid
Chisinau,PM2.5 - Principal,2022-03-29 01:00 AM,2022,03,29,01,31.8,92,Moderate,41.0,UG/M3,1 Hr,Valid
Chisinau,PM2.5 - Principal,2022-03-29 02:00 AM,2022,03,29,02,30.9,91,Moderate,30.0,UG/M3,1 Hr,Valid
Chisinau,PM2.5 - Principal,2022-03-29 03:00 AM,2022,03,29,03,31.4,92,Moderate,32.0,UG/M3,1 Hr,Valid
Chisinau,PM2.5 - Principal,2022-03-29 04:00 AM,2022,03,29,04,29.2,87,Moderate,27.0,UG/M3,1 Hr,Valid
Chisinau,PM2.5 - Principal,2022-03-29 05:00 AM,2022,03,29,05,27.1,83,Moderate,25.0,UG/M3,1 Hr,Valid
Chisinau,PM2.5 - Principal,2022-03-29 06:00 AM,2022,03,29,06,27.0,82,Moderate,27.0,UG/M3,1 Hr,Valid
Chisinau,PM2.5 - Principal,2022-03-29 07:00 AM,2022,03,29,07,26.5,81,Moderate,26.0,UG/M3,1 Hr,Valid
Chisinau,PM2.5 - Principal,2022-03-29 08:00 AM,2022,03,29,08,28.7,86,Moderate,31.0,UG/M3,1 Hr,Valid
Chisinau,PM2.5 - Principal,2022-03-29 09:00 AM,2022,03,29,09,35.3,100,Moderate,42.0,UG/M3,1 Hr,Valid
Chisinau,PM2.5 - Principal,2022-03-29 10:00 AM,2022,03,29,10,44.6,123,Unhealthy for Sensitive Groups,54.0,UG/M3,1 Hr,Valid
Chisinau,PM2.5 - Principal,2022-03-29 11:00 AM,2022,03,29,11,53.8,146,Unhealthy for Sensitive Groups,63.0,UG/M3,1 Hr,Valid
Chisinau,PM2.5 - Principal,2022-03-29 12:00 PM,2022,03,29,12,59.4,153,Unhealthy,65.0,UG/M3,1 Hr,Valid
Chisinau,PM2.5 - Principal,2022-03-29 01:00 PM,2022,03,29,13,48.2,132,Unhealthy for Sensitive Groups,37.0,UG/M3,1 Hr,Valid
Chisinau,PM2.5 - Principal,2022-03-29 02:00 PM,2022,03,29,14,36.1,102,Unhealthy for Sensitive Groups,24.0,UG/M3,1 Hr,Valid
Chisinau,PM2.5 - Principal,2022-03-29 03:00 PM,2022,03,29,15,28.5,85,Moderate,21.0,UG/M3,1 Hr,Valid
Chisinau,PM2.5 - Principal,2022-03-29 04:00 PM,2022,03,29,16,23.2,74,Moderate,18.0,UG/M3,1 Hr,Valid
Chisinau,PM2.5 - Principal,2022-03-29 05:00 PM,2022,03,29,17,21.1,70,Moderate,19.0,UG/M3,1 Hr,Valid
Chisinau,PM2.5 - Principal,2022-03-29 06:00 PM,2022,03,29,18,22.0,72,Moderate,23.0,UG/M3,1 Hr,Valid
Chisinau,PM2.5 - Principal,2022-03-29 07:00 PM,2022,03,29,19,21.0,70,Moderate,20.0,UG/M3,1 Hr,Valid
Chisinau,PM2.5 - Principal,2022-03-29 08:00 PM,2022,03,29,20,22.0,72,Moderate,23.0,UG/M3,1 Hr,Valid
Chisinau,PM2.5 - Principal,2022-03-29 09:00 PM,2022,03,29,21,26.0,80,Moderate,30.0,UG/M3,1 Hr,Valid
Chisinau,PM2.5 - Principal,2022-03-29 10:00 PM,2022,03,29,22,30.5,90,Moderate,35.0,UG/M3,1 Hr,Valid
Chisinau,PM2.5 - Principal,2022-03-29 11:00 PM,2022,03,29,23,34.2,97,Moderate,38.0,UG/M3,1 Hr,Valid
Chisinau,PM2.5 - Principal,2022-03-30 12:00 AM,2022,03,30,00,39.6,111,Unhealthy for Sensitive Groups,45.0,UG/M3,1 Hr,Valid
Chisinau,PM2.5 - Principal,2022-03-30 01:00 AM,2022,03,30,01,42.8,119,Unhealthy for Sensitive Groups,46.0,UG/M3,1 Hr,Valid
Chisinau,PM2.5 - Principal,2022-03-30 02:00 AM,2022,03,30,02,45.9,127,Unhealthy for Sensitive Groups,49.0,UG/M3,1 Hr,Valid
Chisinau,PM2.5 - Principal,2022-03-30 03:00 AM,2022,03,30,03,48.4,133,Unhealthy for Sensitive Groups,51.0,UG/M3,1 Hr,Valid
Chisinau,PM2.5 - Principal,2022-03-30 04:00 AM,2022,03,30,04,49.7,136,Unhealthy for Sensitive Groups,51.0,UG/M3,1 Hr,Valid
Chisinau,PM2.5 - Principal,2022-03-30 05:00 AM,2022,03,30,05,52.8,144,Unhealthy for Sensitive Groups,56.0,UG/M3,1 Hr,Valid
Chisinau,PM2.5 - Principal,2022-03-30 06:00 AM,2022,03,30,06,55.9,151,Unhealthy,59.0,UG/M3,1 Hr,Valid
Chisinau,PM2.5 - Principal,2022-03-30 07:00 AM,2022,03,30,07,67.9,157,Unhealthy,80.0,UG/M3,1 Hr,Valid
Chisinau,PM2.5 - Principal,2022-03-30 08:00 AM,2022,03,30,08,72.4,160,Unhealthy,77.0,UG/M3,1 Hr,Valid
Chisinau,PM2.5 - Principal,2022-03-30 09:00 AM,2022,03,30,09,79.7,163,Unhealthy,87.0,UG/M3,1 Hr,Valid
Chisinau,PM2.5 - Principal,2022-03-30 10:00 AM,2022,03,30,10,83.3,165,Unhealthy,87.0,UG/M3,1 Hr,Valid
Chisinau,PM2.5 - Principal,2022-03-30 11:00 AM,2022,03,30,11,80.6,164,Unhealthy,78.0,UG/M3,1 Hr,Valid
Chisinau,PM2.5 - Principal,2022-03-30 12:00 PM,2022,03,30,12,60.8,154,Unhealthy,41.0,UG/M3,1 Hr,Valid
Chisinau,PM2.5 - Principal,2022-03-30 01:00 PM,2022,03,30,13,49.4,135,Unhealthy for Sensitive Groups,38.0,UG/M3,1 Hr,Valid
Chisinau,PM2.5 - Principal,2022-03-30 02:00 PM,2022,03,30,14,37.7,106,Unhealthy for Sensitive Groups,26.0,UG/M3,1 Hr,Valid
Chisinau,PM2.5 - Principal,2022-03-30 03:00 PM,2022,03,30,15,30.3,89,Moderate,23.0,UG/M3,1 Hr,Valid
Chisinau,PM2.5 - Principal,2022-03-30 04:00 PM,2022,03,30,16,27.1,83,Moderate,24.0,UG/M3,1 Hr,Valid
Chisinau,PM2.5 - Principal,2022-03-30 05:00 PM,2022,03,30,17,22.5,73,Moderate,18.0,UG/M3,1 Hr,Valid
Chisinau,PM2.5 - Principal,2022-03-30 06:00 PM,2022,03,30,18,24.2,76,Moderate,26.0,UG/M3,1 Hr,Valid
Chisinau,PM2.5 - Principal,2022-03-30 07:00 PM,2022,03,30,19,25.6,79,Moderate,27.0,UG/M3,1 Hr,Valid
Chisinau,PM2.5 - Principal,2022-03-30 08:00 PM,2022,03,30,20,27.8,84,Moderate,30.0,UG/M3,1 Hr,Valid
Chisinau,PM2.5 - Principal,2022-03-30 09:00 PM,2022,03,30,21,27.8,84,Moderate,28.0,UG/M3,1 Hr,Valid
Chisinau,PM2.5 - Principal,2022-03-30 10:00 PM,2022,03,30,22,32.9,95,Moderate,38.0,UG/M3,1 Hr,Valid
Chisinau,PM2.5 - Principal,2022-03-30 11:00 PM,2022,03,30,23,36.9,104,Unhealthy for Sensitive Groups,41.0,UG/M3,1 Hr,Valid
Chisinau,PM2.5 - Principal,2022-03-31 12:00 AM,2022,03,31,00,36.4,103,Unhealthy for Sensitive Groups,36.0,UG/M3,1 Hr,Valid
Chisinau,PM2.5 - Principal,2022-03-31 01:00 AM,2022,03,31,01,41.7,116,Unhealthy for Sensitive Groups,47.0,UG/M3,1 Hr,Valid
Chisinau,PM2.5 - Principal,2022-03-31 02:00 AM,2022,03,31,02,47.3,130,Unhealthy for Sensitive Groups,53.0,UG/M3,1 Hr,Valid
Chisinau,PM2.5 - Principal,2022-03-31 03:00 AM,2022,03,31,03,47.6,131,Unhealthy for Sensitive Groups,48.0,UG/M3,1 Hr,Valid
Chisinau,PM2.5 - Principal,2022-03-31 04:00 AM,2022,03,31,04,47.8,131,Unhealthy for Sensitive Groups,48.0,UG/M3,1 Hr,Valid
Chisinau,PM2.5 - Principal,2022-03-31 05:00 AM,2022,03,31,05,44.9,124,Unhealthy for Sensitive Groups,42.0,UG/M3,1 Hr,Valid
Chisinau,PM2.5 - Principal,2022-03-31 06:00 AM,2022,03,31,06,43.5,121,Unhealthy for Sensitive Groups,42.0,UG/M3,1 Hr,Valid
Chisinau,PM2.5 - Principal,2022-03-31 07:00 AM,2022,03,31,07,42.3,118,Unhealthy for Sensitive Groups,41.0,UG/M3,1 Hr,Valid
Chisinau,PM2.5 - Principal,2022-03-31 08:00 AM,2022,03,31,08,42.6,118,Unhealthy for Sensitive Groups,43.0,UG/M3,1 Hr,Valid
Chisinau,PM2.5 - Principal,2022-03-31 09:00 AM,2022,03,31,09,49.1,134,Unhealthy for Sensitive Groups,59.0,UG/M3,1 Hr,Valid
Chisinau,PM2.5 - Principal,2022-03-31 10:00 AM,2022,03,31,10,54.2,147,Unhealthy for Sensitive Groups,61.0,UG/M3,1 Hr,Valid
Chisinau,PM2.5 - Principal,2022-03-31 11:00 AM,2022,03,31,11,53.7,146,Unhealthy for Sensitive Groups,53.0,UG/M3,1 Hr,Valid
Chisinau,PM2.5 - Principal,2022-03-31 12:00 PM,2022,03,31,12,44.4,123,Unhealthy for Sensitive Groups,33.0,UG/M3,1 Hr,Valid
Chisinau,PM2.5 - Principal,2022-03-31 01:00 PM,2022,03,31,13,40.1,112,Unhealthy for Sensitive Groups,35.0,UG/M3,1 Hr,Valid
Chisinau,PM2.5 - Principal,2022-03-31 02:00 PM,2022,03,31,14,34.6,98,Moderate,30.0,UG/M3,1 Hr,Valid
Chisinau,PM2.5 - Principal,2022-03-31 03:00 PM,2022,03,31,15,32.3,93,Moderate,30.0,UG/M3,1 Hr,Valid
Chisinau,PM2.5 - Principal,2022-03-31 04:00 PM,2022,03,31,16,29.1,87,Moderate,26.0,UG/M3,1 Hr,Valid
Chisinau,PM2.5 - Principal,2022-03-31 05:00 PM,2022,03,31,17,28.0,84,Moderate,27.0,UG/M3,1 Hr,Valid
Chisinau,PM2.5 - Principal,2022-03-31 06:00 PM,2022,03,31,18,26.0,80,Moderate,24.0,UG/M3,1 Hr,Valid
Chisinau,PM2.5 - Principal,2022-03-31 07:00 PM,2022,03,31,19,26.0,80,Moderate,26.0,UG/M3,1 Hr,Valid
Chisinau,PM2.5 - Principal,2022-03-31 08:00 PM,2022,03,31,20,26.0,80,Moderate,26.0,UG/M3,1 Hr,Valid
Chisinau,PM2.5 - Principal,2022-03-31 09:00 PM,2022,03,31,21,27.4,83,Moderate,29.0,UG/M3,1 Hr,Valid
Chisinau,PM2.5 - Principal,2022-03-31 10:00 PM,2022,03,31,22,26.7,82,Moderate,26.0,UG/M3,1 Hr,Valid
Chisinau,PM2.5 - Principal,2022-03-31 11:00 PM,2022,03,31,23,27.5,83,Moderate,29.0,UG/M3,1 Hr,Valid
Chisinau,PM2.5 - Principal,2022-04-01 12:00 AM,2022,04,01,00,28.9,86,Moderate,32.0,UG/M3,1 Hr,Valid
Chisinau,PM2.5 - Principal,2022-04-01 01:00 AM,2022,04,01,01,29.8,88,Moderate,33.0,UG/M3,1 Hr,Valid
Chisinau,PM2.5 - Principal,2022-04-01 02:00 AM,2022,04,01,02,31.2,91,Moderate,34.0,UG/M3,1 Hr,Valid
Chisinau,PM2.5 - Principal,2022-04-01 03:00 AM,2022,04,01,03,30.8,90,Moderate,30.0,UG/M3,1 Hr,Valid
Chisinau,PM2.5 - Principal,2022-04-01 04:00 AM,2022,04,01,04,32.2,93,Moderate,35.0,UG/M3,1 Hr,Valid
Chisinau,PM2.5 - Principal,2022-04-01 05:00 AM,2022,04,01,05,32.2,93,Moderate,32.0,UG/M3,1 Hr,Valid
Chisinau,PM2.5 - Principal,2022-04-01 06:00 AM,2022,04,01,06,30.6,90,Moderate,27.0,UG/M3,1 Hr,Valid
Chisinau,PM2.5 - Principal,2022-04-01 07:00 AM,2022,04,01,07,32.5,94,Moderate,37.0,UG/M3,1 Hr,Valid
Chisinau,PM2.5 - Principal,2022-04-01 08:00 AM,2022,04,01,08,31.8,92,Moderate,30.0,UG/M3,1 Hr,Valid
Chisinau,PM2.5 - Principal,2022-04-01 09:00 AM,2022,04,01,09,32.1,93,Moderate,33.0,UG/M3,1 Hr,Valid
Chisinau,PM2.5 - Principal,2022-04-01 10:00 AM,2022,04,01,10,30.7,90,Moderate,27.0,UG/M3,1 Hr,Valid
Chisinau,PM2.5 - Principal,2022-04-01 11:00 AM,2022,04,01,11,30.0,89,Moderate,28.0,UG/M3,1 Hr,Valid
Chisinau,PM2.5 - Principal,2022-04-01 12:00 PM,2022,04,01,12,29.4,87,Moderate,28.0,UG/M3,1 Hr,Valid
Chisinau,PM2.5 - Principal,2022-04-01 01:00 PM,2022,04,01,13,28.2,85,Moderate,26.0,UG/M3,1 Hr,Valid
Chisinau,PM2.5 - Principal,2022-04-01 02:00 PM,2022,04,01,14,29.0,87,Moderate,31.0,UG/M3,1 Hr,Valid
Chisinau,PM2.5 - Principal,2022-04-01 03:00 PM,2022,04,01,15,24.1,76,Moderate,19.0,UG/M3,1 Hr,Valid
Chisinau,PM2.5 - Principal,2022-04-01 04:00 PM,2022,04,01,16,23.6,75,Moderate,23.0,UG/M3,1 Hr,Valid
Chisinau,PM2.5 - Principal,2022-04-01 05:00 PM,2022,04,01,17,24.2,76,Moderate,25.0,UG/M3,1 Hr,Valid
Chisinau,PM2.5 - Principal,2022-04-01 06:00 PM,2022,04,01,18,26.0,80,Moderate,28.0,UG/M3,1 Hr,Valid
Chisinau,PM2.5 - Principal,2022-04-01 07:00 PM,2022,04,01,19,35.5,101,Unhealthy for Sensitive Groups,45.0,UG/M3,1 Hr,Valid
Chisinau,PM2.5 - Principal,2022-04-01 08:00 PM,2022,04,01,20,47.2,130,Unhealthy for Sensitive Groups,59.0,UG/M3,1 Hr,Valid
Chisinau,PM2.5 - Principal,2022-04-01 09:00 PM,2022,04,01,21,54.1,147,Unhealthy for Sensitive Groups,61.0,UG/M3,1 Hr,Valid
Chisinau,PM2.5 - Principal,2022-04-01 10:00 PM,2022,04,01,22,42.0,117,Unhealthy for Sensitive Groups,30.0,UG/M3,1 Hr,Valid
Chisinau,PM2.5 - Principal,2022-04-01 11:00 PM,2022,04,01,23,36.0,102,Unhealthy for Sensitive Groups,30.0,UG/M3,1 Hr,Valid
Chisinau,PM2.5 - Principal,2022-04-02 12:00 AM,2022,04,02,00,33.0,95,Moderate,30.0,UG/M3,1 Hr,Valid
Chisinau,PM2.5 - Principal,2022-04-02 01:00 AM,2022,04,02,01,30.5,90,Moderate,28.0,UG/M3,1 Hr,Valid
Chisinau,PM2.5 - Principal,2022-04-02 02:00 AM,2022,04,02,02,27.2,83,Moderate,24.0,UG/M3,1 Hr,Valid
Chisinau,PM2.5 - Principal,2022-04-02 03:00 AM,2022,04,02,03,25.6,79,Moderate,24.0,UG/M3,1 Hr,Valid
Chisinau,PM2.5 - Principal,2022-04-02 04:00 AM,2022,04,02,04,21.3,70,Moderate,17.0,UG/M3,1 Hr,Valid
Chisinau,PM2.5 - Principal,2022-04-02 05:00 AM,2022,04,02,05,16.6,60,Moderate,12.0,UG/M3,1 Hr,Valid
Chisinau,PM2.5 - Principal,2022-04-02 06:00 AM,2022,04,02,06,14.8,57,Moderate,13.0,UG/M3,1 Hr,Valid
Chisinau,PM2.5 - Principal,2022-04-02 07:00 AM,2022,04,02,07,13.4,54,Moderate,12.0,UG/M3,1 Hr,Valid
Chisinau,PM2.5 - Principal,2022-04-02 08:00 AM,2022,04,02,08,11.6,48,Good,10.0,UG/M3,1 Hr,Valid
Chisinau,PM2.5 - Principal,2022-04-02 09:00 AM,2022,04,02,09,12.3,51,Moderate,13.0,UG/M3,1 Hr,Valid
Chisinau,PM2.5 - Principal,2022-04-02 10:00 AM,2022,04,02,10,12.1,51,Moderate,12.0,UG/M3,1 Hr,Valid
Chisinau,PM2.5 - Principal,2022-04-02 11:00 AM,2022,04,02,11,14.5,56,Moderate,17.0,UG/M3,1 Hr,Valid
Chisinau,PM2.5 - Principal,2022-04-02 12:00 PM,2022,04,02,12,15.7,59,Moderate,17.0,UG/M3,1 Hr,Valid
Chisinau,PM2.5 - Principal,2022-04-02 01:00 PM,2022,04,02,13,15.3,58,Moderate,15.0,UG/M3,1 Hr,Valid
Chisinau,PM2.5 - Principal,2022-04-02 02:00 PM,2022,04,02,14,14.1,55,Moderate,13.0,UG/M3,1 Hr,Valid
Chisinau,PM2.5 - Principal,2022-04-02 03:00 PM,2022,04,02,15,12.9,53,Moderate,11.0,UG/M3,1 Hr,Valid
Chisinau,PM2.5 - Principal,2022-04-02 04:00 PM,2022,04,02,16,14.6,56,Moderate,17.0,UG/M3,1 Hr,Valid
Chisinau,PM2.5 - Principal,2022-04-02 05:00 PM,2022,04,02,17,14.7,56,Moderate,15.0,UG/M3,1 Hr,Valid
Chisinau,PM2.5 - Principal,2022-04-02 06:00 PM,2022,04,02,18,14.8,57,Moderate,15.0,UG/M3,1 Hr,Valid
Chisinau,PM2.5 - Principal,2022-04-02 07:00 PM,2022,04,02,19,16.2,60,Moderate,18.0,UG/M3,1 Hr,Valid
Chisinau,PM2.5 - Principal,2022-04-02 08:00 PM,2022,04,02,20,18.5,64,Moderate,21.0,UG/M3,1 Hr,Valid
Chisinau,PM2.5 - Principal,2022-04-02 09:00 PM,2022,04,02,21,18.7,65,Moderate,19.0,UG/M3,1 Hr,Valid
Chisinau,PM2.5 - Principal,2022-04-02 10:00 PM,2022,04,02,22,20.4,68,Moderate,22.0,UG/M3,1 Hr,Valid
Chisinau,PM2.5 - Principal,2022-04-02 11:00 PM,2022,04,02,23,18.2,64,Moderate,16.0,UG/M3,1 Hr,Valid
Chisinau,PM2.5 - Principal,2022-04-03 12:00 AM,2022,04,03,00,19.6,67,Moderate,21.0,UG/M3,1 Hr,Valid
Chisinau,PM2.5 - Principal,2022-04-03 01:00 AM,2022,04,03,01,18.8,65,Moderate,18.0,UG/M3,1 Hr,Valid
Chisinau,PM2.5 - Principal,2022-04-03 02:00 AM,2022,04,03,02,14.9,57,Moderate,11.0,UG/M3,1 Hr,Valid
Chisinau,PM2.5 - Principal,2022-04-03 03:00 AM,2022,04,03,03,14.9,57,Moderate,15.0,UG/M3,1 Hr,Valid
Chisinau,PM2.5 - Principal,2022-04-03 04:00 AM,2022,04,03,04,14.4,56,Moderate,14.0,UG/M3,1 Hr,Valid
Chisinau,PM2.5 - Principal,2022-04-03 05:00 AM,2022,04,03,05,16.2,60,Moderate,18.0,UG/M3,1 Hr,Valid
Chisinau,PM2.5 - Principal,2022-04-03 06:00 AM,2022,04,03,06,14.1,55,Moderate,12.0,UG/M3,1 Hr,Valid
Chisinau,PM2.5 - Principal,2022-04-03 07:00 AM,2022,04,03,07,15.0,57,Moderate,16.0,UG/M3,1 Hr,Valid
Chisinau,PM2.5 - Principal,2022-04-03 08:00 AM,2022,04,03,08,15.5,58,Moderate,16.0,UG/M3,1 Hr,Valid
Chisinau,PM2.5 - Principal,2022-04-03 09:00 AM,2022,04,03,09,16.2,60,Moderate,17.0,UG/M3,1 Hr,Valid
Chisinau,PM2.5 - Principal,2022-04-03 10:00 AM,2022,04,03,10,17.5,62,Moderate,19.0,UG/M3,1 Hr,Valid
Chisinau,PM2.5 - Principal,2022-04-03 11:00 AM,2022,04,03,11,17.7,63,Moderate,18.0,UG/M3,1 Hr,Valid
Chisinau,PM2.5 - Principal,2022-04-03 12:00 PM,2022,04,03,12,16.5,60,Moderate,15.0,UG/M3,1 Hr,Valid
Chisinau,PM2.5 - Principal,2022-04-03 01:00 PM,2022,04,03,13,14.6,56,Moderate,12.0,UG/M3,1 Hr,Valid
Chisinau,PM2.5 - Principal,2022-04-03 02:00 PM,2022,04,03,14,14.1,55,Moderate,13.0,UG/M3,1 Hr,Valid
Chisinau,PM2.5 - Principal,2022-04-03 03:00 PM,2022,04,03,15,15.2,58,Moderate,17.0,UG/M3,1 Hr,Valid
Chisinau,PM2.5 - Principal,2022-04-03 04:00 PM,2022,04,03,16,14.7,56,Moderate,14.0,UG/M3,1 Hr,Valid
Chisinau,PM2.5 - Principal,2022-04-03 05:00 PM,2022,04,03,17,14.4,56,Moderate,14.0,UG/M3,1 Hr,Valid
Chisinau,PM2.5 - Principal,2022-04-03 06:00 PM,2022,04,03,18,14.6,56,Moderate,15.0,UG/M3,1 Hr,Valid
Chisinau,PM2.5 - Principal,2022-04-03 07:00 PM,2022,04,03,19,14.4,56,Moderate,14.0,UG/M3,1 Hr,Valid
Chisinau,PM2.5 - Principal,2022-04-03 08:00 PM,2022,04,03,20,13.8,55,Moderate,13.0,UG/M3,1 Hr,Valid
Chisinau,PM2.5 - Principal,2022-04-03 09:00 PM,2022,04,03,21,14.6,56,Moderate,16.0,UG/M3,1 Hr,Valid
Chisinau,PM2.5 - Principal,2022-04-03 10:00 PM,2022,04,03,22,13.2,53,Moderate,11.0,UG/M3,1 Hr,Valid
Chisinau,PM2.5 - Principal,2022-04-03 11:00 PM,2022,04,03,23,12.5,52,Moderate,11.0,UG/M3,1 Hr,Valid
Chisinau,PM2.5 - Principal,2022-04-04 12:00 AM,2022,04,04,00,12.3,51,Moderate,12.0,UG/M3,1 Hr,Valid
Chisinau,PM2.5 - Principal,2022-04-04 01:00 AM,2022,04,04,01,12.9,53,Moderate,14.0,UG/M3,1 Hr,Valid
Chisinau,PM2.5 - Principal,2022-04-04 02:00 AM,2022,04,04,02,12.9,53,Moderate,13.0,UG/M3,1 Hr,Valid
Chisinau,PM2.5 - Principal,2022-04-04 03:00 AM,2022,04,04,03,13.9,55,Moderate,16.0,UG/M3,1 Hr,Valid
Chisinau,PM2.5 - Principal,2022-04-04 04:00 AM,2022,04,04,04,15.0,57,Moderate,17.0,UG/M3,1 Hr,Valid
Chisinau,PM2.5 - Principal,2022-04-04 05:00 AM,2022,04,04,05,18.1,64,Moderate,21.0,UG/M3,1 Hr,Valid
Chisinau,PM2.5 - Principal,2022-04-04 06:00 AM,2022,04,04,06,17.1,62,Moderate,16.0,UG/M3,1 Hr,Valid
Chisinau,PM2.5 - Principal,2022-04-04 07:00 AM,2022,04,04,07,17.5,62,Moderate,18.0,UG/M3,1 Hr,Valid
Chisinau,PM2.5 - Principal,2022-04-04 08:00 AM,2022,04,04,08,18.2,64,Moderate,19.0,UG/M3,1 Hr,Valid
Chisinau,PM2.5 - Principal,2022-04-04 09:00 AM,2022,04,04,09,19.5,67,Moderate,21.0,UG/M3,1 Hr,Valid
Chisinau,PM2.5 - Principal,2022-04-04 10:00 AM,2022,04,04,10,19.7,67,Moderate,20.0,UG/M3,1 Hr,Valid
Chisinau,PM2.5 - Principal,2022-04-04 11:00 AM,2022,04,04,11,18.0,63,Moderate,16.0,UG/M3,1 Hr,Valid
Chisinau,PM2.5 - Principal,2022-04-04 12:00 PM,2022,04,04,12,17.7,63,Moderate,17.0,UG/M3,1 Hr,Valid
Chisinau,PM2.5 - Principal,2022-04-04 01:00 PM,2022,04,04,13,13.2,53,Moderate,9.0,UG/M3,1 Hr,Valid
Chisinau,PM2.5 - Principal,2022-04-04 02:00 PM,2022,04,04,14,14.1,55,Moderate,15.0,UG/M3,1 Hr,Valid
Chisinau,PM2.5 - Principal,2022-04-04 03:00 PM,2022,04,04,15,17.0,61,Moderate,20.0,UG/M3,1 Hr,Valid
Chisinau,PM2.5 - Principal,2022-04-04 04:00 PM,2022,04,04,16,18.0,63,Moderate,19.0,UG/M3,1 Hr,Valid
Chisinau,PM2.5 - Principal,2022-04-04 05:00 PM,2022,04,04,17,17.5,62,Moderate,17.0,UG/M3,1 Hr,Valid
Chisinau,PM2.5 - Principal,2022-04-04 06:00 PM,2022,04,04,18,19.7,67,Moderate,22.0,UG/M3,1 Hr,Valid
Chisinau,PM2.5 - Principal,2022-04-04 07:00 PM,2022,04,04,19,17.3,62,Moderate,15.0,UG/M3,1 Hr,Valid
Chisinau,PM2.5 - Principal,2022-04-04 08:00 PM,2022,04,04,20,18.6,65,Moderate,20.0,UG/M3,1 Hr,Valid
Chisinau,PM2.5 - Principal,2022-04-04 09:00 PM,2022,04,04,21,21.3,70,Moderate,24.0,UG/M3,1 Hr,Valid
Chisinau,PM2.5 - Principal,2022-04-04 10:00 PM,2022,04,04,22,25.1,78,Moderate,29.0,UG/M3,1 Hr,Valid
Chisinau,PM2.5 - Principal,2022-04-04 11:00 PM,2022,04,04,23,26.5,81,Moderate,28.0,UG/M3,1 Hr,Valid
Chisinau,PM2.5 - Principal,2022-04-05 12:00 AM,2022,04,05,00,30.7,90,Moderate,35.0,UG/M3,1 Hr,Valid
Chisinau,PM2.5 - Principal,2022-04-05 01:00 AM,2022,04,05,01,29.4,87,Moderate,28.0,UG/M3,1 Hr,Valid
Chisinau,PM2.5 - Principal,2022-04-05 02:00 AM,2022,04,05,02,26.2,81,Moderate,23.0,UG/M3,1 Hr,Valid
Chisinau,PM2.5 - Principal,2022-04-05 03:00 AM,2022,04,05,03,25.6,79,Moderate,25.0,UG/M3,1 Hr,Valid
Chisinau,PM2.5 - Principal,2022-04-05 04:00 AM,2022,04,05,04,23.8,76,Moderate,22.0,UG/M3,1 Hr,Valid
Chisinau,PM2.5 - Principal,2022-04-05 05:00 AM,2022,04,05,05,24.4,77,Moderate,25.0,UG/M3,1 Hr,Valid
Chisinau,PM2.5 - Principal,2022-04-05 06:00 AM,2022,04,05,06,27.7,84,Moderate,31.0,UG/M3,1 Hr,Valid
Chisinau,PM2.5 - Principal,2022-04-05 07:00 AM,2022,04,05,07,26.7,82,Moderate,26.0,UG/M3,1 Hr,Valid
Chisinau,PM2.5 - Principal,2022-04-05 08:00 AM,2022,04,05,08,26.8,82,Moderate,27.0,UG/M3,1 Hr,Valid
Chisinau,PM2.5 - Principal,2022-04-05 09:00 AM,2022,04,05,09,26.8,82,Moderate,27.0,UG/M3,1 Hr,Valid
Chisinau,PM2.5 - Principal,2022-04-05 10:00 AM,2022,04,05,10,27.2,83,Moderate,28.0,UG/M3,1 Hr,Valid
Chisinau,PM2.5 - Principal,2022-04-05 11:00 AM,2022,04,05,11,22.2,72,Moderate,17.0,UG/M3,1 Hr,Valid
Chisinau,PM2.5 - Principal,2022-04-05 12:00 PM,2022,04,05,12,20.1,68,Moderate,17.0,UG/M3,1 Hr,Valid
Chisinau,PM2.5 - Principal,2022-04-05 01:00 PM,2022,04,05,13,16.8,61,Moderate,14.0,UG/M3,1 Hr,Valid
Chisinau,PM2.5 - Principal,2022-04-05 02:00 PM,2022,04,05,14,12.9,53,Moderate,9.0,UG/M3,1 Hr,Valid
Chisinau,PM2.5 - Principal,2022-04-05 03:00 PM,2022,04,05,15,14.4,56,Moderate,16.0,UG/M3,1 Hr,Valid
Chisinau,PM2.5 - Principal,2022-04-05 04:00 PM,2022,04,05,16,15.2,58,Moderate,16.0,UG/M3,1 Hr,Valid
Chisinau,PM2.5 - Principal,2022-04-05 05:00 PM,2022,04,05,17,14.1,55,Moderate,13.0,UG/M3,1 Hr,Valid
Chisinau,PM2.5 - Principal,2022-04-05 06:00 PM,2022,04,05,18,14.0,55,Moderate,14.0,UG/M3,1 Hr,Valid
Chisinau,PM2.5 - Principal,2022-04-05 07:00 PM,2022,04,05,19,14.0,55,Moderate,14.0,UG/M3,1 Hr,Valid
Chisinau,PM2.5 - Principal,2022-04-05 08:00 PM,2022,04,05,20,15.5,58,Moderate,17.0,UG/M3,1 Hr,Valid
Chisinau,PM2.5 - Principal,2022-04-05 09:00 PM,2022,04,05,21,17.7,63,Moderate,20.0,UG/M3,1 Hr,Valid
Chisinau,PM2.5 - Principal,2022-04-05 10:00 PM,2022,04,05,22,20.8,69,Moderate,24.0,UG/M3,1 Hr,Valid
Chisinau,PM2.5 - Principal,2022-04-05 11:00 PM,2022,04,05,23,22.4,73,Moderate,24.0,UG/M3,1 Hr,Valid
Chisinau,PM2.5 - Principal,2022-04-06 12:00 AM,2022,04,06,00,22.2,72,Moderate,22.0,UG/M3,1 Hr,Valid
Chisinau,PM2.5 - Principal,2022-04-06 01:00 AM,2022,04,06,01,24.1,76,Moderate,26.0,UG/M3,1 Hr,Valid
Chisinau,PM2.5 - Principal,2022-04-06 02:00 AM,2022,04,06,02,27.5,83,Moderate,31.0,UG/M3,1 Hr,Valid
Chisinau,PM2.5 - Principal,2022-04-06 03:00 AM,2022,04,06,03,29.2,87,Moderate,31.0,UG/M3,1 Hr,Valid
Chisinau,PM2.5 - Principal,2022-04-06 04:00 AM,2022,04,06,04,26.6,81,Moderate,24.0,UG/M3,1 Hr,Valid
Chisinau,PM2.5 - Principal,2022-04-06 05:00 AM,2022,04,06,05,24.3,77,Moderate,22.0,UG/M3,1 Hr,Valid
Chisinau,PM2.5 - Principal,2022-04-06 06:00 AM,2022,04,06,06,24.1,76,Moderate,24.0,UG/M3,1 Hr,Valid
Chisinau,PM2.5 - Principal,2022-04-06 07:00 AM,2022,04,06,07,26.8,82,Moderate,30.0,UG/M3,1 Hr,Valid
Chisinau,PM2.5 - Principal,2022-04-06 08:00 AM,2022,04,06,08,28.6,86,Moderate,32.0,UG/M3,1 Hr,Valid
Chisinau,PM2.5 - Principal,2022-04-06 09:00 AM,2022,04,06,09,32.7,94,Moderate,38.0,UG/M3,1 Hr,Valid
Chisinau,PM2.5 - Principal,2022-04-06 10:00 AM,2022,04,06,10,37.5,106,Unhealthy for Sensitive Groups,42.0,UG/M3,1 Hr,Valid
Chisinau,PM2.5 - Principal,2022-04-06 11:00 AM,2022,04,06,11,26.9,82,Moderate,16.0,UG/M3,1 Hr,Valid
Chisinau,PM2.5 - Principal,2022-04-06 12:00 PM,2022,04,06,12,20.9,70,Moderate,15.0,UG/M3,1 Hr,Valid
Chisinau,PM2.5 - Principal,2022-04-06 01:00 PM,2022,04,06,13,16.9,61,Moderate,13.0,UG/M3,1 Hr,Valid
Chisinau,PM2.5 - Principal,2022-04-06 02:00 PM,2022,04,06,14,14.4,56,Moderate,12.0,UG/M3,1 Hr,Valid
Chisinau,PM2.5 - Principal,2022-04-06 03:00 PM,2022,04,06,15,12.7,52,Moderate,11.0,UG/M3,1 Hr,Valid
Chisinau,PM2.5 - Principal,2022-04-06 04:00 PM,2022,04,06,16,12.3,51,Moderate,12.0,UG/M3,1 Hr,Valid
Chisinau,PM2.5 - Principal,2022-04-06 05:00 PM,2022,04,06,17,13.1,53,Moderate,14.0,UG/M3,1 Hr,Valid
Chisinau,PM2.5 - Principal,2022-04-06 06:00 PM,2022,04,06,18,11.5,48,Good,10.0,UG/M3,1 Hr,Valid
Chisinau,PM2.5 - Principal,2022-04-06 07:00 PM,2022,04,06,19,10.2,43,Good,9.0,UG/M3,1 Hr,Valid
Chisinau,PM2.5 - Principal,2022-04-06 08:00 PM,2022,04,06,20,12.6,52,Moderate,15.0,UG/M3,1 Hr,Valid
Chisinau,PM2.5 - Principal,2022-04-06 09:00 PM,2022,04,06,21,12.3,51,Moderate,12.0,UG/M3,1 Hr,Valid
Chisinau,PM2.5 - Principal,2022-04-06 10:00 PM,2022,04,06,22,15.6,58,Moderate,19.0,UG/M3,1 Hr,Valid
Chisinau,PM2.5 - Principal,2022-04-06 11:00 PM,2022,04,06,23,17.3,62,Moderate,19.0,UG/M3,1 Hr,Valid
Chisinau,PM2.5 - Principal,2022-04-07 12:00 AM,2022,04,07,00,22.1,72,Moderate,27.0,UG/M3,1 Hr,Valid
Chisinau,PM2.5 - Principal,2022-04-07 01:00 AM,2022,04,07,01,24.0,76,Moderate,26.0,UG/M3,1 Hr,Valid
Chisinau,PM2.5 - Principal,2022-04-07 02:00 AM,2022,04,07,02,27.5,83,Moderate,31.0,UG/M3,1 Hr,Valid
Chisinau,PM2.5 - Principal,2022-04-07 03:00 AM,2022,04,07,03,31.7,92,Moderate,36.0,UG/M3,1 Hr,Valid
Chisinau,PM2.5 - Principal,2022-04-07 04:00 AM,2022,04,07,04,33.8,97,Moderate,36.0,UG/M3,1 Hr,Valid
Chisinau,PM2.5 - Principal,2022-04-07 05:00 AM,2022,04,07,05,31.4,92,Moderate,29.0,UG/M3,1 Hr,Valid
Chisinau,PM2.5 - Principal,2022-04-07 06:00 AM,2022,04,07,06,26.7,82,Moderate,22.0,UG/M3,1 Hr,Valid
Chisinau,PM2.5 - Principal,2022-04-07 07:00 AM,2022,04,07,07,24.8,78,Moderate,23.0,UG/M3,1 Hr,Valid
Chisinau,PM2.5 - Principal,2022-04-07 08:00 AM,2022,04,07,08,25.4,79,Moderate,26.0,UG/M3,1 Hr,Valid
Chisinau,PM2.5 - Principal,2022-04-07 09:00 AM,2022,04,07,09,28.5,85,Moderate,32.0,UG/M3,1 Hr,Valid
Chisinau,PM2.5 - Principal,2022-04-07 10:00 AM,2022,04,07,10,28.7,86,Moderate,29.0,UG/M3,1 Hr,Valid
Chisinau,PM2.5 - Principal,2022-04-07 11:00 AM,2022,04,07,11,24.8,78,Moderate,20.0,UG/M3,1 Hr,Valid
Chisinau,PM2.5 - Principal,2022-04-07 12:00 PM,2022,04,07,12,18.7,65,Moderate,13.0,UG/M3,1 Hr,Valid
Chisinau,PM2.5 - Principal,2022-04-07 01:00 PM,2022,04,07,13,18.8,65,Moderate,19.0,UG/M3,1 Hr,Valid
Chisinau,PM2.5 - Principal,2022-04-07 02:00 PM,2022,04,07,14,14.9,57,Moderate,11.0,UG/M3,1 Hr,Valid
Chisinau,PM2.5 - Principal,2022-04-07 03:00 PM,2022,04,07,15,13.9,55,Moderate,13.0,UG/M3,1 Hr,Valid
Chisinau,PM2.5 - Principal,2022-04-07 04:00 PM,2022,04,07,16,13.4,54,Moderate,13.0,UG/M3,1 Hr,Valid
Chisinau,PM2.5 - Principal,2022-04-07 05:00 PM,2022,04,07,17,15.7,59,Moderate,18.0,UG/M3,1 Hr,Valid
Chisinau,PM2.5 - Principal,2022-04-07 06:00 PM,2022,04,07,18,16.3,60,Moderate,17.0,UG/M3,1 Hr,Valid
Chisinau,PM2.5 - Principal,2022-04-07 07:00 PM,2022,04,07,19,17.1,62,Moderate,18.0,UG/M3,1 Hr,Valid
Chisinau,PM2.5 - Principal,2022-04-07 08:00 PM,2022,04,07,20,18.0,63,Moderate,19.0,UG/M3,1 Hr,Valid
Chisinau,PM2.5 - Principal,2022-04-07 09:00 PM,2022,04,07,21,17.5,62,Moderate,17.0,UG/M3,1 Hr,Valid
Chisinau,PM2.5 - Principal,2022-04-07 10:00 PM,2022,04,07,22,18.1,64,Moderate,19.0,UG/M3,1 Hr,Valid
Chisinau,PM2.5 - Principal,2022-04-07 11:00 PM,2022,04,07,23,16.7,61,Moderate,15.0,UG/M3,1 Hr,Valid
Chisinau,PM2.5 - Principal,2022-04-08 12:00 AM,2022,04,08,00,16.4,60,Moderate,16.0,UG/M3,1 Hr,Valid
Chisinau,PM2.5 - Principal,2022-04-08 01:00 AM,2022,04,08,01,16.6,60,Moderate,17.0,UG/M3,1 Hr,Valid
Chisinau,PM2.5 - Principal,2022-04-08 02:00 AM,2022,04,08,02,16.8,61,Moderate,17.0,UG/M3,1 Hr,Valid
Chisinau,PM2.5 - Principal,2022-04-08 03:00 AM,2022,04,08,03,16.9,61,Moderate,17.0,UG/M3,1 Hr,Valid
Chisinau,PM2.5 - Principal,2022-04-08 04:00 AM,2022,04,08,04,16.9,61,Moderate,17.0,UG/M3,1 Hr,Valid
Chisinau,PM2.5 - Principal,2022-04-08 05:00 AM,2022,04,08,05,17.4,62,Moderate,19.0,UG/M3,1 Hr,Valid
Chisinau,PM2.5 - Principal,2022-04-08 06:00 AM,2022,04,08,06,17.1,62,Moderate,16.0,UG/M3,1 Hr,Valid
Chisinau,PM2.5 - Principal,2022-04-08 07:00 AM,2022,04,08,07,16.8,61,Moderate,16.0,UG/M3,1 Hr,Valid
Chisinau,PM2.5 - Principal,2022-04-08 08:00 AM,2022,04,08,08,17.3,62,Moderate,19.0,UG/M3,1 Hr,Valid
Chisinau,PM2.5 - Principal,2022-04-08 09:00 AM,2022,04,08,09,17.2,62,Moderate,17.0,UG/M3,1 Hr,Valid
Chisinau,PM2.5 - Principal,2022-04-08 10:00 AM,2022,04,08,10,19.8,67,Moderate,24.0,UG/M3,1 Hr,Valid
Chisinau,PM2.5 - Principal,2022-04-08 11:00 AM,2022,04,08,11,20.0,68,Moderate,21.0,UG/M3,1 Hr,Valid
Chisinau,PM2.5 - Principal,2022-04-08 12:00 PM,2022,04,08,12,18.7,65,Moderate,16.0,UG/M3,1 Hr,Valid
Chisinau,PM2.5 - Principal,2022-04-08 01:00 PM,2022,04,08,13,19.8,67,Moderate,22.0,UG/M3,1 Hr,Valid
Chisinau,PM2.5 - Principal,2022-04-08 02:00 PM,2022,04,08,14,17.5,62,Moderate,14.0,UG/M3,1 Hr,Valid
Chisinau,PM2.5 - Principal,2022-04-08 03:00 PM,2022,04,08,15,19.3,66,Moderate,22.0,UG/M3,1 Hr,Valid
Chisinau,PM2.5 - Principal,2022-04-08 04:00 PM,2022,04,08,16,17.5,62,Moderate,15.0,UG/M3,1 Hr,Valid
Chisinau,PM2.5 - Principal,2022-04-08 05:00 PM,2022,04,08,17,18.1,64,Moderate,19.0,UG/M3,1 Hr,Valid
Chisinau,PM2.5 - Principal,2022-04-08 06:00 PM,2022,04,08,18,15.7,59,Moderate,13.0,UG/M3,1 Hr,Valid
Chisinau,PM2.5 - Principal,2022-04-08 07:00 PM,2022,04,08,19,12.7,52,Moderate,10.0,UG/M3,1 Hr,Valid
Chisinau,PM2.5 - Principal,2022-04-08 08:00 PM,2022,04,08,20,12.3,51,Moderate,12.0,UG/M3,1 Hr,Valid
Chisinau,PM2.5 - Principal,2022-04-08 09:00 PM,2022,04,08,21,11.6,48,Good,11.0,UG/M3,1 Hr,Valid
Chisinau,PM2.5 - Principal,2022-04-08 10:00 PM,2022,04,08,22,12.3,51,Moderate,13.0,UG/M3,1 Hr,Valid
Chisinau,PM2.5 - Principal,2022-04-08 11:00 PM,2022,04,08,23,12.6,52,Moderate,13.0,UG/M3,1 Hr,Valid
Chisinau,PM2.5 - Principal,2022-04-09 12:00 AM,2022,04,09,00,15.3,58,Moderate,18.0,UG/M3,1 Hr,Valid
Chisinau,PM2.5 - Principal,2022-04-09 01:00 AM,2022,04,09,01,15.1,57,Moderate,15.0,UG/M3,1 Hr,Valid
Chisinau,PM2.5 - Principal,2022-04-09 02:00 AM,2022,04,09,02,14.5,56,Moderate,14.0,UG/M3,1 Hr,Valid
Chisinau,PM2.5 - Principal,2022-04-09 03:00 AM,2022,04,09,03,17.2,62,Moderate,20.0,UG/M3,1 Hr,Valid
Chisinau,PM2.5 - Principal,2022-04-09 04:00 AM,2022,04,09,04,17.6,63,Moderate,18.0,UG/M3,1 Hr,Valid
Chisinau,PM2.5 - Principal,2022-04-09 05:00 AM,2022,04,09,05,18.3,64,Moderate,19.0,UG/M3,1 Hr,Valid
Chisinau,PM2.5 - Principal,2022-04-09 06:00 AM,2022,04,09,06,17.1,62,Moderate,16.0,UG/M3,1 Hr,Valid
Chisinau,PM2.5 - Principal,2022-04-09 07:00 AM,2022,04,09,07,16.2,60,Moderate,15.0,UG/M3,1 Hr,Valid
Chisinau,PM2.5 - Principal,2022-04-09 08:00 AM,2022,04,09,08,17.4,62,Moderate,19.0,UG/M3,1 Hr,Valid
Chisinau,PM2.5 - Principal,2022-04-09 09:00 AM,2022,04,09,09,18.7,65,Moderate,21.0,UG/M3,1 Hr,Valid
Chisinau,PM2.5 - Principal,2022-04-09 10:00 AM,2022,04,09,10,18.4,64,Moderate,18.0,UG/M3,1 Hr,Valid
Chisinau,PM2.5 - Principal,2022-04-09 11:00 AM,2022,04,09,11,17.2,62,Moderate,15.0,UG/M3,1 Hr,Valid
Chisinau,PM2.5 - Principal,2022-04-09 12:00 PM,2022,04,09,12,16.4,60,Moderate,15.0,UG/M3,1 Hr,Valid
Chisinau,PM2.5 - Principal,2022-04-09 01:00 PM,2022,04,09,13,16.5,60,Moderate,-999.0,UG/M3,1 Hr,Missing
Chisinau,PM2.5 - Principal,2022-04-11 01:00 PM,2022,04,11,13,-999.0,-999,N/A,11.0,UG/M3,1 Hr,Valid
Chisinau,PM2.5 - Principal,2022-04-11 02:00 PM,2022,04,11,14,10.4,43,Good,10.0,UG/M3,1 Hr,Valid
Chisinau,PM2.5 - Principal,2022-04-11 03:00 PM,2022,04,11,15,12.5,52,Moderate,15.0,UG/M3,1 Hr,Valid
Chisinau,PM2.5 - Principal,2022-04-11 04:00 PM,2022,04,11,16,13.1,53,Moderate,14.0,UG/M3,1 Hr,Valid
Chisinau,PM2.5 - Principal,2022-04-11 05:00 PM,2022,04,11,17,12.3,51,Moderate,11.0,UG/M3,1 Hr,Valid
Chisinau,PM2.5 - Principal,2022-04-11 06:00 PM,2022,04,11,18,11.8,49,Good,11.0,UG/M3,1 Hr,Valid
Chisinau,PM2.5 - Principal,2022-04-11 07:00 PM,2022,04,11,19,12.6,52,Moderate,14.0,UG/M3,1 Hr,Valid
Chisinau,PM2.5 - Principal,2022-04-11 08:00 PM,2022,04,11,20,13.4,54,Moderate,15.0,UG/M3,1 Hr,Valid
Chisinau,PM2.5 - Principal,2022-04-11 09:00 PM,2022,04,11,21,14.4,56,Moderate,16.0,UG/M3,1 Hr,Valid
Chisinau,PM2.5 - Principal,2022-04-11 10:00 PM,2022,04,11,22,16.2,60,Moderate,18.0,UG/M3,1 Hr,Valid
Chisinau,PM2.5 - Principal,2022-04-11 11:00 PM,2022,04,11,23,16.1,59,Moderate,16.0,UG/M3,1 Hr,Valid
Chisinau,PM2.5 - Principal,2022-04-12 12:00 AM,2022,04,12,00,16.9,61,Moderate,18.0,UG/M3,1 Hr,Valid
Chisinau,PM2.5 - Principal,2022-04-12 01:00 AM,2022,04,12,01,17.4,62,Moderate,18.0,UG/M3,1 Hr,Valid
Chisinau,PM2.5 - Principal,2022-04-12 02:00 AM,2022,04,12,02,17.1,62,Moderate,17.0,UG/M3,1 Hr,Valid
Chisinau,PM2.5 - Principal,2022-04-12 03:00 AM,2022,04,12,03,20.6,69,Moderate,24.0,UG/M3,1 Hr,Valid
Chisinau,PM2.5 - Principal,2022-04-12 04:00 AM,2022,04,12,04,19.3,66,Moderate,18.0,UG/M3,1 Hr,Valid
Chisinau,PM2.5 - Principal,2022-04-12 05:00 AM,2022,04,12,05,18.1,64,Moderate,17.0,UG/M3,1 Hr,Valid
Chisinau,PM2.5 - Principal,2022-04-12 06:00 AM,2022,04,12,06,18.5,64,Moderate,19.0,UG/M3,1 Hr,Valid
Chisinau,PM2.5 - Principal,2022-04-12 07:00 AM,2022,04,12,07,18.3,64,Moderate,18.0,UG/M3,1 Hr,Valid
Chisinau,PM2.5 - Principal,2022-04-12 08:00 AM,2022,04,12,08,17.9,63,Moderate,17.0,UG/M3,1 Hr,Valid
Chisinau,PM2.5 - Principal,2022-04-12 09:00 AM,2022,04,12,09,17.2,62,Moderate,16.0,UG/M3,1 Hr,Valid
Chisinau,PM2.5 - Principal,2022-04-12 10:00 AM,2022,04,12,10,17.5,62,Moderate,18.0,UG/M3,1 Hr,Valid
Chisinau,PM2.5 - Principal,2022-04-12 11:00 AM,2022,04,12,11,14.2,55,Moderate,11.0,UG/M3,1 Hr,Valid
Chisinau,PM2.5 - Principal,2022-04-12 12:00 PM,2022,04,12,12,12.1,51,Moderate,10.0,UG/M3,1 Hr,Valid
Chisinau,PM2.5 - Principal,2022-04-12 01:00 PM,2022,04,12,13,11.5,48,Good,11.0,UG/M3,1 Hr,Valid
Chisinau,PM2.5 - Principal,2022-04-12 02:00 PM,2022,04,12,14,12.2,51,Moderate,13.0,UG/M3,1 Hr,Valid
Chisinau,PM2.5 - Principal,2022-04-12 03:00 PM,2022,04,12,15,11.6,48,Good,11.0,UG/M3,1 Hr,Valid
Chisinau,PM2.5 - Principal,2022-04-12 04:00 PM,2022,04,12,16,11.8,49,Good,12.0,UG/M3,1 Hr,Valid
Chisinau,PM2.5 - Principal,2022-04-12 05:00 PM,2022,04,12,17,10.9,45,Good,10.0,UG/M3,1 Hr,Valid
Chisinau,PM2.5 - Principal,2022-04-12 06:00 PM,2022,04,12,18,10.5,44,Good,10.0,UG/M3,1 Hr,Valid
Chisinau,PM2.5 - Principal,2022-04-12 07:00 PM,2022,04,12,19,11.6,48,Good,13.0,UG/M3,1 Hr,Valid
Chisinau,PM2.5 - Principal,2022-04-12 08:00 PM,2022,04,12,20,13.5,54,Moderate,16.0,UG/M3,1 Hr,Valid
Chisinau,PM2.5 - Principal,2022-04-12 09:00 PM,2022,04,12,21,13.3,54,Moderate,13.0,UG/M3,1 Hr,Valid
Chisinau,PM2.5 - Principal,2022-04-12 10:00 PM,2022,04,12,22,13.4,54,Moderate,14.0,UG/M3,1 Hr,Valid
Chisinau,PM2.5 - Principal,2022-04-12 11:00 PM,2022,04,12,23,14.4,56,Moderate,16.0,UG/M3,1 Hr,Valid
Chisinau,PM2.5 - Principal,2022-04-13 12:00 AM,2022,04,13,00,15.5,58,Moderate,17.0,UG/M3,1 Hr,Valid
Chisinau,PM2.5 - Principal,2022-04-13 01:00 AM,2022,04,13,01,17.9,63,Moderate,20.0,UG/M3,1 Hr,Valid
Chisinau,PM2.5 - Principal,2022-04-13 02:00 AM,2022,04,13,02,20.4,68,Moderate,23.0,UG/M3,1 Hr,Valid
Chisinau,PM2.5 - Principal,2022-04-13 03:00 AM,2022,04,13,03,18.7,65,Moderate,17.0,UG/M3,1 Hr,Valid
Chisinau,PM2.5 - Principal,2022-04-13 04:00 AM,2022,04,13,04,17.8,63,Moderate,17.0,UG/M3,1 Hr,Valid
Chisinau,PM2.5 - Principal,2022-04-13 05:00 AM,2022,04,13,05,16.9,61,Moderate,16.0,UG/M3,1 Hr,Valid
Chisinau,PM2.5 - Principal,2022-04-13 06:00 AM,2022,04,13,06,16.6,60,Moderate,16.0,UG/M3,1 Hr,Valid
Chisinau,PM2.5 - Principal,2022-04-13 07:00 AM,2022,04,13,07,15.4,58,Moderate,14.0,UG/M3,1 Hr,Valid
Chisinau,PM2.5 - Principal,2022-04-13 08:00 AM,2022,04,13,08,17.0,61,Moderate,19.0,UG/M3,1 Hr,Valid
Chisinau,PM2.5 - Principal,2022-04-13 09:00 AM,2022,04,13,09,17.7,63,Moderate,19.0,UG/M3,1 Hr,Valid
Chisinau,PM2.5 - Principal,2022-04-13 10:00 AM,2022,04,13,10,17.8,63,Moderate,18.0,UG/M3,1 Hr,Valid
Chisinau,PM2.5 - Principal,2022-04-13 11:00 AM,2022,04,13,11,12.5,52,Moderate,7.0,UG/M3,1 Hr,Valid
Chisinau,PM2.5 - Principal,2022-04-13 12:00 PM,2022,04,13,12,10.2,43,Good,8.0,UG/M3,1 Hr,Valid
Chisinau,PM2.5 - Principal,2022-04-13 01:00 PM,2022,04,13,13,10.6,44,Good,11.0,UG/M3,1 Hr,Valid
Chisinau,PM2.5 - Principal,2022-04-13 02:00 PM,2022,04,13,14,9.8,41,Good,9.0,UG/M3,1 Hr,Valid
Chisinau,PM2.5 - Principal,2022-04-13 03:00 PM,2022,04,13,15,9.9,41,Good,10.0,UG/M3,1 Hr,Valid
Chisinau,PM2.5 - Principal,2022-04-13 04:00 PM,2022,04,13,16,10.4,43,Good,11.0,UG/M3,1 Hr,Valid
Chisinau,PM2.5 - Principal,2022-04-13 05:00 PM,2022,04,13,17,12.2,51,Moderate,14.0,UG/M3,1 Hr,Valid
Chisinau,PM2.5 - Principal,2022-04-13 06:00 PM,2022,04,13,18,13.1,53,Moderate,14.0,UG/M3,1 Hr,Valid
Chisinau,PM2.5 - Principal,2022-04-13 07:00 PM,2022,04,13,19,12.0,50,Good,11.0,UG/M3,1 Hr,Valid
Chisinau,PM2.5 - Principal,2022-04-13 08:00 PM,2022,04,13,20,12.5,52,Moderate,13.0,UG/M3,1 Hr,Valid
Chisinau,PM2.5 - Principal,2022-04-13 09:00 PM,2022,04,13,21,13.2,53,Moderate,14.0,UG/M3,1 Hr,Valid
Chisinau,PM2.5 - Principal,2022-04-13 10:00 PM,2022,04,13,22,14.1,55,Moderate,15.0,UG/M3,1 Hr,Valid
Chisinau,PM2.5 - Principal,2022-04-13 11:00 PM,2022,04,13,23,13.0,53,Moderate,12.0,UG/M3,1 Hr,Valid
Chisinau,PM2.5 - Principal,2022-04-14 12:00 AM,2022,04,14,00,12.2,51,Moderate,11.0,UG/M3,1 Hr,Valid
Chisinau,PM2.5 - Principal,2022-04-14 01:00 AM,2022,04,14,01,11.7,49,Good,11.0,UG/M3,1 Hr,Valid
Chisinau,PM2.5 - Principal,2022-04-14 02:00 AM,2022,04,14,02,12.6,52,Moderate,14.0,UG/M3,1 Hr,Valid
Chisinau,PM2.5 - Principal,2022-04-14 03:00 AM,2022,04,14,03,12.1,51,Moderate,11.0,UG/M3,1 Hr,Valid
Chisinau,PM2.5 - Principal,2022-04-14 04:00 AM,2022,04,14,04,10.7,45,Good,9.0,UG/M3,1 Hr,Valid
Chisinau,PM2.5 - Principal,2022-04-14 05:00 AM,2022,04,14,05,10.0,42,Good,9.0,UG/M3,1 Hr,Valid
Chisinau,PM2.5 - Principal,2022-04-14 06:00 AM,2022,04,14,06,9.6,40,Good,9.0,UG/M3,1 Hr,Valid
Chisinau,PM2.5 - Principal,2022-04-14 07:00 AM,2022,04,14,07,10.9,45,Good,13.0,UG/M3,1 Hr,Valid
Chisinau,PM2.5 - Principal,2022-04-14 08:00 AM,2022,04,14,08,11.3,47,Good,12.0,UG/M3,1 Hr,Valid
Chisinau,PM2.5 - Principal,2022-04-14 09:00 AM,2022,04,14,09,12.0,50,Good,13.0,UG/M3,1 Hr,Valid
Chisinau,PM2.5 - Principal,2022-04-14 10:00 AM,2022,04,14,10,14.4,56,Moderate,17.0,UG/M3,1 Hr,Valid
Chisinau,PM2.5 - Principal,2022-04-14 11:00 AM,2022,04,14,11,13.3,54,Moderate,12.0,UG/M3,1 Hr,Valid
Chisinau,PM2.5 - Principal,2022-04-14 12:00 PM,2022,04,14,12,12.2,51,Moderate,11.0,UG/M3,1 Hr,Valid
Chisinau,PM2.5 - Principal,2022-04-14 01:00 PM,2022,04,14,13,10.7,45,Good,9.0,UG/M3,1 Hr,Valid
Chisinau,PM2.5 - Principal,2022-04-14 02:00 PM,2022,04,14,14,9.9,41,Good,9.0,UG/M3,1 Hr,Valid
Chisinau,PM2.5 - Principal,2022-04-14 03:00 PM,2022,04,14,15,11.3,47,Good,13.0,UG/M3,1 Hr,Valid
Chisinau,PM2.5 - Principal,2022-04-14 04:00 PM,2022,04,14,16,12.1,51,Moderate,13.0,UG/M3,1 Hr,Valid
Chisinau,PM2.5 - Principal,2022-04-14 05:00 PM,2022,04,14,17,13.0,53,Moderate,14.0,UG/M3,1 Hr,Valid
Chisinau,PM2.5 - Principal,2022-04-14 06:00 PM,2022,04,14,18,12.0,50,Good,11.0,UG/M3,1 Hr,Valid
Chisinau,PM2.5 - Principal,2022-04-14 07:00 PM,2022,04,14,19,12.5,52,Moderate,13.0,UG/M3,1 Hr,Valid
Chisinau,PM2.5 - Principal,2022-04-14 08:00 PM,2022,04,14,20,12.7,52,Moderate,13.0,UG/M3,1 Hr,Valid
Chisinau,PM2.5 - Principal,2022-04-14 09:00 PM,2022,04,14,21,15.3,58,Moderate,18.0,UG/M3,1 Hr,Valid
Chisinau,PM2.5 - Principal,2022-04-14 10:00 PM,2022,04,14,22,18.1,64,Moderate,21.0,UG/M3,1 Hr,Valid
Chisinau,PM2.5 - Principal,2022-04-14 11:00 PM,2022,04,14,23,30.5,90,Moderate,43.0,UG/M3,1 Hr,Valid
Chisinau,PM2.5 - Principal,2022-04-15 12:00 AM,2022,04,15,00,39.8,112,Unhealthy for Sensitive Groups,49.0,UG/M3,1 Hr,Valid
Chisinau,PM2.5 - Principal,2022-04-15 01:00 AM,2022,04,15,01,40.4,113,Unhealthy for Sensitive Groups,41.0,UG/M3,1 Hr,Valid
Chisinau,PM2.5 - Principal,2022-04-15 02:00 AM,2022,04,15,02,38.7,109,Unhealthy for Sensitive Groups,37.0,UG/M3,1 Hr,Valid
Chisinau,PM2.5 - Principal,2022-04-15 03:00 AM,2022,04,15,03,35.3,100,Moderate,32.0,UG/M3,1 Hr,Valid
Chisinau,PM2.5 - Principal,2022-04-15 04:00 AM,2022,04,15,04,37.1,105,Unhealthy for Sensitive Groups,39.0,UG/M3,1 Hr,Valid
Chisinau,PM2.5 - Principal,2022-04-15 05:00 AM,2022,04,15,05,33.0,95,Moderate,29.0,UG/M3,1 Hr,Valid
Chisinau,PM2.5 - Principal,2022-04-15 06:00 AM,2022,04,15,06,31.0,91,Moderate,29.0,UG/M3,1 Hr,Valid
Chisinau,PM2.5 - Principal,2022-04-15 07:00 AM,2022,04,15,07,29.0,87,Moderate,27.0,UG/M3,1 Hr,Valid
Chisinau,PM2.5 - Principal,2022-04-15 08:00 AM,2022,04,15,08,31.5,92,Moderate,34.0,UG/M3,1 Hr,Valid
Chisinau,PM2.5 - Principal,2022-04-15 09:00 AM,2022,04,15,09,30.7,90,Moderate,30.0,UG/M3,1 Hr,Valid
Chisinau,PM2.5 - Principal,2022-04-15 10:00 AM,2022,04,15,10,32.7,94,Moderate,35.0,UG/M3,1 Hr,Valid
Chisinau,PM2.5 - Principal,2022-04-15 11:00 AM,2022,04,15,11,33.7,96,Moderate,35.0,UG/M3,1 Hr,Valid
Chisinau,PM2.5 - Principal,2022-04-15 12:00 PM,2022,04,15,12,34.9,99,Moderate,38.0,UG/M3,1 Hr,Valid
Chisinau,PM2.5 - Principal,2022-04-15 01:00 PM,2022,04,15,13,24.9,78,Moderate,14.0,UG/M3,1 Hr,Valid
Chisinau,PM2.5 - Principal,2022-04-15 02:00 PM,2022,04,15,14,19.9,67,Moderate,15.0,UG/M3,1 Hr,Valid
Chisinau,PM2.5 - Principal,2022-04-15 03:00 PM,2022,04,15,15,16.9,61,Moderate,14.0,UG/M3,1 Hr,Valid
Chisinau,PM2.5 - Principal,2022-04-15 04:00 PM,2022,04,15,16,14.9,57,Moderate,13.0,UG/M3,1 Hr,Valid
Chisinau,PM2.5 - Principal,2022-04-15 05:00 PM,2022,04,15,17,11.9,50,Good,9.0,UG/M3,1 Hr,Valid
Chisinau,PM2.5 - Principal,2022-04-15 06:00 PM,2022,04,15,18,12.9,53,Moderate,14.0,UG/M3,1 Hr,Valid
Chisinau,PM2.5 - Principal,2022-04-15 07:00 PM,2022,04,15,19,11.9,50,Good,11.0,UG/M3,1 Hr,Valid
Chisinau,PM2.5 - Principal,2022-04-15 08:00 PM,2022,04,15,20,10.4,43,Good,9.0,UG/M3,1 Hr,Valid
Chisinau,PM2.5 - Principal,2022-04-15 09:00 PM,2022,04,15,21,13.7,54,Moderate,17.0,UG/M3,1 Hr,Valid
Chisinau,PM2.5 - Principal,2022-04-15 10:00 PM,2022,04,15,22,17.3,62,Moderate,21.0,UG/M3,1 Hr,Valid
Chisinau,PM2.5 - Principal,2022-04-15 11:00 PM,2022,04,15,23,23.1,74,Moderate,29.0,UG/M3,1 Hr,Valid
Chisinau,PM2.5 - Principal,2022-04-16 12:00 AM,2022,04,16,00,23.5,75,Moderate,24.0,UG/M3,1 Hr,Valid
Chisinau,PM2.5 - Principal,2022-04-16 01:00 AM,2022,04,16,01,24.2,76,Moderate,25.0,UG/M3,1 Hr,Valid
Chisinau,PM2.5 - Principal,2022-04-16 02:00 AM,2022,04,16,02,24.6,77,Moderate,25.0,UG/M3,1 Hr,Valid
Chisinau,PM2.5 - Principal,2022-04-16 03:00 AM,2022,04,16,03,24.3,77,Moderate,24.0,UG/M3,1 Hr,Valid
Chisinau,PM2.5 - Principal,2022-04-16 04:00 AM,2022,04,16,04,24.6,77,Moderate,25.0,UG/M3,1 Hr,Valid
Chisinau,PM2.5 - Principal,2022-04-16 05:00 AM,2022,04,16,05,23.3,75,Moderate,22.0,UG/M3,1 Hr,Valid
Chisinau,PM2.5 - Principal,2022-04-16 06:00 AM,2022,04,16,06,24.1,76,Moderate,25.0,UG/M3,1 Hr,Valid
Chisinau,PM2.5 - Principal,2022-04-16 07:00 AM,2022,04,16,07,25.5,79,Moderate,27.0,UG/M3,1 Hr,Valid
Chisinau,PM2.5 - Principal,2022-04-16 08:00 AM,2022,04,16,08,27.9,84,Moderate,31.0,UG/M3,1 Hr,Valid
Chisinau,PM2.5 - Principal,2022-04-16 09:00 AM,2022,04,16,09,26.0,80,Moderate,24.0,UG/M3,1 Hr,Valid
Chisinau,PM2.5 - Principal,2022-04-16 10:00 AM,2022,04,16,10,24.8,78,Moderate,22.0,UG/M3,1 Hr,Valid
Chisinau,PM2.5 - Principal,2022-04-16 11:00 AM,2022,04,16,11,23.9,76,Moderate,22.0,UG/M3,1 Hr,Valid
Chisinau,PM2.5 - Principal,2022-04-16 12:00 PM,2022,04,16,12,23.9,76,Moderate,-999.0,UG/M3,1 Hr,Missing
Chisinau,PM2.5 - Principal,2022-04-16 02:00 PM,2022,04,16,14,-999.0,-999,N/A,17.0,UG/M3,1 Hr,Valid
Chisinau,PM2.5 - Principal,2022-04-16 03:00 PM,2022,04,16,15,18.8,65,Moderate,19.0,UG/M3,1 Hr,Valid
Chisinau,PM2.5 - Principal,2022-04-16 04:00 PM,2022,04,16,16,16.6,60,Moderate,15.0,UG/M3,1 Hr,Valid
Chisinau,PM2.5 - Principal,2022-04-16 05:00 PM,2022,04,16,17,13.1,53,Moderate,10.0,UG/M3,1 Hr,Valid
Chisinau,PM2.5 - Principal,2022-04-16 06:00 PM,2022,04,16,18,12.0,50,Good,11.0,UG/M3,1 Hr,Valid
Chisinau,PM2.5 - Principal,2022-04-16 07:00 PM,2022,04,16,19,14.5,56,Moderate,17.0,UG/M3,1 Hr,Valid
Chisinau,PM2.5 - Principal,2022-04-16 08:00 PM,2022,04,16,20,14.7,56,Moderate,15.0,UG/M3,1 Hr,Valid
Chisinau,PM2.5 - Principal,2022-04-16 09:00 PM,2022,04,16,21,14.3,56,Moderate,14.0,UG/M3,1 Hr,Valid
Chisinau,PM2.5 - Principal,2022-04-16 10:00 PM,2022,04,16,22,16.1,59,Moderate,18.0,UG/M3,1 Hr,Valid
Chisinau,PM2.5 - Principal,2022-04-16 11:00 PM,2022,04,16,23,15.5,58,Moderate,15.0,UG/M3,1 Hr,Valid
Chisinau,PM2.5 - Principal,2022-04-17 12:00 AM,2022,04,17,00,15.3,58,Moderate,15.0,UG/M3,1 Hr,Valid
Chisinau,PM2.5 - Principal,2022-04-17 01:00 AM,2022,04,17,01,14.2,55,Moderate,13.0,UG/M3,1 Hr,Valid
Chisinau,PM2.5 - Principal,2022-04-17 02:00 AM,2022,04,17,02,14.5,56,Moderate,15.0,UG/M3,1 Hr,Valid
Chisinau,PM2.5 - Principal,2022-04-17 03:00 AM,2022,04,17,03,16.1,59,Moderate,18.0,UG/M3,1 Hr,Valid
Chisinau,PM2.5 - Principal,2022-04-17 04:00 AM,2022,04,17,04,14.7,56,Moderate,13.0,UG/M3,1 Hr,Valid
Chisinau,PM2.5 - Principal,2022-04-17 05:00 AM,2022,04,17,05,14.8,57,Moderate,15.0,UG/M3,1 Hr,Valid
Chisinau,PM2.5 - Principal,2022-04-17 06:00 AM,2022,04,17,06,14.9,57,Moderate,15.0,UG/M3,1 Hr,Valid
Chisinau,PM2.5 - Principal,2022-04-17 07:00 AM,2022,04,17,07,14.6,56,Moderate,14.0,UG/M3,1 Hr,Valid
Chisinau,PM2.5 - Principal,2022-04-17 08:00 AM,2022,04,17,08,12.5,52,Moderate,10.0,UG/M3,1 Hr,Valid
Chisinau,PM2.5 - Principal,2022-04-17 09:00 AM,2022,04,17,09,12.2,51,Moderate,12.0,UG/M3,1 Hr,Valid
Chisinau,PM2.5 - Principal,2022-04-17 10:00 AM,2022,04,17,10,11.7,49,Good,11.0,UG/M3,1 Hr,Valid
Chisinau,PM2.5 - Principal,2022-04-17 11:00 AM,2022,04,17,11,14.0,55,Moderate,17.0,UG/M3,1 Hr,Valid
Chisinau,PM2.5 - Principal,2022-04-17 12:00 PM,2022,04,17,12,14.0,55,Moderate,14.0,UG/M3,1 Hr,Valid
Chisinau,PM2.5 - Principal,2022-04-17 01:00 PM,2022,04,17,13,13.1,53,Moderate,12.0,UG/M3,1 Hr,Valid
Chisinau,PM2.5 - Principal,2022-04-17 02:00 PM,2022,04,17,14,11.0,46,Good,9.0,UG/M3,1 Hr,Valid
Chisinau,PM2.5 - Principal,2022-04-17 03:00 PM,2022,04,17,15,9.5,40,Good,8.0,UG/M3,1 Hr,Valid
Chisinau,PM2.5 - Principal,2022-04-17 04:00 PM,2022,04,17,16,11.7,49,Good,14.0,UG/M3,1 Hr,Valid
Chisinau,PM2.5 - Principal,2022-04-17 05:00 PM,2022,04,17,17,10.3,43,Good,9.0,UG/M3,1 Hr,Valid
Chisinau,PM2.5 - Principal,2022-04-17 06:00 PM,2022,04,17,18,10.1,42,Good,10.0,UG/M3,1 Hr,Valid
Chisinau,PM2.5 - Principal,2022-04-17 07:00 PM,2022,04,17,19,10.0,42,Good,10.0,UG/M3,1 Hr,Valid
Chisinau,PM2.5 - Principal,2022-04-17 08:00 PM,2022,04,17,20,9.5,40,Good,9.0,UG/M3,1 Hr,Valid
Chisinau,PM2.5 - Principal,2022-04-17 09:00 PM,2022,04,17,21,10.2,43,Good,11.0,UG/M3,1 Hr,Valid
Chisinau,PM2.5 - Principal,2022-04-17 10:00 PM,2022,04,17,22,12.1,51,Moderate,14.0,UG/M3,1 Hr,Valid
Chisinau,PM2.5 - Principal,2022-04-17 11:00 PM,2022,04,17,23,14.0,55,Moderate,16.0,UG/M3,1 Hr,Valid
Chisinau,PM2.5 - Principal,2022-04-18 12:00 AM,2022,04,18,00,14.5,56,Moderate,15.0,UG/M3,1 Hr,Valid
Chisinau,PM2.5 - Principal,2022-04-18 01:00 AM,2022,04,18,01,13.2,53,Moderate,12.0,UG/M3,1 Hr,Valid
Chisinau,PM2.5 - Principal,2022-04-18 02:00 AM,2022,04,18,02,15.1,57,Moderate,17.0,UG/M3,1 Hr,Valid
Chisinau,PM2.5 - Principal,2022-04-18 03:00 AM,2022,04,18,03,13.6,54,Moderate,12.0,UG/M3,1 Hr,Valid
Chisinau,PM2.5 - Principal,2022-04-18 04:00 AM,2022,04,18,04,12.8,52,Moderate,12.0,UG/M3,1 Hr,Valid
Chisinau,PM2.5 - Principal,2022-04-18 05:00 AM,2022,04,18,05,13.3,54,Moderate,14.0,UG/M3,1 Hr,Valid
Chisinau,PM2.5 - Principal,2022-04-18 06:00 AM,2022,04,18,06,13.6,54,Moderate,14.0,UG/M3,1 Hr,Valid
Chisinau,PM2.5 - Principal,2022-04-18 07:00 AM,2022,04,18,07,12.8,52,Moderate,12.0,UG/M3,1 Hr,Valid
Chisinau,PM2.5 - Principal,2022-04-18 08:00 AM,2022,04,18,08,13.3,54,Moderate,14.0,UG/M3,1 Hr,Valid
Chisinau,PM2.5 - Principal,2022-04-18 09:00 AM,2022,04,18,09,13.2,53,Moderate,13.0,UG/M3,1 Hr,Valid
Chisinau,PM2.5 - Principal,2022-04-18 10:00 AM,2022,04,18,10,13.2,53,Moderate,13.0,UG/M3,1 Hr,Valid
Chisinau,PM2.5 - Principal,2022-04-18 11:00 AM,2022,04,18,11,15.3,58,Moderate,19.0,UG/M3,1 Hr,Valid
Chisinau,PM2.5 - Principal,2022-04-18 12:00 PM,2022,04,18,12,13.6,54,Moderate,11.0,UG/M3,1 Hr,Valid
Chisinau,PM2.5 - Principal,2022-04-18 01:00 PM,2022,04,18,13,12.9,53,Moderate,12.0,UG/M3,1 Hr,Valid
Chisinau,PM2.5 - Principal,2022-04-18 02:00 PM,2022,04,18,14,12.9,53,Moderate,13.0,UG/M3,1 Hr,Valid
Chisinau,PM2.5 - Principal,2022-04-18 03:00 PM,2022,04,18,15,10.9,45,Good,9.0,UG/M3,1 Hr,Valid
Chisinau,PM2.5 - Principal,2022-04-18 04:00 PM,2022,04,18,16,10.4,43,Good,10.0,UG/M3,1 Hr,Valid
Chisinau,PM2.5 - Principal,2022-04-18 05:00 PM,2022,04,18,17,10.7,45,Good,11.0,UG/M3,1 Hr,Valid
Chisinau,PM2.5 - Principal,2022-04-18 06:00 PM,2022,04,18,18,11.3,47,Good,12.0,UG/M3,1 Hr,Valid
Chisinau,PM2.5 - Principal,2022-04-18 07:00 PM,2022,04,18,19,10.1,42,Good,9.0,UG/M3,1 Hr,Valid
Chisinau,PM2.5 - Principal,2022-04-18 08:00 PM,2022,04,18,20,12.0,50,Good,14.0,UG/M3,1 Hr,Valid
Chisinau,PM2.5 - Principal,2022-04-18 09:00 PM,2022,04,18,21,12.0,50,Good,12.0,UG/M3,1 Hr,Valid
Chisinau,PM2.5 - Principal,2022-04-18 10:00 PM,2022,04,18,22,15.5,58,Moderate,19.0,UG/M3,1 Hr,Valid
Chisinau,PM2.5 - Principal,2022-04-18 11:00 PM,2022,04,18,23,18.2,64,Moderate,21.0,UG/M3,1 Hr,Valid
Chisinau,PM2.5 - Principal,2022-04-19 12:00 AM,2022,04,19,00,20.1,68,Moderate,22.0,UG/M3,1 Hr,Valid
Chisinau,PM2.5 - Principal,2022-04-19 01:00 AM,2022,04,19,01,22.0,72,Moderate,24.0,UG/M3,1 Hr,Valid
Chisinau,PM2.5 - Principal,2022-04-19 02:00 AM,2022,04,19,02,24.5,77,Moderate,27.0,UG/M3,1 Hr,Valid
Chisinau,PM2.5 - Principal,2022-04-19 03:00 AM,2022,04,19,03,26.7,82,Moderate,29.0,UG/M3,1 Hr,Valid
Chisinau,PM2.5 - Principal,2022-04-19 04:00 AM,2022,04,19,04,26.8,82,Moderate,27.0,UG/M3,1 Hr,Valid
Chisinau,PM2.5 - Principal,2022-04-19 05:00 AM,2022,04,19,05,25.9,80,Moderate,25.0,UG/M3,1 Hr,Valid
Chisinau,PM2.5 - Principal,2022-04-19 06:00 AM,2022,04,19,06,25.4,79,Moderate,25.0,UG/M3,1 Hr,Valid
Chisinau,PM2.5 - Principal,2022-04-19 07:00 AM,2022,04,19,07,26.7,82,Moderate,28.0,UG/M3,1 Hr,Valid
Chisinau,PM2.5 - Principal,2022-04-19 08:00 AM,2022,04,19,08,26.3,81,Moderate,26.0,UG/M3,1 Hr,Valid
Chisinau,PM2.5 - Principal,2022-04-19 09:00 AM,2022,04,19,09,27.2,83,Moderate,29.0,UG/M3,1 Hr,Valid
Chisinau,PM2.5 - Principal,2022-04-19 10:00 AM,2022,04,19,10,25.5,79,Moderate,22.0,UG/M3,1 Hr,Valid
Chisinau,PM2.5 - Principal,2022-04-19 11:00 AM,2022,04,19,11,23.2,74,Moderate,19.0,UG/M3,1 Hr,Valid
Chisinau,PM2.5 - Principal,2022-04-19 12:00 PM,2022,04,19,12,16.4,60,Moderate,11.0,UG/M3,1 Hr,Valid
Chisinau,PM2.5 - Principal,2022-04-19 01:00 PM,2022,04,19,13,13.2,53,Moderate,10.0,UG/M3,1 Hr,Valid
Chisinau,PM2.5 - Principal,2022-04-19 02:00 PM,2022,04,19,14,11.1,46,Good,9.0,UG/M3,1 Hr,Valid
Chisinau,PM2.5 - Principal,2022-04-19 03:00 PM,2022,04,19,15,11.0,46,Good,11.0,UG/M3,1 Hr,Valid
Chisinau,PM2.5 - Principal,2022-04-19 04:00 PM,2022,04,19,16,12.0,50,Good,13.0,UG/M3,1 Hr,Valid
Chisinau,PM2.5 - Principal,2022-04-19 05:00 PM,2022,04,19,17,14.0,55,Moderate,16.0,UG/M3,1 Hr,Valid
Chisinau,PM2.5 - Principal,2022-04-19 06:00 PM,2022,04,19,18,14.5,56,Moderate,15.0,UG/M3,1 Hr,Valid
Chisinau,PM2.5 - Principal,2022-04-19 07:00 PM,2022,04,19,19,14.7,56,Moderate,15.0,UG/M3,1 Hr,Valid
Chisinau,PM2.5 - Principal,2022-04-19 08:00 PM,2022,04,19,20,15.8,59,Moderate,17.0,UG/M3,1 Hr,Valid
Chisinau,PM2.5 - Principal,2022-04-19 09:00 PM,2022,04,19,21,16.4,60,Moderate,17.0,UG/M3,1 Hr,Valid
Chisinau,PM2.5 - Principal,2022-04-19 10:00 PM,2022,04,19,22,23.7,75,Moderate,31.0,UG/M3,1 Hr,Valid
Chisinau,PM2.5 - Principal,2022-04-19 11:00 PM,2022,04,19,23,27.8,84,Moderate,32.0,UG/M3,1 Hr,Valid
Chisinau,PM2.5 - Principal,2022-04-20 12:00 AM,2022,04,20,00,28.9,86,Moderate,30.0,UG/M3,1 Hr,Valid
Chisinau,PM2.5 - Principal,2022-04-20 01:00 AM,2022,04,20,01,32.4,94,Moderate,36.0,UG/M3,1 Hr,Valid
Chisinau,PM2.5 - Principal,2022-04-20 02:00 AM,2022,04,20,02,31.7,92,Moderate,31.0,UG/M3,1 Hr,Valid
Chisinau,PM2.5 - Principal,2022-04-20 03:00 AM,2022,04,20,03,32.8,95,Moderate,34.0,UG/M3,1 Hr,Valid
Chisinau,PM2.5 - Principal,2022-04-20 04:00 AM,2022,04,20,04,32.9,95,Moderate,33.0,UG/M3,1 Hr,Valid
Chisinau,PM2.5 - Principal,2022-04-20 05:00 AM,2022,04,20,05,32.4,94,Moderate,32.0,UG/M3,1 Hr,Valid
Chisinau,PM2.5 - Principal,2022-04-20 06:00 AM,2022,04,20,06,29.7,88,Moderate,27.0,UG/M3,1 Hr,Valid
Chisinau,PM2.5 - Principal,2022-04-20 07:00 AM,2022,04,20,07,28.3,85,Moderate,27.0,UG/M3,1 Hr,Valid
Chisinau,PM2.5 - Principal,2022-04-20 08:00 AM,2022,04,20,08,28.1,85,Moderate,28.0,UG/M3,1 Hr,Valid
Chisinau,PM2.5 - Principal,2022-04-20 09:00 AM,2022,04,20,09,23.0,74,Moderate,18.0,UG/M3,1 Hr,Valid
Chisinau,PM2.5 - Principal,2022-04-20 10:00 AM,2022,04,20,10,22.5,73,Moderate,22.0,UG/M3,1 Hr,Valid
Chisinau,PM2.5 - Principal,2022-04-20 11:00 AM,2022,04,20,11,17.7,63,Moderate,13.0,UG/M3,1 Hr,Valid
Chisinau,PM2.5 - Principal,2022-04-20 12:00 PM,2022,04,20,12,17.8,63,Moderate,18.0,UG/M3,1 Hr,Valid
Chisinau,PM2.5 - Principal,2022-04-20 01:00 PM,2022,04,20,13,16.9,61,Moderate,16.0,UG/M3,1 Hr,Valid
Chisinau,PM2.5 - Principal,2022-04-20 02:00 PM,2022,04,20,14,17.4,62,Moderate,18.0,UG/M3,1 Hr,Valid
Chisinau,PM2.5 - Principal,2022-04-20 03:00 PM,2022,04,20,15,17.2,62,Moderate,17.0,UG/M3,1 Hr,Valid
Chisinau,PM2.5 - Principal,2022-04-20 04:00 PM,2022,04,20,16,18.1,64,Moderate,19.0,UG/M3,1 Hr,Valid
Chisinau,PM2.5 - Principal,2022-04-20 05:00 PM,2022,04,20,17,21.5,71,Moderate,25.0,UG/M3,1 Hr,Valid
Chisinau,PM2.5 - Principal,2022-04-20 06:00 PM,2022,04,20,18,20.7,69,Moderate,20.0,UG/M3,1 Hr,Valid
Chisinau,PM2.5 - Principal,2022-04-20 07:00 PM,2022,04,20,19,20.3,68,Moderate,20.0,UG/M3,1 Hr,Valid
Chisinau,PM2.5 - Principal,2022-04-20 08:00 PM,2022,04,20,20,18.2,64,Moderate,16.0,UG/M3,1 Hr,Valid
Chisinau,PM2.5 - Principal,2022-04-20 09:00 PM,2022,04,20,21,20.0,68,Moderate,22.0,UG/M3,1 Hr,Valid
Chisinau,PM2.5 - Principal,2022-04-20 10:00 PM,2022,04,20,22,20.5,69,Moderate,21.0,UG/M3,1 Hr,Valid
Chisinau,PM2.5 - Principal,2022-04-20 11:00 PM,2022,04,20,23,20.5,69,Moderate,21.0,UG/M3,1 Hr,Valid
Chisinau,PM2.5 - Principal,2022-04-21 12:00 AM,2022,04,21,00,20.3,68,Moderate,20.0,UG/M3,1 Hr,Valid
Chisinau,PM2.5 - Principal,2022-04-21 01:00 AM,2022,04,21,01,19.1,66,Moderate,17.0,UG/M3,1 Hr,Valid
Chisinau,PM2.5 - Principal,2022-04-21 02:00 AM,2022,04,21,02,16.7,61,Moderate,14.0,UG/M3,1 Hr,Valid
Chisinau,PM2.5 - Principal,2022-04-21 03:00 AM,2022,04,21,03,17.2,62,Moderate,18.0,UG/M3,1 Hr,Valid
Chisinau,PM2.5 - Principal,2022-04-21 04:00 AM,2022,04,21,04,16.2,60,Moderate,15.0,UG/M3,1 Hr,Valid
Chisinau,PM2.5 - Principal,2022-04-21 05:00 AM,2022,04,21,05,15.6,58,Moderate,14.0,UG/M3,1 Hr,Valid
Chisinau,PM2.5 - Principal,2022-04-21 06:00 AM,2022,04,21,06,15.3,58,Moderate,15.0,UG/M3,1 Hr,Valid
Chisinau,PM2.5 - Principal,2022-04-21 07:00 AM,2022,04,21,07,14.8,57,Moderate,14.0,UG/M3,1 Hr,Valid
Chisinau,PM2.5 - Principal,2022-04-21 08:00 AM,2022,04,21,08,15.2,58,Moderate,16.0,UG/M3,1 Hr,Valid
Chisinau,PM2.5 - Principal,2022-04-21 09:00 AM,2022,04,21,09,15.2,58,Moderate,15.0,UG/M3,1 Hr,Valid
Chisinau,PM2.5 - Principal,2022-04-21 10:00 AM,2022,04,21,10,14.3,56,Moderate,13.0,UG/M3,1 Hr,Valid
Chisinau,PM2.5 - Principal,2022-04-21 11:00 AM,2022,04,21,11,14.2,55,Moderate,14.0,UG/M3,1 Hr,Valid
Chisinau,PM2.5 - Principal,2022-04-21 12:00 PM,2022,04,21,12,14.5,56,Moderate,15.0,UG/M3,1 Hr,Valid
Chisinau,PM2.5 - Principal,2022-04-21 01:00 PM,2022,04,21,13,14.6,56,Moderate,15.0,UG/M3,1 Hr,Valid
Chisinau,PM2.5 - Principal,2022-04-21 02:00 PM,2022,04,21,14,13.2,53,Moderate,11.0,UG/M3,1 Hr,Valid
Chisinau,PM2.5 - Principal,2022-04-21 03:00 PM,2022,04,21,15,13.9,55,Moderate,15.0,UG/M3,1 Hr,Valid
Chisinau,PM2.5 - Principal,2022-04-21 04:00 PM,2022,04,21,16,14.6,56,Moderate,16.0,UG/M3,1 Hr,Valid
Chisinau,PM2.5 - Principal,2022-04-21 05:00 PM,2022,04,21,17,17.1,62,Moderate,20.0,UG/M3,1 Hr,Valid
Chisinau,PM2.5 - Principal,2022-04-21 06:00 PM,2022,04,21,18,16.6,60,Moderate,16.0,UG/M3,1 Hr,Valid
Chisinau,PM2.5 - Principal,2022-04-21 07:00 PM,2022,04,21,19,17.2,62,Moderate,18.0,UG/M3,1 Hr,Valid
Chisinau,PM2.5 - Principal,2022-04-21 08:00 PM,2022,04,21,20,16.2,60,Moderate,15.0,UG/M3,1 Hr,Valid
Chisinau,PM2.5 - Principal,2022-04-21 09:00 PM,2022,04,21,21,17.0,61,Moderate,18.0,UG/M3,1 Hr,Valid
Chisinau,PM2.5 - Principal,2022-04-21 10:00 PM,2022,04,21,22,19.5,67,Moderate,22.0,UG/M3,1 Hr,Valid
Chisinau,PM2.5 - Principal,2022-04-21 11:00 PM,2022,04,21,23,20.2,68,Moderate,21.0,UG/M3,1 Hr,Valid
Chisinau,PM2.5 - Principal,2022-04-22 12:00 AM,2022,04,22,00,20.1,68,Moderate,20.0,UG/M3,1 Hr,Valid
Chisinau,PM2.5 - Principal,2022-04-22 01:00 AM,2022,04,22,01,21.0,70,Moderate,22.0,UG/M3,1 Hr,Valid
Chisinau,PM2.5 - Principal,2022-04-22 02:00 AM,2022,04,22,02,20.5,69,Moderate,21.0,UG/M3,1 Hr,Valid
Chisinau,PM2.5 - Principal,2022-04-22 03:00 AM,2022,04,22,03,20.7,69,Moderate,21.0,UG/M3,1 Hr,Valid
Chisinau,PM2.5 - Principal,2022-04-22 04:00 AM,2022,04,22,04,23.6,75,Moderate,27.0,UG/M3,1 Hr,Valid
Chisinau,PM2.5 - Principal,2022-04-22 05:00 AM,2022,04,22,05,21.5,71,Moderate,19.0,UG/M3,1 Hr,Valid
Chisinau,PM2.5 - Principal,2022-04-22 06:00 AM,2022,04,22,06,23.9,76,Moderate,27.0,UG/M3,1 Hr,Valid
Chisinau,PM2.5 - Principal,2022-04-22 07:00 AM,2022,04,22,07,25.3,79,Moderate,27.0,UG/M3,1 Hr,Valid
Chisinau,PM2.5 - Principal,2022-04-22 08:00 AM,2022,04,22,08,25.4,79,Moderate,27.0,UG/M3,1 Hr,Valid
Chisinau,PM2.5 - Principal,2022-04-22 09:00 AM,2022,04,22,09,26.2,81,Moderate,28.0,UG/M3,1 Hr,Valid
Chisinau,PM2.5 - Principal,2022-04-22 10:00 AM,2022,04,22,10,23.9,76,Moderate,19.0,UG/M3,1 Hr,Valid
Chisinau,PM2.5 - Principal,2022-04-22 11:00 AM,2022,04,22,11,22.9,74,Moderate,21.0,UG/M3,1 Hr,Valid
Chisinau,PM2.5 - Principal,2022-04-22 12:00 PM,2022,04,22,12,21.0,70,Moderate,18.0,UG/M3,1 Hr,Valid
Chisinau,PM2.5 - Principal,2022-04-22 01:00 PM,2022,04,22,13,17.8,63,Moderate,15.0,UG/M3,1 Hr,Valid
Chisinau,PM2.5 - Principal,2022-04-22 02:00 PM,2022,04,22,14,16.9,61,Moderate,16.0,UG/M3,1 Hr,Valid
Chisinau,PM2.5 - Principal,2022-04-22 03:00 PM,2022,04,22,15,17.4,62,Moderate,18.0,UG/M3,1 Hr,Valid
Chisinau,PM2.5 - Principal,2022-04-22 04:00 PM,2022,04,22,16,18.1,64,Moderate,19.0,UG/M3,1 Hr,Valid
Chisinau,PM2.5 - Principal,2022-04-22 05:00 PM,2022,04,22,17,18.0,63,Moderate,18.0,UG/M3,1 Hr,Valid
Chisinau,PM2.5 - Principal,2022-04-22 06:00 PM,2022,04,22,18,18.9,65,Moderate,20.0,UG/M3,1 Hr,Valid
Chisinau,PM2.5 - Principal,2022-04-22 07:00 PM,2022,04,22,19,17.1,62,Moderate,15.0,UG/M3,1 Hr,Valid
Chisinau,PM2.5 - Principal,2022-04-22 08:00 PM,2022,04,22,20,16.6,60,Moderate,16.0,UG/M3,1 Hr,Valid
Chisinau,PM2.5 - Principal,2022-04-22 09:00 PM,2022,04,22,21,17.0,61,Moderate,17.0,UG/M3,1 Hr,Valid
Chisinau,PM2.5 - Principal,2022-04-22 10:00 PM,2022,04,22,22,17.5,62,Moderate,19.0,UG/M3,1 Hr,Valid
Chisinau,PM2.5 - Principal,2022-04-22 11:00 PM,2022,04,22,23,20.0,68,Moderate,24.0,UG/M3,1 Hr,Valid
Chisinau,PM2.5 - Principal,2022-04-23 12:00 AM,2022,04,23,00,20.7,69,Moderate,22.0,UG/M3,1 Hr,Valid
Chisinau,PM2.5 - Principal,2022-04-23 01:00 AM,2022,04,23,01,19.7,67,Moderate,18.0,UG/M3,1 Hr,Valid
Chisinau,PM2.5 - Principal,2022-04-23 02:00 AM,2022,04,23,02,19.8,67,Moderate,20.0,UG/M3,1 Hr,Valid
Chisinau,PM2.5 - Principal,2022-04-23 03:00 AM,2022,04,23,03,18.7,65,Moderate,17.0,UG/M3,1 Hr,Valid
Chisinau,PM2.5 - Principal,2022-04-23 04:00 AM,2022,04,23,04,18.1,64,Moderate,17.0,UG/M3,1 Hr,Valid
Chisinau,PM2.5 - Principal,2022-04-23 05:00 AM,2022,04,23,05,16.9,61,Moderate,15.0,UG/M3,1 Hr,Valid
Chisinau,PM2.5 - Principal,2022-04-23 06:00 AM,2022,04,23,06,16.5,60,Moderate,16.0,UG/M3,1 Hr,Valid
Chisinau,PM2.5 - Principal,2022-04-23 07:00 AM,2022,04,23,07,16.7,61,Moderate,17.0,UG/M3,1 Hr,Valid
Chisinau,PM2.5 - Principal,2022-04-23 08:00 AM,2022,04,23,08,17.2,62,Moderate,18.0,UG/M3,1 Hr,Valid
Chisinau,PM2.5 - Principal,2022-04-23 09:00 AM,2022,04,23,09,16.7,61,Moderate,16.0,UG/M3,1 Hr,Valid
Chisinau,PM2.5 - Principal,2022-04-23 10:00 AM,2022,04,23,10,17.5,62,Moderate,19.0,UG/M3,1 Hr,Valid
Chisinau,PM2.5 - Principal,2022-04-23 11:00 AM,2022,04,23,11,15.1,57,Moderate,12.0,UG/M3,1 Hr,Valid
Chisinau,PM2.5 - Principal,2022-04-23 12:00 PM,2022,04,23,12,14.4,56,Moderate,13.0,UG/M3,1 Hr,Valid
Chisinau,PM2.5 - Principal,2022-04-23 01:00 PM,2022,04,23,13,13.4,54,Moderate,12.0,UG/M3,1 Hr,Valid
Chisinau,PM2.5 - Principal,2022-04-23 02:00 PM,2022,04,23,14,14.8,57,Moderate,17.0,UG/M3,1 Hr,Valid
Chisinau,PM2.5 - Principal,2022-04-23 03:00 PM,2022,04,23,15,15.6,58,Moderate,17.0,UG/M3,1 Hr,Valid
Chisinau,PM2.5 - Principal,2022-04-23 04:00 PM,2022,04,23,16,17.4,62,Moderate,20.0,UG/M3,1 Hr,Valid
Chisinau,PM2.5 - Principal,2022-04-23 05:00 PM,2022,04,23,17,17.6,63,Moderate,18.0,UG/M3,1 Hr,Valid
Chisinau,PM2.5 - Principal,2022-04-23 06:00 PM,2022,04,23,18,19.1,66,Moderate,21.0,UG/M3,1 Hr,Valid
Chisinau,PM2.5 - Principal,2022-04-23 07:00 PM,2022,04,23,19,20.5,69,Moderate,22.0,UG/M3,1 Hr,Valid
Chisinau,PM2.5 - Principal,2022-04-23 08:00 PM,2022,04,23,20,22.3,72,Moderate,24.0,UG/M3,1 Hr,Valid
Chisinau,PM2.5 - Principal,2022-04-23 09:00 PM,2022,04,23,21,22.6,73,Moderate,23.0,UG/M3,1 Hr,Valid
Chisinau,PM2.5 - Principal,2022-04-23 10:00 PM,2022,04,23,22,20.3,68,Moderate,18.0,UG/M3,1 Hr,Valid
Chisinau,PM2.5 - Principal,2022-04-23 11:00 PM,2022,04,23,23,21.6,71,Moderate,23.0,UG/M3,1 Hr,Valid
Chisinau,PM2.5 - Principal,2022-04-24 12:00 AM,2022,04,24,00,22.3,72,Moderate,23.0,UG/M3,1 Hr,Valid
Chisinau,PM2.5 - Principal,2022-04-24 01:00 AM,2022,04,24,01,25.5,79,Moderate,30.0,UG/M3,1 Hr,Valid
Chisinau,PM2.5 - Principal,2022-04-24 02:00 AM,2022,04,24,02,27.5,83,Moderate,30.0,UG/M3,1 Hr,Valid
Chisinau,PM2.5 - Principal,2022-04-24 03:00 AM,2022,04,24,03,27.1,83,Moderate,27.0,UG/M3,1 Hr,Valid
Chisinau,PM2.5 - Principal,2022-04-24 04:00 AM,2022,04,24,04,28.2,85,Moderate,30.0,UG/M3,1 Hr,Valid
Chisinau,PM2.5 - Principal,2022-04-24 05:00 AM,2022,04,24,05,28.9,86,Moderate,30.0,UG/M3,1 Hr,Valid
Chisinau,PM2.5 - Principal,2022-04-24 06:00 AM,2022,04,24,06,28.5,85,Moderate,28.0,UG/M3,1 Hr,Valid
Chisinau,PM2.5 - Principal,2022-04-24 07:00 AM,2022,04,24,07,30.6,90,Moderate,33.0,UG/M3,1 Hr,Valid
Chisinau,PM2.5 - Principal,2022-04-24 08:00 AM,2022,04,24,08,30.8,90,Moderate,31.0,UG/M3,1 Hr,Valid
Chisinau,PM2.5 - Principal,2022-04-24 09:00 AM,2022,04,24,09,28.6,86,Moderate,26.0,UG/M3,1 Hr,Valid
Chisinau,PM2.5 - Principal,2022-04-24 10:00 AM,2022,04,24,10,26.0,80,Moderate,21.0,UG/M3,1 Hr,Valid
Chisinau,PM2.5 - Principal,2022-04-24 11:00 AM,2022,04,24,11,24.5,77,Moderate,22.0,UG/M3,1 Hr,Valid
Chisinau,PM2.5 - Principal,2022-04-24 12:00 PM,2022,04,24,12,19.6,67,Moderate,16.0,UG/M3,1 Hr,Valid
Chisinau,PM2.5 - Principal,2022-04-24 01:00 PM,2022,04,24,13,18.3,64,Moderate,17.0,UG/M3,1 Hr,Valid
Chisinau,PM2.5 - Principal,2022-04-24 02:00 PM,2022,04,24,14,17.6,63,Moderate,17.0,UG/M3,1 Hr,Valid
Chisinau,PM2.5 - Principal,2022-04-24 03:00 PM,2022,04,24,15,18.8,65,Moderate,20.0,UG/M3,1 Hr,Valid
Chisinau,PM2.5 - Principal,2022-04-24 04:00 PM,2022,04,24,16,16.4,60,Moderate,14.0,UG/M3,1 Hr,Valid
Chisinau,PM2.5 - Principal,2022-04-24 05:00 PM,2022,04,24,17,14.7,56,Moderate,13.0,UG/M3,1 Hr,Valid
Chisinau,PM2.5 - Principal,2022-04-24 06:00 PM,2022,04,24,18,15.3,58,Moderate,16.0,UG/M3,1 Hr,Valid
Chisinau,PM2.5 - Principal,2022-04-24 07:00 PM,2022,04,24,19,14.6,56,Moderate,14.0,UG/M3,1 Hr,Valid
Chisinau,PM2.5 - Principal,2022-04-24 08:00 PM,2022,04,24,20,15.3,58,Moderate,16.0,UG/M3,1 Hr,Valid
Chisinau,PM2.5 - Principal,2022-04-24 09:00 PM,2022,04,24,21,14.7,56,Moderate,14.0,UG/M3,1 Hr,Valid
Chisinau,PM2.5 - Principal,2022-04-24 10:00 PM,2022,04,24,22,16.9,61,Moderate,20.0,UG/M3,1 Hr,Valid
Chisinau,PM2.5 - Principal,2022-04-24 11:00 PM,2022,04,24,23,19.6,67,Moderate,23.0,UG/M3,1 Hr,Valid
Chisinau,PM2.5 - Principal,2022-04-25 12:00 AM,2022,04,25,00,20.6,69,Moderate,22.0,UG/M3,1 Hr,Valid
Chisinau,PM2.5 - Principal,2022-04-25 01:00 AM,2022,04,25,01,19.9,67,Moderate,19.0,UG/M3,1 Hr,Valid
Chisinau,PM2.5 - Principal,2022-04-25 02:00 AM,2022,04,25,02,19.0,66,Moderate,18.0,UG/M3,1 Hr,Valid
Chisinau,PM2.5 - Principal,2022-04-25 03:00 AM,2022,04,25,03,17.3,62,Moderate,15.0,UG/M3,1 Hr,Valid
Chisinau,PM2.5 - Principal,2022-04-25 04:00 AM,2022,04,25,04,17.1,62,Moderate,17.0,UG/M3,1 Hr,Valid
Chisinau,PM2.5 - Principal,2022-04-25 05:00 AM,2022,04,25,05,16.0,59,Moderate,14.0,UG/M3,1 Hr,Valid
Chisinau,PM2.5 - Principal,2022-04-25 06:00 AM,2022,04,25,06,16.0,59,Moderate,16.0,UG/M3,1 Hr,Valid
Chisinau,PM2.5 - Principal,2022-04-25 07:00 AM,2022,04,25,07,17.5,62,Moderate,20.0,UG/M3,1 Hr,Valid
Chisinau,PM2.5 - Principal,2022-04-25 08:00 AM,2022,04,25,08,17.7,63,Moderate,18.0,UG/M3,1 Hr,Valid
Chisinau,PM2.5 - Principal,2022-04-25 09:00 AM,2022,04,25,09,17.0,61,Moderate,16.0,UG/M3,1 Hr,Valid
Chisinau,PM2.5 - Principal,2022-04-25 10:00 AM,2022,04,25,10,13.4,54,Moderate,10.0,UG/M3,1 Hr,Valid
Chisinau,PM2.5 - Principal,2022-04-25 11:00 AM,2022,04,25,11,12.2,51,Moderate,11.0,UG/M3,1 Hr,Valid
Chisinau,PM2.5 - Principal,2022-04-25 12:00 PM,2022,04,25,12,11.6,48,Good,11.0,UG/M3,1 Hr,Valid
Chisinau,PM2.5 - Principal,2022-04-25 01:00 PM,2022,04,25,13,10.3,43,Good,9.0,UG/M3,1 Hr,Valid
Chisinau,PM2.5 - Principal,2022-04-25 02:00 PM,2022,04,25,14,9.6,40,Good,9.0,UG/M3,1 Hr,Valid
Chisinau,PM2.5 - Principal,2022-04-25 03:00 PM,2022,04,25,15,10.3,43,Good,11.0,UG/M3,1 Hr,Valid
Chisinau,PM2.5 - Principal,2022-04-25 04:00 PM,2022,04,25,16,13.1,53,Moderate,16.0,UG/M3,1 Hr,Valid
Chisinau,PM2.5 - Principal,2022-04-25 05:00 PM,2022,04,25,17,13.0,53,Moderate,13.0,UG/M3,1 Hr,Valid
Chisinau,PM2.5 - Principal,2022-04-25 06:00 PM,2022,04,25,18,14.5,56,Moderate,16.0,UG/M3,1 Hr,Valid
Chisinau,PM2.5 - Principal,2022-04-25 07:00 PM,2022,04,25,19,14.7,56,Moderate,15.0,UG/M3,1 Hr,Valid
Chisinau,PM2.5 - Principal,2022-04-25 08:00 PM,2022,04,25,20,18.3,64,Moderate,22.0,UG/M3,1 Hr,Valid
Chisinau,PM2.5 - Principal,2022-04-25 09:00 PM,2022,04,25,21,18.6,65,Moderate,19.0,UG/M3,1 Hr,Valid
Chisinau,PM2.5 - Principal,2022-04-25 10:00 PM,2022,04,25,22,20.8,69,Moderate,23.0,UG/M3,1 Hr,Valid
Chisinau,PM2.5 - Principal,2022-04-25 11:00 PM,2022,04,25,23,20.9,70,Moderate,21.0,UG/M3,1 Hr,Valid
Chisinau,PM2.5 - Principal,2022-04-26 12:00 AM,2022,04,26,00,21.9,72,Moderate,23.0,UG/M3,1 Hr,Valid
Chisinau,PM2.5 - Principal,2022-04-26 01:00 AM,2022,04,26,01,20.9,70,Moderate,20.0,UG/M3,1 Hr,Valid
Chisinau,PM2.5 - Principal,2022-04-26 02:00 AM,2022,04,26,02,18.9,65,Moderate,17.0,UG/M3,1 Hr,Valid
Chisinau,PM2.5 - Principal,2022-04-26 03:00 AM,2022,04,26,03,18.2,64,Moderate,17.0,UG/M3,1 Hr,Valid
Chisinau,PM2.5 - Principal,2022-04-26 04:00 AM,2022,04,26,04,16.8,61,Moderate,15.0,UG/M3,1 Hr,Valid
Chisinau,PM2.5 - Principal,2022-04-26 05:00 AM,2022,04,26,05,15.8,59,Moderate,14.0,UG/M3,1 Hr,Valid
Chisinau,PM2.5 - Principal,2022-04-26 06:00 AM,2022,04,26,06,15.5,58,Moderate,15.0,UG/M3,1 Hr,Valid
Chisinau,PM2.5 - Principal,2022-04-26 07:00 AM,2022,04,26,07,14.3,56,Moderate,13.0,UG/M3,1 Hr,Valid
Chisinau,PM2.5 - Principal,2022-04-26 08:00 AM,2022,04,26,08,14.6,56,Moderate,15.0,UG/M3,1 Hr,Valid
Chisinau,PM2.5 - Principal,2022-04-26 09:00 AM,2022,04,26,09,13.3,54,Moderate,12.0,UG/M3,1 Hr,Valid
Chisinau,PM2.5 - Principal,2022-04-26 10:00 AM,2022,04,26,10,12.6,52,Moderate,12.0,UG/M3,1 Hr,Valid
Chisinau,PM2.5 - Principal,2022-04-26 11:00 AM,2022,04,26,11,11.8,49,Good,11.0,UG/M3,1 Hr,Valid
Chisinau,PM2.5 - Principal,2022-04-26 12:00 PM,2022,04,26,12,9.9,41,Good,8.0,UG/M3,1 Hr,Valid
Chisinau,PM2.5 - Principal,2022-04-26 01:00 PM,2022,04,26,13,9.9,41,Good,10.0,UG/M3,1 Hr,Valid
Chisinau,PM2.5 - Principal,2022-04-26 02:00 PM,2022,04,26,14,10.9,45,Good,12.0,UG/M3,1 Hr,Valid
Chisinau,PM2.5 - Principal,2022-04-26 03:00 PM,2022,04,26,15,10.5,44,Good,10.0,UG/M3,1 Hr,Valid
Chisinau,PM2.5 - Principal,2022-04-26 04:00 PM,2022,04,26,16,9.3,39,Good,8.0,UG/M3,1 Hr,Valid
Chisinau,PM2.5 - Principal,2022-04-26 05:00 PM,2022,04,26,17,9.1,38,Good,9.0,UG/M3,1 Hr,Valid
Chisinau,PM2.5 - Principal,2022-04-26 06:00 PM,2022,04,26,18,9.5,40,Good,10.0,UG/M3,1 Hr,Valid
Chisinau,PM2.5 - Principal,2022-04-26 07:00 PM,2022,04,26,19,10.2,43,Good,11.0,UG/M3,1 Hr,Valid
Chisinau,PM2.5 - Principal,2022-04-26 08:00 PM,2022,04,26,20,10.0,42,Good,10.0,UG/M3,1 Hr,Valid
Chisinau,PM2.5 - Principal,2022-04-26 09:00 PM,2022,04,26,21,11.7,49,Good,14.0,UG/M3,1 Hr,Valid
Chisinau,PM2.5 - Principal,2022-04-26 10:00 PM,2022,04,26,22,12.2,51,Moderate,13.0,UG/M3,1 Hr,Valid
Chisinau,PM2.5 - Principal,2022-04-26 11:00 PM,2022,04,26,23,13.0,53,Moderate,14.0,UG/M3,1 Hr,Valid
Chisinau,PM2.5 - Principal,2022-04-27 12:00 AM,2022,04,27,00,14.6,56,Moderate,16.0,UG/M3,1 Hr,Valid
Chisinau,PM2.5 - Principal,2022-04-27 01:00 AM,2022,04,27,01,14.3,56,Moderate,14.0,UG/M3,1 Hr,Valid
Chisinau,PM2.5 - Principal,2022-04-27 02:00 AM,2022,04,27,02,14.6,56,Moderate,15.0,UG/M3,1 Hr,Valid
Chisinau,PM2.5 - Principal,2022-04-27 03:00 AM,2022,04,27,03,13.8,55,Moderate,13.0,UG/M3,1 Hr,Valid
Chisinau,PM2.5 - Principal,2022-04-27 04:00 AM,2022,04,27,04,13.9,55,Moderate,14.0,UG/M3,1 Hr,Valid
Chisinau,PM2.5 - Principal,2022-04-27 05:00 AM,2022,04,27,05,13.9,55,Moderate,14.0,UG/M3,1 Hr,Valid
Chisinau,PM2.5 - Principal,2022-04-27 06:00 AM,2022,04,27,06,13.9,55,Moderate,14.0,UG/M3,1 Hr,Valid
Chisinau,PM2.5 - Principal,2022-04-27 07:00 AM,2022,04,27,07,14.7,56,Moderate,16.0,UG/M3,1 Hr,Valid
Chisinau,PM2.5 - Principal,2022-04-27 08:00 AM,2022,04,27,08,14.5,56,Moderate,15.0,UG/M3,1 Hr,Valid
Chisinau,PM2.5 - Principal,2022-04-27 09:00 AM,2022,04,27,09,16.1,59,Moderate,19.0,UG/M3,1 Hr,Valid
Chisinau,PM2.5 - Principal,2022-04-27 10:00 AM,2022,04,27,10,16.0,59,Moderate,16.0,UG/M3,1 Hr,Valid
Chisinau,PM2.5 - Principal,2022-04-27 11:00 AM,2022,04,27,11,12.2,51,Moderate,8.0,UG/M3,1 Hr,Valid
Chisinau,PM2.5 - Principal,2022-04-27 12:00 PM,2022,04,27,12,12.6,52,Moderate,13.0,UG/M3,1 Hr,Valid
Chisinau,PM2.5 - Principal,2022-04-27 01:00 PM,2022,04,27,13,11.8,49,Good,11.0,UG/M3,1 Hr,Valid
Chisinau,PM2.5 - Principal,2022-04-27 02:00 PM,2022,04,27,14,10.4,43,Good,9.0,UG/M3,1 Hr,Valid
Chisinau,PM2.5 - Principal,2022-04-27 03:00 PM,2022,04,27,15,14.7,56,Moderate,19.0,UG/M3,1 Hr,Valid
Chisinau,PM2.5 - Principal,2022-04-27 04:00 PM,2022,04,27,16,13.8,55,Moderate,13.0,UG/M3,1 Hr,Valid
Chisinau,PM2.5 - Principal,2022-04-27 05:00 PM,2022,04,27,17,14.4,56,Moderate,15.0,UG/M3,1 Hr,Valid
Chisinau,PM2.5 - Principal,2022-04-27 06:00 PM,2022,04,27,18,14.2,55,Moderate,14.0,UG/M3,1 Hr,Valid
Chisinau,PM2.5 - Principal,2022-04-27 07:00 PM,2022,04,27,19,14.1,55,Moderate,14.0,UG/M3,1 Hr,Valid
Chisinau,PM2.5 - Principal,2022-04-27 08:00 PM,2022,04,27,20,14.0,55,Moderate,14.0,UG/M3,1 Hr,Valid
Chisinau,PM2.5 - Principal,2022-04-27 09:00 PM,2022,04,27,21,15.5,58,Moderate,17.0,UG/M3,1 Hr,Valid
Chisinau,PM2.5 - Principal,2022-04-27 10:00 PM,2022,04,27,22,14.7,56,Moderate,14.0,UG/M3,1 Hr,Valid
Chisinau,PM2.5 - Principal,2022-04-27 11:00 PM,2022,04,27,23,13.8,55,Moderate,13.0,UG/M3,1 Hr,Valid
Chisinau,PM2.5 - Principal,2022-04-28 12:00 AM,2022,04,28,00,13.9,55,Moderate,14.0,UG/M3,1 Hr,Valid
Chisinau,PM2.5 - Principal,2022-04-28 01:00 AM,2022,04,28,01,16.9,61,Moderate,20.0,UG/M3,1 Hr,Valid
Chisinau,PM2.5 - Principal,2022-04-28 02:00 AM,2022,04,28,02,17.1,62,Moderate,19.0,UG/M3,1 Hr,Valid
Chisinau,PM2.5 - Principal,2022-04-28 03:00 AM,2022,04,28,03,17.1,62,Moderate,17.0,UG/M3,1 Hr,Valid
Chisinau,PM2.5 - Principal,2022-04-28 04:00 AM,2022,04,28,04,15.1,57,Moderate,12.0,UG/M3,1 Hr,Valid
Chisinau,PM2.5 - Principal,2022-04-28 05:00 AM,2022,04,28,05,15.0,57,Moderate,15.0,UG/M3,1 Hr,Valid
Chisinau,PM2.5 - Principal,2022-04-28 06:00 AM,2022,04,28,06,15.0,57,Moderate,15.0,UG/M3,1 Hr,Valid
Chisinau,PM2.5 - Principal,2022-04-28 07:00 AM,2022,04,28,07,14.6,56,Moderate,14.0,UG/M3,1 Hr,Valid
Chisinau,PM2.5 - Principal,2022-04-28 08:00 AM,2022,04,28,08,12.2,51,Moderate,10.0,UG/M3,1 Hr,Valid
Chisinau,PM2.5 - Principal,2022-04-28 09:00 AM,2022,04,28,09,14.6,56,Moderate,17.0,UG/M3,1 Hr,Valid
Chisinau,PM2.5 - Principal,2022-04-28 10:00 AM,2022,04,28,10,14.3,56,Moderate,14.0,UG/M3,1 Hr,Valid
Chisinau,PM2.5 - Principal,2022-04-28 11:00 AM,2022,04,28,11,14.6,56,Moderate,15.0,UG/M3,1 Hr,Valid
Chisinau,PM2.5 - Principal,2022-04-28 12:00 PM,2022,04,28,12,14.8,57,Moderate,15.0,UG/M3,1 Hr,Valid
Chisinau,PM2.5 - Principal,2022-04-28 01:00 PM,2022,04,28,13,14.8,57,Moderate,15.0,UG/M3,1 Hr,Valid
Chisinau,PM2.5 - Principal,2022-04-28 02:00 PM,2022,04,28,14,14.4,56,Moderate,14.0,UG/M3,1 Hr,Valid
Chisinau,PM2.5 - Principal,2022-04-28 03:00 PM,2022,04,28,15,17.2,62,Moderate,20.0,UG/M3,1 Hr,Valid
Chisinau,PM2.5 - Principal,2022-04-28 04:00 PM,2022,04,28,16,16.6,60,Moderate,16.0,UG/M3,1 Hr,Valid
Chisinau,PM2.5 - Principal,2022-04-28 05:00 PM,2022,04,28,17,15.8,59,Moderate,15.0,UG/M3,1 Hr,Valid
Chisinau,PM2.5 - Principal,2022-04-28 06:00 PM,2022,04,28,18,14.9,57,Moderate,14.0,UG/M3,1 Hr,Valid
Chisinau,PM2.5 - Principal,2022-04-28 07:00 PM,2022,04,28,19,13.9,55,Moderate,13.0,UG/M3,1 Hr,Valid
Chisinau,PM2.5 - Principal,2022-04-28 08:00 PM,2022,04,28,20,13.3,54,Moderate,12.0,UG/M3,1 Hr,Valid
Chisinau,PM2.5 - Principal,2022-04-28 09:00 PM,2022,04,28,21,16.0,59,Moderate,20.0,UG/M3,1 Hr,Valid
Chisinau,PM2.5 - Principal,2022-04-28 10:00 PM,2022,04,28,22,17.6,63,Moderate,20.0,UG/M3,1 Hr,Valid
Chisinau,PM2.5 - Principal,2022-04-28 11:00 PM,2022,04,28,23,22.6,73,Moderate,27.0,UG/M3,1 Hr,Valid
Chisinau,PM2.5 - Principal,2022-04-29 12:00 AM,2022,04,29,00,19.3,66,Moderate,16.0,UG/M3,1 Hr,Valid
Chisinau,PM2.5 - Principal,2022-04-29 01:00 AM,2022,04,29,01,17.1,62,Moderate,15.0,UG/M3,1 Hr,Valid
Chisinau,PM2.5 - Principal,2022-04-29 02:00 AM,2022,04,29,02,13.0,53,Moderate,9.0,UG/M3,1 Hr,Valid
Chisinau,PM2.5 - Principal,2022-04-29 03:00 AM,2022,04,29,03,12.0,50,Good,11.0,UG/M3,1 Hr,Valid
Chisinau,PM2.5 - Principal,2022-04-29 04:00 AM,2022,04,29,04,11.0,46,Good,10.0,UG/M3,1 Hr,Valid
Chisinau,PM2.5 - Principal,2022-04-29 05:00 AM,2022,04,29,05,10.5,44,Good,10.0,UG/M3,1 Hr,Valid
Chisinau,PM2.5 - Principal,2022-04-29 06:00 AM,2022,04,29,06,11.2,47,Good,12.0,UG/M3,1 Hr,Valid
Chisinau,PM2.5 - Principal,2022-04-29 07:00 AM,2022,04,29,07,11.1,46,Good,11.0,UG/M3,1 Hr,Valid
Chisinau,PM2.5 - Principal,2022-04-29 08:00 AM,2022,04,29,08,11.0,46,Good,11.0,UG/M3,1 Hr,Valid
Chisinau,PM2.5 - Principal,2022-04-29 09:00 AM,2022,04,29,09,11.5,48,Good,12.0,UG/M3,1 Hr,Valid
Chisinau,PM2.5 - Principal,2022-04-29 10:00 AM,2022,04,29,10,12.7,52,Moderate,14.0,UG/M3,1 Hr,Valid
Chisinau,PM2.5 - Principal,2022-04-29 11:00 AM,2022,04,29,11,15.8,59,Moderate,19.0,UG/M3,1 Hr,Valid
Chisinau,PM2.5 - Principal,2022-04-29 12:00 PM,2022,04,29,12,12.9,53,Moderate,10.0,UG/M3,1 Hr,Valid
Chisinau,PM2.5 - Principal,2022-04-29 01:00 PM,2022,04,29,13,12.9,53,Moderate,13.0,UG/M3,1 Hr,Valid
Chisinau,PM2.5 - Principal,2022-04-29 02:00 PM,2022,04,29,14,13.9,55,Moderate,15.0,UG/M3,1 Hr,Valid
Chisinau,PM2.5 - Principal,2022-04-29 03:00 PM,2022,04,29,15,12.5,52,Moderate,11.0,UG/M3,1 Hr,Valid
Chisinau,PM2.5 - Principal,2022-04-29 04:00 PM,2022,04,29,16,14.1,55,Moderate,16.0,UG/M3,1 Hr,Valid
Chisinau,PM2.5 - Principal,2022-04-29 05:00 PM,2022,04,29,17,13.6,54,Moderate,13.0,UG/M3,1 Hr,Valid
Chisinau,PM2.5 - Principal,2022-04-29 06:00 PM,2022,04,29,18,10.8,45,Good,8.0,UG/M3,1 Hr,Valid
Chisinau,PM2.5 - Principal,2022-04-29 07:00 PM,2022,04,29,19,9.9,41,Good,9.0,UG/M3,1 Hr,Valid
Chisinau,PM2.5 - Principal,2022-04-29 08:00 PM,2022,04,29,20,10.4,43,Good,11.0,UG/M3,1 Hr,Valid
Chisinau,PM2.5 - Principal,2022-04-29 09:00 PM,2022,04,29,21,12.7,52,Moderate,15.0,UG/M3,1 Hr,Valid
Chisinau,PM2.5 - Principal,2022-04-29 10:00 PM,2022,04,29,22,14.3,56,Moderate,16.0,UG/M3,1 Hr,Valid
Chisinau,PM2.5 - Principal,2022-04-29 11:00 PM,2022,04,29,23,13.6,54,Moderate,13.0,UG/M3,1 Hr,Valid
Chisinau,PM2.5 - Principal,2022-04-30 12:00 AM,2022,04,30,00,16.3,60,Moderate,19.0,UG/M3,1 Hr,Valid
Chisinau,PM2.5 - Principal,2022-04-30 01:00 AM,2022,04,30,01,15.6,58,Moderate,15.0,UG/M3,1 Hr,Valid
Chisinau,PM2.5 - Principal,2022-04-30 02:00 AM,2022,04,30,02,17.3,62,Moderate,19.0,UG/M3,1 Hr,Valid
Chisinau,PM2.5 - Principal,2022-04-30 03:00 AM,2022,04,30,03,17.6,63,Moderate,18.0,UG/M3,1 Hr,Valid
Chisinau,PM2.5 - Principal,2022-04-30 04:00 AM,2022,04,30,04,17.8,63,Moderate,18.0,UG/M3,1 Hr,Valid
Chisinau,PM2.5 - Principal,2022-04-30 05:00 AM,2022,04,30,05,17.4,62,Moderate,17.0,UG/M3,1 Hr,Valid
Chisinau,PM2.5 - Principal,2022-04-30 06:00 AM,2022,04,30,06,17.7,63,Moderate,18.0,UG/M3,1 Hr,Valid
Chisinau,PM2.5 - Principal,2022-04-30 07:00 AM,2022,04,30,07,14.0,55,Moderate,10.0,UG/M3,1 Hr,Valid
Chisinau,PM2.5 - Principal,2022-04-30 08:00 AM,2022,04,30,08,15.4,58,Moderate,17.0,UG/M3,1 Hr,Valid
Chisinau,PM2.5 - Principal,2022-04-30 09:00 AM,2022,04,30,09,15.2,58,Moderate,15.0,UG/M3,1 Hr,Valid
Chisinau,PM2.5 - Principal,2022-04-30 10:00 AM,2022,04,30,10,14.6,56,Moderate,14.0,UG/M3,1 Hr,Valid
Chisinau,PM2.5 - Principal,2022-04-30 11:00 AM,2022,04,30,11,13.3,54,Moderate,12.0,UG/M3,1 Hr,Valid
Chisinau,PM2.5 - Principal,2022-04-30 12:00 PM,2022,04,30,12,11.7,49,Good,10.0,UG/M3,1 Hr,Valid
Chisinau,PM2.5 - Principal,2022-04-30 01:00 PM,2022,04,30,13,10.3,43,Good,9.0,UG/M3,1 Hr,Valid
Chisinau,PM2.5 - Principal,2022-04-30 02:00 PM,2022,04,30,14,11.1,46,Good,12.0,UG/M3,1 Hr,Valid
Chisinau,PM2.5 - Principal,2022-04-30 03:00 PM,2022,04,30,15,12.0,50,Good,13.0,UG/M3,1 Hr,Valid
Chisinau,PM2.5 - Principal,2022-04-30 04:00 PM,2022,04,30,16,11.0,46,Good,10.0,UG/M3,1 Hr,Valid
Chisinau,PM2.5 - Principal,2022-04-30 05:00 PM,2022,04,30,17,11.0,46,Good,11.0,UG/M3,1 Hr,Valid
Chisinau,PM2.5 - Principal,2022-04-30 06:00 PM,2022,04,30,18,12.4,52,Moderate,14.0,UG/M3,1 Hr,Valid
Chisinau,PM2.5 - Principal,2022-04-30 07:00 PM,2022,04,30,19,12.2,51,Moderate,12.0,UG/M3,1 Hr,Valid
Chisinau,PM2.5 - Principal,2022-04-30 08:00 PM,2022,04,30,20,12.4,52,Moderate,13.0,UG/M3,1 Hr,Valid
Chisinau,PM2.5 - Principal,2022-04-30 09:00 PM,2022,04,30,21,14.6,56,Moderate,17.0,UG/M3,1 Hr,Valid
Chisinau,PM2.5 - Principal,2022-04-30 10:00 PM,2022,04,30,22,14.8,57,Moderate,15.0,UG/M3,1 Hr,Valid
Chisinau,PM2.5 - Principal,2022-04-30 11:00 PM,2022,04,30,23,19.9,67,Moderate,25.0,UG/M3,1 Hr,Valid
Chisinau,PM2.5 - Principal,2022-05-01 12:00 AM,2022,05,01,00,22.4,73,Moderate,25.0,UG/M3,1 Hr,Valid
Chisinau,PM2.5 - Principal,2022-05-01 01:00 AM,2022,05,01,01,23.7,75,Moderate,25.0,UG/M3,1 Hr,Valid
Chisinau,PM2.5 - Principal,2022-05-01 02:00 AM,2022,05,01,02,22.3,72,Moderate,21.0,UG/M3,1 Hr,Valid
Chisinau,PM2.5 - Principal,2022-05-01 03:00 AM,2022,05,01,03,22.1,72,Moderate,22.0,UG/M3,1 Hr,Valid
Chisinau,PM2.5 - Principal,2022-05-01 04:00 AM,2022,05,01,04,21.0,70,Moderate,20.0,UG/M3,1 Hr,Valid
Chisinau,PM2.5 - Principal,2022-05-01 05:00 AM,2022,05,01,05,20.5,69,Moderate,20.0,UG/M3,1 Hr,Valid
Chisinau,PM2.5 - Principal,2022-05-01 06:00 AM,2022,05,01,06,21.7,71,Moderate,23.0,UG/M3,1 Hr,Valid
Chisinau,PM2.5 - Principal,2022-05-01 07:00 AM,2022,05,01,07,19.9,67,Moderate,18.0,UG/M3,1 Hr,Valid
Chisinau,PM2.5 - Principal,2022-05-01 08:00 AM,2022,05,01,08,18.1,64,Moderate,15.0,UG/M3,1 Hr,Valid
Chisinau,PM2.5 - Principal,2022-05-01 09:00 AM,2022,05,01,09,20.0,68,Moderate,23.0,UG/M3,1 Hr,Valid
Chisinau,PM2.5 - Principal,2022-05-01 10:00 AM,2022,05,01,10,19.6,67,Moderate,19.0,UG/M3,1 Hr,Valid
Chisinau,PM2.5 - Principal,2022-05-01 11:00 AM,2022,05,01,11,17.1,62,Moderate,14.0,UG/M3,1 Hr,Valid
Chisinau,PM2.5 - Principal,2022-05-01 12:00 PM,2022,05,01,12,13.9,55,Moderate,11.0,UG/M3,1 Hr,Valid
Chisinau,PM2.5 - Principal,2022-05-01 01:00 PM,2022,05,01,13,10.9,45,Good,8.0,UG/M3,1 Hr,Valid
Chisinau,PM2.5 - Principal,2022-05-01 02:00 PM,2022,05,01,14,8.9,37,Good,7.0,UG/M3,1 Hr,Valid
Chisinau,PM2.5 - Principal,2022-05-01 03:00 PM,2022,05,01,15,11.4,48,Good,14.0,UG/M3,1 Hr,Valid
Chisinau,PM2.5 - Principal,2022-05-01 04:00 PM,2022,05,01,16,10.7,45,Good,10.0,UG/M3,1 Hr,Valid
Chisinau,PM2.5 - Principal,2022-05-01 05:00 PM,2022,05,01,17,11.8,49,Good,13.0,UG/M3,1 Hr,Valid
Chisinau,PM2.5 - Principal,2022-05-01 06:00 PM,2022,05,01,18,12.9,53,Moderate,14.0,UG/M3,1 Hr,Valid
Chisinau,PM2.5 - Principal,2022-05-01 07:00 PM,2022,05,01,19,13.4,54,Moderate,14.0,UG/M3,1 Hr,Valid
Chisinau,PM2.5 - Principal,2022-05-01 08:00 PM,2022,05,01,20,13.2,53,Moderate,13.0,UG/M3,1 Hr,Valid
Chisinau,PM2.5 - Principal,2022-05-01 09:00 PM,2022,05,01,21,14.1,55,Moderate,15.0,UG/M3,1 Hr,Valid
Chisinau,PM2.5 - Principal,2022-05-01 10:00 PM,2022,05,01,22,15.0,57,Moderate,16.0,UG/M3,1 Hr,Valid
Chisinau,PM2.5 - Principal,2022-05-01 11:00 PM,2022,05,01,23,18.0,63,Moderate,21.0,UG/M3,1 Hr,Valid
Chisinau,PM2.5 - Principal,2022-05-02 12:00 AM,2022,05,02,00,19.5,67,Moderate,21.0,UG/M3,1 Hr,Valid
Chisinau,PM2.5 - Principal,2022-05-02 01:00 AM,2022,05,02,01,21.2,70,Moderate,23.0,UG/M3,1 Hr,Valid
Chisinau,PM2.5 - Principal,2022-05-02 02:00 AM,2022,05,02,02,22.1,72,Moderate,23.0,UG/M3,1 Hr,Valid
Chisinau,PM2.5 - Principal,2022-05-02 03:00 AM,2022,05,02,03,22.5,73,Moderate,23.0,UG/M3,1 Hr,Valid
Chisinau,PM2.5 - Principal,2022-05-02 04:00 AM,2022,05,02,04,21.7,71,Moderate,21.0,UG/M3,1 Hr,Valid
Chisinau,PM2.5 - Principal,2022-05-02 05:00 AM,2022,05,02,05,22.2,72,Moderate,23.0,UG/M3,1 Hr,Valid
Chisinau,PM2.5 - Principal,2022-05-02 06:00 AM,2022,05,02,06,19.9,67,Moderate,17.0,UG/M3,1 Hr,Valid
Chisinau,PM2.5 - Principal,2022-05-02 07:00 AM,2022,05,02,07,21.7,71,Moderate,24.0,UG/M3,1 Hr,Valid
Chisinau,PM2.5 - Principal,2022-05-02 08:00 AM,2022,05,02,08,19.9,67,Moderate,17.0,UG/M3,1 Hr,Valid
Chisinau,PM2.5 - Principal,2022-05-02 09:00 AM,2022,05,02,09,19.3,66,Moderate,18.0,UG/M3,1 Hr,Valid
Chisinau,PM2.5 - Principal,2022-05-02 10:00 AM,2022,05,02,10,19.4,66,Moderate,19.0,UG/M3,1 Hr,Valid
Chisinau,PM2.5 - Principal,2022-05-02 11:00 AM,2022,05,02,11,16.2,60,Moderate,13.0,UG/M3,1 Hr,Valid
Chisinau,PM2.5 - Principal,2022-05-02 12:00 PM,2022,05,02,12,13.9,55,Moderate,12.0,UG/M3,1 Hr,Valid
Chisinau,PM2.5 - Principal,2022-05-02 01:00 PM,2022,05,02,13,14.9,57,Moderate,16.0,UG/M3,1 Hr,Valid
Chisinau,PM2.5 - Principal,2022-05-02 02:00 PM,2022,05,02,14,12.9,53,Moderate,11.0,UG/M3,1 Hr,Valid
Chisinau,PM2.5 - Principal,2022-05-02 03:00 PM,2022,05,02,15,12.9,53,Moderate,13.0,UG/M3,1 Hr,Valid
Chisinau,PM2.5 - Principal,2022-05-02 04:00 PM,2022,05,02,16,11.9,50,Good,11.0,UG/M3,1 Hr,Valid
Chisinau,PM2.5 - Principal,2022-05-02 05:00 PM,2022,05,02,17,12.9,53,Moderate,14.0,UG/M3,1 Hr,Valid
Chisinau,PM2.5 - Principal,2022-05-02 06:00 PM,2022,05,02,18,14.9,57,Moderate,17.0,UG/M3,1 Hr,Valid
Chisinau,PM2.5 - Principal,2022-05-02 07:00 PM,2022,05,02,19,14.8,57,Moderate,15.0,UG/M3,1 Hr,Valid
Chisinau,PM2.5 - Principal,2022-05-02 08:00 PM,2022,05,02,20,15.3,58,Moderate,16.0,UG/M3,1 Hr,Valid
Chisinau,PM2.5 - Principal,2022-05-02 09:00 PM,2022,05,02,21,15.1,57,Moderate,15.0,UG/M3,1 Hr,Valid
Chisinau,PM2.5 - Principal,2022-05-02 10:00 PM,2022,05,02,22,14.6,56,Moderate,14.0,UG/M3,1 Hr,Valid
Chisinau,PM2.5 - Principal,2022-05-02 11:00 PM,2022,05,02,23,17.6,63,Moderate,21.0,UG/M3,1 Hr,Valid
Chisinau,PM2.5 - Principal,2022-05-03 12:00 AM,2022,05,03,00,19.9,67,Moderate,22.0,UG/M3,1 Hr,Valid
Chisinau,PM2.5 - Principal,2022-05-03 01:00 AM,2022,05,03,01,17.4,62,Moderate,15.0,UG/M3,1 Hr,Valid
Chisinau,PM2.5 - Principal,2022-05-03 02:00 AM,2022,05,03,02,16.2,60,Moderate,15.0,UG/M3,1 Hr,Valid
Chisinau,PM2.5 - Principal,2022-05-03 03:00 AM,2022,05,03,03,15.1,57,Moderate,14.0,UG/M3,1 Hr,Valid
Chisinau,PM2.5 - Principal,2022-05-03 04:00 AM,2022,05,03,04,13.0,53,Moderate,11.0,UG/M3,1 Hr,Valid
Chisinau,PM2.5 - Principal,2022-05-03 05:00 AM,2022,05,03,05,14.5,56,Moderate,16.0,UG/M3,1 Hr,Valid
Chisinau,PM2.5 - Principal,2022-05-03 06:00 AM,2022,05,03,06,15.2,58,Moderate,16.0,UG/M3,1 Hr,Valid
Chisinau,PM2.5 - Principal,2022-05-03 07:00 AM,2022,05,03,07,16.6,60,Moderate,18.0,UG/M3,1 Hr,Valid
Chisinau,PM2.5 - Principal,2022-05-03 08:00 AM,2022,05,03,08,17.3,62,Moderate,18.0,UG/M3,1 Hr,Valid
Chisinau,PM2.5 - Principal,2022-05-03 09:00 AM,2022,05,03,09,19.6,67,Moderate,22.0,UG/M3,1 Hr,Valid
Chisinau,PM2.5 - Principal,2022-05-03 10:00 AM,2022,05,03,10,20.8,69,Moderate,22.0,UG/M3,1 Hr,Valid
Chisinau,PM2.5 - Principal,2022-05-03 11:00 AM,2022,05,03,11,16.9,61,Moderate,13.0,UG/M3,1 Hr,Valid
Chisinau,PM2.5 - Principal,2022-05-03 12:00 PM,2022,05,03,12,14.9,57,Moderate,13.0,UG/M3,1 Hr,Valid
Chisinau,PM2.5 - Principal,2022-05-03 01:00 PM,2022,05,03,13,13.9,55,Moderate,13.0,UG/M3,1 Hr,Valid
Chisinau,PM2.5 - Principal,2022-05-03 02:00 PM,2022,05,03,14,13.4,54,Moderate,13.0,UG/M3,1 Hr,Valid
Chisinau,PM2.5 - Principal,2022-05-03 03:00 PM,2022,05,03,15,11.2,47,Good,9.0,UG/M3,1 Hr,Valid
Chisinau,PM2.5 - Principal,2022-05-03 04:00 PM,2022,05,03,16,11.1,46,Good,11.0,UG/M3,1 Hr,Valid
Chisinau,PM2.5 - Principal,2022-05-03 05:00 PM,2022,05,03,17,11.0,46,Good,11.0,UG/M3,1 Hr,Valid
Chisinau,PM2.5 - Principal,2022-05-03 06:00 PM,2022,05,03,18,11.5,48,Good,12.0,UG/M3,1 Hr,Valid
Chisinau,PM2.5 - Principal,2022-05-03 07:00 PM,2022,05,03,19,11.2,47,Good,11.0,UG/M3,1 Hr,Valid
Chisinau,PM2.5 - Principal,2022-05-03 08:00 PM,2022,05,03,20,12.6,52,Moderate,14.0,UG/M3,1 Hr,Valid
Chisinau,PM2.5 - Principal,2022-05-03 09:00 PM,2022,05,03,21,12.8,52,Moderate,13.0,UG/M3,1 Hr,Valid
Chisinau,PM2.5 - Principal,2022-05-03 10:00 PM,2022,05,03,22,13.5,54,Moderate,15.0,UG/M3,1 Hr,Valid
Chisinau,PM2.5 - Principal,2022-05-03 11:00 PM,2022,05,03,23,14.7,56,Moderate,16.0,UG/M3,1 Hr,Valid
Chisinau,PM2.5 - Principal,2022-05-04 12:00 AM,2022,05,04,00,14.8,57,Moderate,15.0,UG/M3,1 Hr,Valid
Chisinau,PM2.5 - Principal,2022-05-04 01:00 AM,2022,05,04,01,15.3,58,Moderate,16.0,UG/M3,1 Hr,Valid
Chisinau,PM2.5 - Principal,2022-05-04 02:00 AM,2022,05,04,02,15.1,57,Moderate,15.0,UG/M3,1 Hr,Valid
Chisinau,PM2.5 - Principal,2022-05-04 03:00 AM,2022,05,04,03,15.7,59,Moderate,17.0,UG/M3,1 Hr,Valid
Chisinau,PM2.5 - Principal,2022-05-04 04:00 AM,2022,05,04,04,14.4,56,Moderate,12.0,UG/M3,1 Hr,Valid
Chisinau,PM2.5 - Principal,2022-05-04 05:00 AM,2022,05,04,05,13.9,55,Moderate,13.0,UG/M3,1 Hr,Valid
Chisinau,PM2.5 - Principal,2022-05-04 06:00 AM,2022,05,04,06,13.9,55,Moderate,14.0,UG/M3,1 Hr,Valid
Chisinau,PM2.5 - Principal,2022-05-04 07:00 AM,2022,05,04,07,13.7,54,Moderate,13.0,UG/M3,1 Hr,Valid
Chisinau,PM2.5 - Principal,2022-05-04 08:00 AM,2022,05,04,08,14.7,56,Moderate,17.0,UG/M3,1 Hr,Valid
Chisinau,PM2.5 - Principal,2022-05-04 09:00 AM,2022,05,04,09,15.4,58,Moderate,17.0,UG/M3,1 Hr,Valid
Chisinau,PM2.5 - Principal,2022-05-04 10:00 AM,2022,05,04,10,15.5,58,Moderate,16.0,UG/M3,1 Hr,Valid
Chisinau,PM2.5 - Principal,2022-05-04 11:00 AM,2022,05,04,11,15.4,58,Moderate,15.0,UG/M3,1 Hr,Valid
Chisinau,PM2.5 - Principal,2022-05-04 12:00 PM,2022,05,04,12,14.6,56,Moderate,13.0,UG/M3,1 Hr,Valid
Chisinau,PM2.5 - Principal,2022-05-04 01:00 PM,2022,05,04,13,14.7,56,Moderate,15.0,UG/M3,1 Hr,Valid
Chisinau,PM2.5 - Principal,2022-05-04 02:00 PM,2022,05,04,14,15.1,57,Moderate,16.0,UG/M3,1 Hr,Valid
Chisinau,PM2.5 - Principal,2022-05-04 03:00 PM,2022,05,04,15,14.7,56,Moderate,14.0,UG/M3,1 Hr,Valid
Chisinau,PM2.5 - Principal,2022-05-04 04:00 PM,2022,05,04,16,13.4,54,Moderate,11.0,UG/M3,1 Hr,Valid
Chisinau,PM2.5 - Principal,2022-05-04 05:00 PM,2022,05,04,17,13.9,55,Moderate,15.0,UG/M3,1 Hr,Valid
Chisinau,PM2.5 - Principal,2022-05-04 06:00 PM,2022,05,04,18,12.9,53,Moderate,11.0,UG/M3,1 Hr,Valid
Chisinau,PM2.5 - Principal,2022-05-04 07:00 PM,2022,05,04,19,12.5,52,Moderate,12.0,UG/M3,1 Hr,Valid
Chisinau,PM2.5 - Principal,2022-05-04 08:00 PM,2022,05,04,20,12.0,50,Good,11.0,UG/M3,1 Hr,Valid
Chisinau,PM2.5 - Principal,2022-05-04 09:00 PM,2022,05,04,21,11.2,47,Good,10.0,UG/M3,1 Hr,Valid
Chisinau,PM2.5 - Principal,2022-05-04 10:00 PM,2022,05,04,22,12.6,52,Moderate,15.0,UG/M3,1 Hr,Valid
Chisinau,PM2.5 - Principal,2022-05-04 11:00 PM,2022,05,04,23,14.4,56,Moderate,17.0,UG/M3,1 Hr,Valid
Chisinau,PM2.5 - Principal,2022-05-05 12:00 AM,2022,05,05,00,13.8,55,Moderate,13.0,UG/M3,1 Hr,Valid
Chisinau,PM2.5 - Principal,2022-05-05 01:00 AM,2022,05,05,01,15.1,57,Moderate,17.0,UG/M3,1 Hr,Valid
Chisinau,PM2.5 - Principal,2022-05-05 02:00 AM,2022,05,05,02,16.4,60,Moderate,18.0,UG/M3,1 Hr,Valid
Chisinau,PM2.5 - Principal,2022-05-05 03:00 AM,2022,05,05,03,16.7,61,Moderate,17.0,UG/M3,1 Hr,Valid
Chisinau,PM2.5 - Principal,2022-05-05 04:00 AM,2022,05,05,04,17.8,63,Moderate,19.0,UG/M3,1 Hr,Valid
Chisinau,PM2.5 - Principal,2022-05-05 05:00 AM,2022,05,05,05,18.9,65,Moderate,20.0,UG/M3,1 Hr,Valid
Chisinau,PM2.5 - Principal,2022-05-05 06:00 AM,2022,05,05,06,16.9,61,Moderate,15.0,UG/M3,1 Hr,Valid
Chisinau,PM2.5 - Principal,2022-05-05 07:00 AM,2022,05,05,07,17.9,63,Moderate,19.0,UG/M3,1 Hr,Valid
Chisinau,PM2.5 - Principal,2022-05-05 08:00 AM,2022,05,05,08,14.9,57,Moderate,12.0,UG/M3,1 Hr,Valid
Chisinau,PM2.5 - Principal,2022-05-05 09:00 AM,2022,05,05,09,14.5,56,Moderate,13.0,UG/M3,1 Hr,Valid
Chisinau,PM2.5 - Principal,2022-05-05 10:00 AM,2022,05,05,10,12.7,52,Moderate,11.0,UG/M3,1 Hr,Valid
Chisinau,PM2.5 - Principal,2022-05-05 11:00 AM,2022,05,05,11,11.9,50,Good,11.0,UG/M3,1 Hr,Valid
Chisinau,PM2.5 - Principal,2022-05-05 12:00 PM,2022,05,05,12,10.8,45,Good,10.0,UG/M3,1 Hr,Valid
Chisinau,PM2.5 - Principal,2022-05-05 01:00 PM,2022,05,05,13,10.4,43,Good,10.0,UG/M3,1 Hr,Valid
Chisinau,PM2.5 - Principal,2022-05-05 02:00 PM,2022,05,05,14,9.2,38,Good,8.0,UG/M3,1 Hr,Valid
Chisinau,PM2.5 - Principal,2022-05-05 03:00 PM,2022,05,05,15,9.6,40,Good,10.0,UG/M3,1 Hr,Valid
Chisinau,PM2.5 - Principal,2022-05-05 04:00 PM,2022,05,05,16,8.8,37,Good,8.0,UG/M3,1 Hr,Valid
Chisinau,PM2.5 - Principal,2022-05-05 05:00 PM,2022,05,05,17,8.8,37,Good,9.0,UG/M3,1 Hr,Valid
Chisinau,PM2.5 - Principal,2022-05-05 06:00 PM,2022,05,05,18,11.9,50,Good,15.0,UG/M3,1 Hr,Valid
Chisinau,PM2.5 - Principal,2022-05-05 07:00 PM,2022,05,05,19,12.8,52,Moderate,14.0,UG/M3,1 Hr,Valid
Chisinau,PM2.5 - Principal,2022-05-05 08:00 PM,2022,05,05,20,12.4,52,Moderate,12.0,UG/M3,1 Hr,Valid
Chisinau,PM2.5 - Principal,2022-05-05 09:00 PM,2022,05,05,21,14.7,56,Moderate,17.0,UG/M3,1 Hr,Valid
Chisinau,PM2.5 - Principal,2022-05-05 10:00 PM,2022,05,05,22,19.3,66,Moderate,24.0,UG/M3,1 Hr,Valid
Chisinau,PM2.5 - Principal,2022-05-05 11:00 PM,2022,05,05,23,20.1,68,Moderate,21.0,UG/M3,1 Hr,Valid
Chisinau,PM2.5 - Principal,2022-05-06 12:00 AM,2022,05,06,00,20.5,69,Moderate,21.0,UG/M3,1 Hr,Valid
Chisinau,PM2.5 - Principal,2022-05-06 01:00 AM,2022,05,06,01,22.7,73,Moderate,25.0,UG/M3,1 Hr,Valid
Chisinau,PM2.5 - Principal,2022-05-06 02:00 AM,2022,05,06,02,21.9,72,Moderate,21.0,UG/M3,1 Hr,Valid
Chisinau,PM2.5 - Principal,2022-05-06 03:00 AM,2022,05,06,03,19.9,67,Moderate,18.0,UG/M3,1 Hr,Valid
Chisinau,PM2.5 - Principal,2022-05-06 04:00 AM,2022,05,06,04,21.4,71,Moderate,23.0,UG/M3,1 Hr,Valid
Chisinau,PM2.5 - Principal,2022-05-06 05:00 AM,2022,05,06,05,22.7,73,Moderate,24.0,UG/M3,1 Hr,Valid
Chisinau,PM2.5 - Principal,2022-05-06 06:00 AM,2022,05,06,06,22.8,74,Moderate,23.0,UG/M3,1 Hr,Valid
Chisinau,PM2.5 - Principal,2022-05-06 07:00 AM,2022,05,06,07,25.9,80,Moderate,29.0,UG/M3,1 Hr,Valid
Chisinau,PM2.5 - Principal,2022-05-06 08:00 AM,2022,05,06,08,24.3,77,Moderate,23.0,UG/M3,1 Hr,Valid
Chisinau,PM2.5 - Principal,2022-05-06 09:00 AM,2022,05,06,09,24.9,78,Moderate,26.0,UG/M3,1 Hr,Valid
Chisinau,PM2.5 - Principal,2022-05-06 10:00 AM,2022,05,06,10,25.3,79,Moderate,26.0,UG/M3,1 Hr,Valid
Chisinau,PM2.5 - Principal,2022-05-06 11:00 AM,2022,05,06,11,19.3,66,Moderate,13.0,UG/M3,1 Hr,Valid
Chisinau,PM2.5 - Principal,2022-05-06 12:00 PM,2022,05,06,12,14.6,56,Moderate,10.0,UG/M3,1 Hr,Valid
Chisinau,PM2.5 - Principal,2022-05-06 01:00 PM,2022,05,06,13,13.3,54,Moderate,12.0,UG/M3,1 Hr,Valid
Chisinau,PM2.5 - Principal,2022-05-06 02:00 PM,2022,05,06,14,11.6,48,Good,10.0,UG/M3,1 Hr,Valid
Chisinau,PM2.5 - Principal,2022-05-06 03:00 PM,2022,05,06,15,13.8,55,Moderate,16.0,UG/M3,1 Hr,Valid
Chisinau,PM2.5 - Principal,2022-05-06 04:00 PM,2022,05,06,16,15.4,58,Moderate,17.0,UG/M3,1 Hr,Valid
Chisinau,PM2.5 - Principal,2022-05-06 05:00 PM,2022,05,06,17,15.7,59,Moderate,16.0,UG/M3,1 Hr,Valid
Chisinau,PM2.5 - Principal,2022-05-06 06:00 PM,2022,05,06,18,16.3,60,Moderate,17.0,UG/M3,1 Hr,Valid
Chisinau,PM2.5 - Principal,2022-05-06 07:00 PM,2022,05,06,19,17.1,62,Moderate,18.0,UG/M3,1 Hr,Valid
Chisinau,PM2.5 - Principal,2022-05-06 08:00 PM,2022,05,06,20,16.5,60,Moderate,16.0,UG/M3,1 Hr,Valid
Chisinau,PM2.5 - Principal,2022-05-06 09:00 PM,2022,05,06,21,17.2,62,Moderate,18.0,UG/M3,1 Hr,Valid
Chisinau,PM2.5 - Principal,2022-05-06 10:00 PM,2022,05,06,22,22.1,72,Moderate,27.0,UG/M3,1 Hr,Valid
Chisinau,PM2.5 - Principal,2022-05-06 11:00 PM,2022,05,06,23,26.5,81,Moderate,31.0,UG/M3,1 Hr,Valid
Chisinau,PM2.5 - Principal,2022-05-07 12:00 AM,2022,05,07,00,30.2,89,Moderate,34.0,UG/M3,1 Hr,Valid
Chisinau,PM2.5 - Principal,2022-05-07 01:00 AM,2022,05,07,01,28.1,85,Moderate,26.0,UG/M3,1 Hr,Valid
Chisinau,PM2.5 - Principal,2022-05-07 02:00 AM,2022,05,07,02,26.0,80,Moderate,24.0,UG/M3,1 Hr,Valid
Chisinau,PM2.5 - Principal,2022-05-07 03:00 AM,2022,05,07,03,25.5,79,Moderate,25.0,UG/M3,1 Hr,Valid
Chisinau,PM2.5 - Principal,2022-05-07 04:00 AM,2022,05,07,04,26.2,81,Moderate,27.0,UG/M3,1 Hr,Valid
Chisinau,PM2.5 - Principal,2022-05-07 05:00 AM,2022,05,07,05,25.1,78,Moderate,24.0,UG/M3,1 Hr,Valid
Chisinau,PM2.5 - Principal,2022-05-07 06:00 AM,2022,05,07,06,27.0,82,Moderate,29.0,UG/M3,1 Hr,Valid
Chisinau,PM2.5 - Principal,2022-05-07 07:00 AM,2022,05,07,07,26.0,80,Moderate,25.0,UG/M3,1 Hr,Valid
Chisinau,PM2.5 - Principal,2022-05-07 08:00 AM,2022,05,07,08,24.6,77,Moderate,23.0,UG/M3,1 Hr,Valid
Chisinau,PM2.5 - Principal,2022-05-07 09:00 AM,2022,05,07,09,25.4,79,Moderate,26.0,UG/M3,1 Hr,Valid
Chisinau,PM2.5 - Principal,2022-05-07 10:00 AM,2022,05,07,10,25.2,79,Moderate,25.0,UG/M3,1 Hr,Valid
Chisinau,PM2.5 - Principal,2022-05-07 11:00 AM,2022,05,07,11,22.4,73,Moderate,19.0,UG/M3,1 Hr,Valid
Chisinau,PM2.5 - Principal,2022-05-07 12:00 PM,2022,05,07,12,18.0,63,Moderate,14.0,UG/M3,1 Hr,Valid
Chisinau,PM2.5 - Principal,2022-05-07 01:00 PM,2022,05,07,13,18.0,63,Moderate,18.0,UG/M3,1 Hr,Valid
Chisinau,PM2.5 - Principal,2022-05-07 02:00 PM,2022,05,07,14,15.5,58,Moderate,13.0,UG/M3,1 Hr,Valid
Chisinau,PM2.5 - Principal,2022-05-07 03:00 PM,2022,05,07,15,14.7,56,Moderate,14.0,UG/M3,1 Hr,Valid
Chisinau,PM2.5 - Principal,2022-05-07 04:00 PM,2022,05,07,16,14.3,56,Moderate,14.0,UG/M3,1 Hr,Valid
Chisinau,PM2.5 - Principal,2022-05-07 05:00 PM,2022,05,07,17,15.6,58,Moderate,17.0,UG/M3,1 Hr,Valid
Chisinau,PM2.5 - Principal,2022-05-07 06:00 PM,2022,05,07,18,14.8,57,Moderate,14.0,UG/M3,1 Hr,Valid
Chisinau,PM2.5 - Principal,2022-05-07 07:00 PM,2022,05,07,19,14.4,56,Moderate,14.0,UG/M3,1 Hr,Valid
Chisinau,PM2.5 - Principal,2022-05-07 08:00 PM,2022,05,07,20,13.7,54,Moderate,13.0,UG/M3,1 Hr,Valid
Chisinau,PM2.5 - Principal,2022-05-07 09:00 PM,2022,05,07,21,15.7,59,Moderate,18.0,UG/M3,1 Hr,Valid
Chisinau,PM2.5 - Principal,2022-05-07 10:00 PM,2022,05,07,22,15.5,58,Moderate,16.0,UG/M3,1 Hr,Valid
Chisinau,PM2.5 - Principal,2022-05-07 11:00 PM,2022,05,07,23,15.8,59,Moderate,17.0,UG/M3,1 Hr,Valid
Chisinau,PM2.5 - Principal,2022-05-08 12:00 AM,2022,05,08,00,15.0,57,Moderate,13.0,UG/M3,1 Hr,Valid
Chisinau,PM2.5 - Principal,2022-05-08 01:00 AM,2022,05,08,01,14.7,56,Moderate,14.0,UG/M3,1 Hr,Valid
Chisinau,PM2.5 - Principal,2022-05-08 02:00 AM,2022,05,08,02,14.5,56,Moderate,14.0,UG/M3,1 Hr,Valid
Chisinau,PM2.5 - Principal,2022-05-08 03:00 AM,2022,05,08,03,14.1,55,Moderate,13.0,UG/M3,1 Hr,Valid
Chisinau,PM2.5 - Principal,2022-05-08 04:00 AM,2022,05,08,04,13.3,54,Moderate,12.0,UG/M3,1 Hr,Valid
Chisinau,PM2.5 - Principal,2022-05-08 05:00 AM,2022,05,08,05,13.5,54,Moderate,14.0,UG/M3,1 Hr,Valid
Chisinau,PM2.5 - Principal,2022-05-08 06:00 AM,2022,05,08,06,13.6,54,Moderate,14.0,UG/M3,1 Hr,Valid
Chisinau,PM2.5 - Principal,2022-05-08 07:00 AM,2022,05,08,07,14.1,55,Moderate,15.0,UG/M3,1 Hr,Valid
Chisinau,PM2.5 - Principal,2022-05-08 08:00 AM,2022,05,08,08,14.4,56,Moderate,15.0,UG/M3,1 Hr,Valid
Chisinau,PM2.5 - Principal,2022-05-08 09:00 AM,2022,05,08,09,14.2,55,Moderate,14.0,UG/M3,1 Hr,Valid
Chisinau,PM2.5 - Principal,2022-05-08 10:00 AM,2022,05,08,10,13.5,54,Moderate,12.0,UG/M3,1 Hr,Valid
Chisinau,PM2.5 - Principal,2022-05-08 11:00 AM,2022,05,08,11,9.5,40,Good,6.0,UG/M3,1 Hr,Valid
Chisinau,PM2.5 - Principal,2022-05-08 12:00 PM,2022,05,08,12,8.2,34,Good,7.0,UG/M3,1 Hr,Valid
Chisinau,PM2.5 - Principal,2022-05-08 01:00 PM,2022,05,08,13,9.1,38,Good,10.0,UG/M3,1 Hr,Valid
Chisinau,PM2.5 - Principal,2022-05-08 02:00 PM,2022,05,08,14,9.5,40,Good,10.0,UG/M3,1 Hr,Valid
Chisinau,PM2.5 - Principal,2022-05-08 03:00 PM,2022,05,08,15,9.2,38,Good,9.0,UG/M3,1 Hr,Valid
Chisinau,PM2.5 - Principal,2022-05-08 04:00 PM,2022,05,08,16,8.1,34,Good,7.0,UG/M3,1 Hr,Valid
Chisinau,PM2.5 - Principal,2022-05-08 05:00 PM,2022,05,08,17,8.5,35,Good,9.0,UG/M3,1 Hr,Valid
Chisinau,PM2.5 - Principal,2022-05-08 06:00 PM,2022,05,08,18,10.2,43,Good,12.0,UG/M3,1 Hr,Valid
Chisinau,PM2.5 - Principal,2022-05-08 07:00 PM,2022,05,08,19,9.1,38,Good,8.0,UG/M3,1 Hr,Valid
Chisinau,PM2.5 - Principal,2022-05-08 08:00 PM,2022,05,08,20,9.5,40,Good,10.0,UG/M3,1 Hr,Valid
Chisinau,PM2.5 - Principal,2022-05-08 09:00 PM,2022,05,08,21,11.2,47,Good,13.0,UG/M3,1 Hr,Valid
Chisinau,PM2.5 - Principal,2022-05-08 10:00 PM,2022,05,08,22,11.6,48,Good,12.0,UG/M3,1 Hr,Valid
Chisinau,PM2.5 - Principal,2022-05-08 11:00 PM,2022,05,08,23,9.9,41,Good,8.0,UG/M3,1 Hr,Valid
Chisinau,PM2.5 - Principal,2022-05-09 12:00 AM,2022,05,09,00,12.4,52,Moderate,15.0,UG/M3,1 Hr,Valid
Chisinau,PM2.5 - Principal,2022-05-09 01:00 AM,2022,05,09,01,11.7,49,Good,11.0,UG/M3,1 Hr,Valid
Chisinau,PM2.5 - Principal,2022-05-09 02:00 AM,2022,05,09,02,12.3,51,Moderate,13.0,UG/M3,1 Hr,Valid
Chisinau,PM2.5 - Principal,2022-05-09 03:00 AM,2022,05,09,03,12.1,51,Moderate,12.0,UG/M3,1 Hr,Valid
Chisinau,PM2.5 - Principal,2022-05-09 04:00 AM,2022,05,09,04,12.5,52,Moderate,13.0,UG/M3,1 Hr,Valid
Chisinau,PM2.5 - Principal,2022-05-09 05:00 AM,2022,05,09,05,12.2,51,Moderate,12.0,UG/M3,1 Hr,Valid
Chisinau,PM2.5 - Principal,2022-05-09 06:00 AM,2022,05,09,06,13.5,54,Moderate,15.0,UG/M3,1 Hr,Valid
Chisinau,PM2.5 - Principal,2022-05-09 07:00 AM,2022,05,09,07,12.3,51,Moderate,11.0,UG/M3,1 Hr,Valid
Chisinau,PM2.5 - Principal,2022-05-09 08:00 AM,2022,05,09,08,13.1,53,Moderate,14.0,UG/M3,1 Hr,Valid
Chisinau,PM2.5 - Principal,2022-05-09 09:00 AM,2022,05,09,09,15.0,57,Moderate,17.0,UG/M3,1 Hr,Valid
Chisinau,PM2.5 - Principal,2022-05-09 10:00 AM,2022,05,09,10,16.5,60,Moderate,18.0,UG/M3,1 Hr,Valid
Chisinau,PM2.5 - Principal,2022-05-09 11:00 AM,2022,05,09,11,15.9,59,Moderate,16.0,UG/M3,1 Hr,Valid
Chisinau,PM2.5 - Principal,2022-05-09 12:00 PM,2022,05,09,12,13.4,54,Moderate,10.0,UG/M3,1 Hr,Valid
Chisinau,PM2.5 - Principal,2022-05-09 01:00 PM,2022,05,09,13,12.3,51,Moderate,11.0,UG/M3,1 Hr,Valid
Chisinau,PM2.5 - Principal,2022-05-09 02:00 PM,2022,05,09,14,12.6,52,Moderate,13.0,UG/M3,1 Hr,Valid
Chisinau,PM2.5 - Principal,2022-05-09 03:00 PM,2022,05,09,15,12.3,51,Moderate,12.0,UG/M3,1 Hr,Valid
Chisinau,PM2.5 - Principal,2022-05-09 04:00 PM,2022,05,09,16,11.7,49,Good,11.0,UG/M3,1 Hr,Valid
Chisinau,PM2.5 - Principal,2022-05-09 05:00 PM,2022,05,09,17,14.0,55,Moderate,17.0,UG/M3,1 Hr,Valid
Chisinau,PM2.5 - Principal,2022-05-09 06:00 PM,2022,05,09,18,14.4,56,Moderate,15.0,UG/M3,1 Hr,Valid
Chisinau,PM2.5 - Principal,2022-05-09 07:00 PM,2022,05,09,19,15.6,58,Moderate,17.0,UG/M3,1 Hr,Valid
Chisinau,PM2.5 - Principal,2022-05-09 08:00 PM,2022,05,09,20,13.1,53,Moderate,10.0,UG/M3,1 Hr,Valid
Chisinau,PM2.5 - Principal,2022-05-09 09:00 PM,2022,05,09,21,17.4,62,Moderate,22.0,UG/M3,1 Hr,Valid
Chisinau,PM2.5 - Principal,2022-05-09 10:00 PM,2022,05,09,22,16.7,61,Moderate,16.0,UG/M3,1 Hr,Valid
Chisinau,PM2.5 - Principal,2022-05-09 11:00 PM,2022,05,09,23,18.3,64,Moderate,20.0,UG/M3,1 Hr,Valid
Chisinau,PM2.5 - Principal,2022-05-10 12:00 AM,2022,05,10,00,19.6,67,Moderate,21.0,UG/M3,1 Hr,Valid
Chisinau,PM2.5 - Principal,2022-05-10 01:00 AM,2022,05,10,01,18.8,65,Moderate,18.0,UG/M3,1 Hr,Valid
Chisinau,PM2.5 - Principal,2022-05-10 02:00 AM,2022,05,10,02,16.4,60,Moderate,14.0,UG/M3,1 Hr,Valid
Chisinau,PM2.5 - Principal,2022-05-10 03:00 AM,2022,05,10,03,13.7,54,Moderate,11.0,UG/M3,1 Hr,Valid
Chisinau,PM2.5 - Principal,2022-05-10 04:00 AM,2022,05,10,04,14.3,56,Moderate,15.0,UG/M3,1 Hr,Valid
Chisinau,PM2.5 - Principal,2022-05-10 05:00 AM,2022,05,10,05,14.1,55,Moderate,14.0,UG/M3,1 Hr,Valid
Chisinau,PM2.5 - Principal,2022-05-10 06:00 AM,2022,05,10,06,15.0,57,Moderate,16.0,UG/M3,1 Hr,Valid
Chisinau,PM2.5 - Principal,2022-05-10 07:00 AM,2022,05,10,07,16.0,59,Moderate,17.0,UG/M3,1 Hr,Valid
Chisinau,PM2.5 - Principal,2022-05-10 08:00 AM,2022,05,10,08,15.0,57,Moderate,14.0,UG/M3,1 Hr,Valid
Chisinau,PM2.5 - Principal,2022-05-10 09:00 AM,2022,05,10,09,16.4,60,Moderate,18.0,UG/M3,1 Hr,Valid
Chisinau,PM2.5 - Principal,2022-05-10 10:00 AM,2022,05,10,10,18.6,65,Moderate,21.0,UG/M3,1 Hr,Valid
Chisinau,PM2.5 - Principal,2022-05-10 11:00 AM,2022,05,10,11,16.4,60,Moderate,14.0,UG/M3,1 Hr,Valid
Chisinau,PM2.5 - Principal,2022-05-10 12:00 PM,2022,05,10,12,16.6,60,Moderate,17.0,UG/M3,1 Hr,Valid
Chisinau,PM2.5 - Principal,2022-05-10 01:00 PM,2022,05,10,13,13.3,54,Moderate,10.0,UG/M3,1 Hr,Valid
Chisinau,PM2.5 - Principal,2022-05-10 02:00 PM,2022,05,10,14,12.1,51,Moderate,11.0,UG/M3,1 Hr,Valid
Chisinau,PM2.5 - Principal,2022-05-10 03:00 PM,2022,05,10,15,11.0,46,Good,10.0,UG/M3,1 Hr,Valid
Chisinau,PM2.5 - Principal,2022-05-10 04:00 PM,2022,05,10,16,11.5,48,Good,12.0,UG/M3,1 Hr,Valid
Chisinau,PM2.5 - Principal,2022-05-10 05:00 PM,2022,05,10,17,10.7,45,Good,10.0,UG/M3,1 Hr,Valid
Chisinau,PM2.5 - Principal,2022-05-10 06:00 PM,2022,05,10,18,10.3,43,Good,10.0,UG/M3,1 Hr,Valid
Chisinau,PM2.5 - Principal,2022-05-10 07:00 PM,2022,05,10,19,10.1,42,Good,10.0,UG/M3,1 Hr,Valid
Chisinau,PM2.5 - Principal,2022-05-10 08:00 PM,2022,05,10,20,9.5,40,Good,9.0,UG/M3,1 Hr,Valid
Chisinau,PM2.5 - Principal,2022-05-10 09:00 PM,2022,05,10,21,12.7,52,Moderate,16.0,UG/M3,1 Hr,Valid
Chisinau,PM2.5 - Principal,2022-05-10 10:00 PM,2022,05,10,22,13.2,53,Moderate,14.0,UG/M3,1 Hr,Valid
Chisinau,PM2.5 - Principal,2022-05-10 11:00 PM,2022,05,10,23,15.6,58,Moderate,18.0,UG/M3,1 Hr,Valid
Chisinau,PM2.5 - Principal,2022-05-11 12:00 AM,2022,05,11,00,18.3,64,Moderate,21.0,UG/M3,1 Hr,Valid
Chisinau,PM2.5 - Principal,2022-05-11 01:00 AM,2022,05,11,01,19.6,67,Moderate,21.0,UG/M3,1 Hr,Valid
Chisinau,PM2.5 - Principal,2022-05-11 02:00 AM,2022,05,11,02,20.8,69,Moderate,22.0,UG/M3,1 Hr,Valid
Chisinau,PM2.5 - Principal,2022-05-11 03:00 AM,2022,05,11,03,18.9,65,Moderate,17.0,UG/M3,1 Hr,Valid
Chisinau,PM2.5 - Principal,2022-05-11 04:00 AM,2022,05,11,04,19.4,66,Moderate,20.0,UG/M3,1 Hr,Valid
Chisinau,PM2.5 - Principal,2022-05-11 05:00 AM,2022,05,11,05,18.2,64,Moderate,17.0,UG/M3,1 Hr,Valid
Chisinau,PM2.5 - Principal,2022-05-11 06:00 AM,2022,05,11,06,17.1,62,Moderate,16.0,UG/M3,1 Hr,Valid
Chisinau,PM2.5 - Principal,2022-05-11 07:00 AM,2022,05,11,07,16.0,59,Moderate,15.0,UG/M3,1 Hr,Valid
Chisinau,PM2.5 - Principal,2022-05-11 08:00 AM,2022,05,11,08,16.7,61,Moderate,17.0,UG/M3,1 Hr,Valid
Chisinau,PM2.5 - Principal,2022-05-11 09:00 AM,2022,05,11,09,16.8,61,Moderate,17.0,UG/M3,1 Hr,Valid
Chisinau,PM2.5 - Principal,2022-05-11 10:00 AM,2022,05,11,10,15.8,59,Moderate,14.0,UG/M3,1 Hr,Valid
Chisinau,PM2.5 - Principal,2022-05-11 11:00 AM,2022,05,11,11,14.5,56,Moderate,13.0,UG/M3,1 Hr,Valid
Chisinau,PM2.5 - Principal,2022-05-11 12:00 PM,2022,05,11,12,12.5,52,Moderate,11.0,UG/M3,1 Hr,Valid
Chisinau,PM2.5 - Principal,2022-05-11 01:00 PM,2022,05,11,13,12.2,51,Moderate,12.0,UG/M3,1 Hr,Valid
Chisinau,PM2.5 - Principal,2022-05-11 02:00 PM,2022,05,11,14,11.8,49,Good,11.0,UG/M3,1 Hr,Valid
Chisinau,PM2.5 - Principal,2022-05-11 03:00 PM,2022,05,11,15,11.8,49,Good,12.0,UG/M3,1 Hr,Valid
Chisinau,PM2.5 - Principal,2022-05-11 04:00 PM,2022,05,11,16,11.7,49,Good,11.0,UG/M3,1 Hr,Valid
Chisinau,PM2.5 - Principal,2022-05-11 05:00 PM,2022,05,11,17,12.5,52,Moderate,14.0,UG/M3,1 Hr,Valid
Chisinau,PM2.5 - Principal,2022-05-11 06:00 PM,2022,05,11,18,12.3,51,Moderate,12.0,UG/M3,1 Hr,Valid
Chisinau,PM2.5 - Principal,2022-05-11 07:00 PM,2022,05,11,19,10.7,45,Good,9.0,UG/M3,1 Hr,Valid
Chisinau,PM2.5 - Principal,2022-05-11 08:00 PM,2022,05,11,20,10.8,45,Good,11.0,UG/M3,1 Hr,Valid
Chisinau,PM2.5 - Principal,2022-05-11 09:00 PM,2022,05,11,21,12.1,51,Moderate,14.0,UG/M3,1 Hr,Valid
Chisinau,PM2.5 - Principal,2022-05-11 10:00 PM,2022,05,11,22,15.2,58,Moderate,18.0,UG/M3,1 Hr,Valid
Chisinau,PM2.5 - Principal,2022-05-11 11:00 PM,2022,05,11,23,16.1,59,Moderate,17.0,UG/M3,1 Hr,Valid
Chisinau,PM2.5 - Principal,2022-05-12 12:00 AM,2022,05,12,00,19.0,66,Moderate,22.0,UG/M3,1 Hr,Valid
Chisinau,PM2.5 - Principal,2022-05-12 01:00 AM,2022,05,12,01,18.5,64,Moderate,18.0,UG/M3,1 Hr,Valid
Chisinau,PM2.5 - Principal,2022-05-12 02:00 AM,2022,05,12,02,18.2,64,Moderate,18.0,UG/M3,1 Hr,Valid
Chisinau,PM2.5 - Principal,2022-05-12 03:00 AM,2022,05,12,03,19.6,67,Moderate,21.0,UG/M3,1 Hr,Valid
Chisinau,PM2.5 - Principal,2022-05-12 04:00 AM,2022,05,12,04,18.3,64,Moderate,17.0,UG/M3,1 Hr,Valid
Chisinau,PM2.5 - Principal,2022-05-12 05:00 AM,2022,05,12,05,18.6,65,Moderate,19.0,UG/M3,1 Hr,Valid
Chisinau,PM2.5 - Principal,2022-05-12 06:00 AM,2022,05,12,06,17.8,63,Moderate,17.0,UG/M3,1 Hr,Valid
Chisinau,PM2.5 - Principal,2022-05-12 07:00 AM,2022,05,12,07,17.9,63,Moderate,18.0,UG/M3,1 Hr,Valid
Chisinau,PM2.5 - Principal,2022-05-12 08:00 AM,2022,05,12,08,18.3,64,Moderate,19.0,UG/M3,1 Hr,Valid
Chisinau,PM2.5 - Principal,2022-05-12 09:00 AM,2022,05,12,09,18.7,65,Moderate,20.0,UG/M3,1 Hr,Valid
Chisinau,PM2.5 - Principal,2022-05-12 10:00 AM,2022,05,12,10,19.5,67,Moderate,22.0,UG/M3,1 Hr,Valid
Chisinau,PM2.5 - Principal,2022-05-12 11:00 AM,2022,05,12,11,16.6,60,Moderate,12.0,UG/M3,1 Hr,Valid
Chisinau,PM2.5 - Principal,2022-05-12 12:00 PM,2022,05,12,12,14.5,56,Moderate,12.0,UG/M3,1 Hr,Valid
Chisinau,PM2.5 - Principal,2022-05-12 01:00 PM,2022,05,12,13,13.3,54,Moderate,12.0,UG/M3,1 Hr,Valid
Chisinau,PM2.5 - Principal,2022-05-12 02:00 PM,2022,05,12,14,14.1,55,Moderate,15.0,UG/M3,1 Hr,Valid
Chisinau,PM2.5 - Principal,2022-05-12 03:00 PM,2022,05,12,15,13.6,54,Moderate,13.0,UG/M3,1 Hr,Valid
Chisinau,PM2.5 - Principal,2022-05-12 04:00 PM,2022,05,12,16,12.8,52,Moderate,12.0,UG/M3,1 Hr,Valid
Chisinau,PM2.5 - Principal,2022-05-12 05:00 PM,2022,05,12,17,14.7,56,Moderate,17.0,UG/M3,1 Hr,Valid
Chisinau,PM2.5 - Principal,2022-05-12 06:00 PM,2022,05,12,18,15.3,58,Moderate,16.0,UG/M3,1 Hr,Valid
Chisinau,PM2.5 - Principal,2022-05-12 07:00 PM,2022,05,12,19,15.6,58,Moderate,16.0,UG/M3,1 Hr,Valid
Chisinau,PM2.5 - Principal,2022-05-12 08:00 PM,2022,05,12,20,15.3,58,Moderate,15.0,UG/M3,1 Hr,Valid
Chisinau,PM2.5 - Principal,2022-05-12 09:00 PM,2022,05,12,21,14.7,56,Moderate,14.0,UG/M3,1 Hr,Valid
Chisinau,PM2.5 - Principal,2022-05-12 10:00 PM,2022,05,12,22,15.4,58,Moderate,17.0,UG/M3,1 Hr,Valid
Chisinau,PM2.5 - Principal,2022-05-12 11:00 PM,2022,05,12,23,16.8,61,Moderate,19.0,UG/M3,1 Hr,Valid
Chisinau,PM2.5 - Principal,2022-05-13 12:00 AM,2022,05,13,00,17.6,63,Moderate,19.0,UG/M3,1 Hr,Valid
Chisinau,PM2.5 - Principal,2022-05-13 01:00 AM,2022,05,13,01,18.6,65,Moderate,20.0,UG/M3,1 Hr,Valid
Chisinau,PM2.5 - Principal,2022-05-13 02:00 AM,2022,05,13,02,21.5,71,Moderate,24.0,UG/M3,1 Hr,Valid
Chisinau,PM2.5 - Principal,2022-05-13 03:00 AM,2022,05,13,03,21.2,70,Moderate,21.0,UG/M3,1 Hr,Valid
Chisinau,PM2.5 - Principal,2022-05-13 04:00 AM,2022,05,13,04,21.4,71,Moderate,22.0,UG/M3,1 Hr,Valid
Chisinau,PM2.5 - Principal,2022-05-13 05:00 AM,2022,05,13,05,24.2,76,Moderate,27.0,UG/M3,1 Hr,Valid
Chisinau,PM2.5 - Principal,2022-05-13 06:00 AM,2022,05,13,06,23.1,74,Moderate,22.0,UG/M3,1 Hr,Valid
Chisinau,PM2.5 - Principal,2022-05-13 07:00 AM,2022,05,13,07,20.1,68,Moderate,17.0,UG/M3,1 Hr,Valid
Chisinau,PM2.5 - Principal,2022-05-13 08:00 AM,2022,05,13,08,21.0,70,Moderate,22.0,UG/M3,1 Hr,Valid
Chisinau,PM2.5 - Principal,2022-05-13 09:00 AM,2022,05,13,09,20.7,69,Moderate,20.0,UG/M3,1 Hr,Valid
Chisinau,PM2.5 - Principal,2022-05-13 10:00 AM,2022,05,13,10,20.8,69,Moderate,21.0,UG/M3,1 Hr,Valid
Chisinau,PM2.5 - Principal,2022-05-13 11:00 AM,2022,05,13,11,19.7,67,Moderate,18.0,UG/M3,1 Hr,Valid
Chisinau,PM2.5 - Principal,2022-05-13 12:00 PM,2022,05,13,12,19.5,67,Moderate,19.0,UG/M3,1 Hr,Valid
Chisinau,PM2.5 - Principal,2022-05-13 01:00 PM,2022,05,13,13,18.0,63,Moderate,16.0,UG/M3,1 Hr,Valid
Chisinau,PM2.5 - Principal,2022-05-13 02:00 PM,2022,05,13,14,16.5,60,Moderate,15.0,UG/M3,1 Hr,Valid
Chisinau,PM2.5 - Principal,2022-05-13 03:00 PM,2022,05,13,15,17.2,62,Moderate,18.0,UG/M3,1 Hr,Valid
Chisinau,PM2.5 - Principal,2022-05-13 04:00 PM,2022,05,13,16,19.3,66,Moderate,22.0,UG/M3,1 Hr,Valid
Chisinau,PM2.5 - Principal,2022-05-13 05:00 PM,2022,05,13,17,19.5,67,Moderate,21.0,UG/M3,1 Hr,Valid
Chisinau,PM2.5 - Principal,2022-05-13 06:00 PM,2022,05,13,18,22.5,73,Moderate,26.0,UG/M3,1 Hr,Valid
Chisinau,PM2.5 - Principal,2022-05-13 07:00 PM,2022,05,13,19,24.0,76,Moderate,26.0,UG/M3,1 Hr,Valid
Chisinau,PM2.5 - Principal,2022-05-13 08:00 PM,2022,05,13,20,25.4,79,Moderate,27.0,UG/M3,1 Hr,Valid
Chisinau,PM2.5 - Principal,2022-05-13 09:00 PM,2022,05,13,21,29.3,87,Moderate,33.0,UG/M3,1 Hr,Valid
Chisinau,PM2.5 - Principal,2022-05-13 10:00 PM,2022,05,13,22,22.1,72,Moderate,15.0,UG/M3,1 Hr,Valid
Chisinau,PM2.5 - Principal,2022-05-13 11:00 PM,2022,05,13,23,17.5,62,Moderate,13.0,UG/M3,1 Hr,Valid
Chisinau,PM2.5 - Principal,2022-05-14 12:00 AM,2022,05,14,00,17.2,62,Moderate,17.0,UG/M3,1 Hr,Valid
Chisinau,PM2.5 - Principal,2022-05-14 01:00 AM,2022,05,14,01,17.1,62,Moderate,17.0,UG/M3,1 Hr,Valid
Chisinau,PM2.5 - Principal,2022-05-14 02:00 AM,2022,05,14,02,17.0,61,Moderate,17.0,UG/M3,1 Hr,Valid
Chisinau,PM2.5 - Principal,2022-05-14 03:00 AM,2022,05,14,03,17.5,62,Moderate,18.0,UG/M3,1 Hr,Valid
Chisinau,PM2.5 - Principal,2022-05-14 04:00 AM,2022,05,14,04,15.7,59,Moderate,14.0,UG/M3,1 Hr,Valid
Chisinau,PM2.5 - Principal,2022-05-14 05:00 AM,2022,05,14,05,15.8,59,Moderate,16.0,UG/M3,1 Hr,Valid
Chisinau,PM2.5 - Principal,2022-05-14 06:00 AM,2022,05,14,06,13.9,55,Moderate,12.0,UG/M3,1 Hr,Valid
Chisinau,PM2.5 - Principal,2022-05-14 07:00 AM,2022,05,14,07,12.4,52,Moderate,11.0,UG/M3,1 Hr,Valid
Chisinau,PM2.5 - Principal,2022-05-14 08:00 AM,2022,05,14,08,12.2,51,Moderate,12.0,UG/M3,1 Hr,Valid
Chisinau,PM2.5 - Principal,2022-05-14 09:00 AM,2022,05,14,09,10.6,44,Good,9.0,UG/M3,1 Hr,Valid
Chisinau,PM2.5 - Principal,2022-05-14 10:00 AM,2022,05,14,10,11.8,49,Good,13.0,UG/M3,1 Hr,Valid
Chisinau,PM2.5 - Principal,2022-05-14 11:00 AM,2022,05,14,11,11.9,50,Good,12.0,UG/M3,1 Hr,Valid
Chisinau,PM2.5 - Principal,2022-05-14 12:00 PM,2022,05,14,12,13.4,54,Moderate,15.0,UG/M3,1 Hr,Valid
Chisinau,PM2.5 - Principal,2022-05-14 01:00 PM,2022,05,14,13,15.2,58,Moderate,17.0,UG/M3,1 Hr,Valid
Chisinau,PM2.5 - Principal,2022-05-14 02:00 PM,2022,05,14,14,15.1,57,Moderate,15.0,UG/M3,1 Hr,Valid
Chisinau,PM2.5 - Principal,2022-05-14 03:00 PM,2022,05,14,15,13.6,54,Moderate,12.0,UG/M3,1 Hr,Valid
Chisinau,PM2.5 - Principal,2022-05-14 04:00 PM,2022,05,14,16,12.8,52,Moderate,12.0,UG/M3,1 Hr,Valid
Chisinau,PM2.5 - Principal,2022-05-14 05:00 PM,2022,05,14,17,13.8,55,Moderate,15.0,UG/M3,1 Hr,Valid
Chisinau,PM2.5 - Principal,2022-05-14 06:00 PM,2022,05,14,18,15.3,58,Moderate,17.0,UG/M3,1 Hr,Valid
Chisinau,PM2.5 - Principal,2022-05-14 07:00 PM,2022,05,14,19,14.7,56,Moderate,14.0,UG/M3,1 Hr,Valid
Chisinau,PM2.5 - Principal,2022-05-14 08:00 PM,2022,05,14,20,16.3,60,Moderate,18.0,UG/M3,1 Hr,Valid
Chisinau,PM2.5 - Principal,2022-05-14 09:00 PM,2022,05,14,21,15.5,58,Moderate,15.0,UG/M3,1 Hr,Valid
Chisinau,PM2.5 - Principal,2022-05-14 10:00 PM,2022,05,14,22,15.6,58,Moderate,16.0,UG/M3,1 Hr,Valid
Chisinau,PM2.5 - Principal,2022-05-14 11:00 PM,2022,05,14,23,15.4,58,Moderate,15.0,UG/M3,1 Hr,Valid
Chisinau,PM2.5 - Principal,2022-05-15 12:00 AM,2022,05,15,00,15.6,58,Moderate,16.0,UG/M3,1 Hr,Valid
Chisinau,PM2.5 - Principal,2022-05-15 01:00 AM,2022,05,15,01,16.0,59,Moderate,17.0,UG/M3,1 Hr,Valid
Chisinau,PM2.5 - Principal,2022-05-15 02:00 AM,2022,05,15,02,15.7,59,Moderate,15.0,UG/M3,1 Hr,Valid
Chisinau,PM2.5 - Principal,2022-05-15 03:00 AM,2022,05,15,03,14.8,57,Moderate,13.0,UG/M3,1 Hr,Valid
Chisinau,PM2.5 - Principal,2022-05-15 04:00 AM,2022,05,15,04,14.4,56,Moderate,13.0,UG/M3,1 Hr,Valid
Chisinau,PM2.5 - Principal,2022-05-15 05:00 AM,2022,05,15,05,14.3,56,Moderate,14.0,UG/M3,1 Hr,Valid
Chisinau,PM2.5 - Principal,2022-05-15 06:00 AM,2022,05,15,06,14.2,55,Moderate,14.0,UG/M3,1 Hr,Valid
Chisinau,PM2.5 - Principal,2022-05-15 07:00 AM,2022,05,15,07,14.4,56,Moderate,15.0,UG/M3,1 Hr,Valid
Chisinau,PM2.5 - Principal,2022-05-15 08:00 AM,2022,05,15,08,13.6,54,Moderate,12.0,UG/M3,1 Hr,Valid
Chisinau,PM2.5 - Principal,2022-05-15 09:00 AM,2022,05,15,09,13.1,53,Moderate,12.0,UG/M3,1 Hr,Valid
Chisinau,PM2.5 - Principal,2022-05-15 10:00 AM,2022,05,15,10,13.1,53,Moderate,13.0,UG/M3,1 Hr,Valid
Chisinau,PM2.5 - Principal,2022-05-15 11:00 AM,2022,05,15,11,13.0,53,Moderate,13.0,UG/M3,1 Hr,Valid
Chisinau,PM2.5 - Principal,2022-05-15 12:00 PM,2022,05,15,12,12.2,51,Moderate,11.0,UG/M3,1 Hr,Valid
Chisinau,PM2.5 - Principal,2022-05-15 01:00 PM,2022,05,15,13,13.9,55,Moderate,17.0,UG/M3,1 Hr,Valid
Chisinau,PM2.5 - Principal,2022-05-15 02:00 PM,2022,05,15,14,13.9,55,Moderate,14.0,UG/M3,1 Hr,Valid
Chisinau,PM2.5 - Principal,2022-05-15 03:00 PM,2022,05,15,15,14.3,56,Moderate,15.0,UG/M3,1 Hr,Valid
Chisinau,PM2.5 - Principal,2022-05-15 04:00 PM,2022,05,15,16,14.5,56,Moderate,15.0,UG/M3,1 Hr,Valid
Chisinau,PM2.5 - Principal,2022-05-15 05:00 PM,2022,05,15,17,14.7,56,Moderate,15.0,UG/M3,1 Hr,Valid
Chisinau,PM2.5 - Principal,2022-05-15 06:00 PM,2022,05,15,18,14.4,56,Moderate,14.0,UG/M3,1 Hr,Valid
Chisinau,PM2.5 - Principal,2022-05-15 07:00 PM,2022,05,15,19,14.6,56,Moderate,15.0,UG/M3,1 Hr,Valid
Chisinau,PM2.5 - Principal,2022-05-15 08:00 PM,2022,05,15,20,15.1,57,Moderate,16.0,UG/M3,1 Hr,Valid
Chisinau,PM2.5 - Principal,2022-05-15 09:00 PM,2022,05,15,21,14.7,56,Moderate,14.0,UG/M3,1 Hr,Valid
Chisinau,PM2.5 - Principal,2022-05-15 10:00 PM,2022,05,15,22,15.5,58,Moderate,17.0,UG/M3,1 Hr,Valid
Chisinau,PM2.5 - Principal,2022-05-15 11:00 PM,2022,05,15,23,17.0,61,Moderate,19.0,UG/M3,1 Hr,Valid
Chisinau,PM2.5 - Principal,2022-05-16 12:00 AM,2022,05,16,00,17.1,62,Moderate,19.0,UG/M3,1 Hr,Valid
Chisinau,PM2.5 - Principal,2022-05-16 01:00 AM,2022,05,16,01,18.6,65,Moderate,21.0,UG/M3,1 Hr,Valid
Chisinau,PM2.5 - Principal,2022-05-16 02:00 AM,2022,05,16,02,19.1,66,Moderate,20.0,UG/M3,1 Hr,Valid
Chisinau,PM2.5 - Principal,2022-05-16 03:00 AM,2022,05,16,03,19.0,66,Moderate,19.0,UG/M3,1 Hr,Valid
Chisinau,PM2.5 - Principal,2022-05-16 04:00 AM,2022,05,16,04,18.4,64,Moderate,17.0,UG/M3,1 Hr,Valid
Chisinau,PM2.5 - Principal,2022-05-16 05:00 AM,2022,05,16,05,18.6,65,Moderate,19.0,UG/M3,1 Hr,Valid
Chisinau,PM2.5 - Principal,2022-05-16 06:00 AM,2022,05,16,06,18.7,65,Moderate,19.0,UG/M3,1 Hr,Valid
Chisinau,PM2.5 - Principal,2022-05-16 07:00 AM,2022,05,16,07,17.5,62,Moderate,15.0,UG/M3,1 Hr,Valid
Chisinau,PM2.5 - Principal,2022-05-16 08:00 AM,2022,05,16,08,19.0,66,Moderate,22.0,UG/M3,1 Hr,Valid
Chisinau,PM2.5 - Principal,2022-05-16 09:00 AM,2022,05,16,09,18.6,65,Moderate,18.0,UG/M3,1 Hr,Valid
Chisinau,PM2.5 - Principal,2022-05-16 10:00 AM,2022,05,16,10,15.6,58,Moderate,12.0,UG/M3,1 Hr,Valid
Chisinau,PM2.5 - Principal,2022-05-16 11:00 AM,2022,05,16,11,15.8,59,Moderate,16.0,UG/M3,1 Hr,Valid
Chisinau,PM2.5 - Principal,2022-05-16 12:00 PM,2022,05,16,12,11.3,47,Good,7.0,UG/M3,1 Hr,Valid
Chisinau,PM2.5 - Principal,2022-05-16 01:00 PM,2022,05,16,13,13.1,53,Moderate,15.0,UG/M3,1 Hr,Valid
Chisinau,PM2.5 - Principal,2022-05-16 02:00 PM,2022,05,16,14,13.0,53,Moderate,13.0,UG/M3,1 Hr,Valid
Chisinau,PM2.5 - Principal,2022-05-16 03:00 PM,2022,05,16,15,13.0,53,Moderate,13.0,UG/M3,1 Hr,Valid
Chisinau,PM2.5 - Principal,2022-05-16 04:00 PM,2022,05,16,16,12.0,50,Good,11.0,UG/M3,1 Hr,Valid
Chisinau,PM2.5 - Principal,2022-05-16 05:00 PM,2022,05,16,17,11.5,48,Good,11.0,UG/M3,1 Hr,Valid
Chisinau,PM2.5 - Principal,2022-05-16 06:00 PM,2022,05,16,18,12.7,52,Moderate,14.0,UG/M3,1 Hr,Valid
Chisinau,PM2.5 - Principal,2022-05-16 07:00 PM,2022,05,16,19,11.8,49,Good,11.0,UG/M3,1 Hr,Valid
Chisinau,PM2.5 - Principal,2022-05-16 08:00 PM,2022,05,16,20,12.9,53,Moderate,14.0,UG/M3,1 Hr,Valid
Chisinau,PM2.5 - Principal,2022-05-16 09:00 PM,2022,05,16,21,13.4,54,Moderate,14.0,UG/M3,1 Hr,Valid
Chisinau,PM2.5 - Principal,2022-05-16 10:00 PM,2022,05,16,22,15.7,59,Moderate,18.0,UG/M3,1 Hr,Valid
Chisinau,PM2.5 - Principal,2022-05-16 11:00 PM,2022,05,16,23,18.3,64,Moderate,21.0,UG/M3,1 Hr,Valid
Chisinau,PM2.5 - Principal,2022-05-17 12:00 AM,2022,05,17,00,19.0,66,Moderate,20.0,UG/M3,1 Hr,Valid
Chisinau,PM2.5 - Principal,2022-05-17 01:00 AM,2022,05,17,01,19.5,67,Moderate,20.0,UG/M3,1 Hr,Valid
Chisinau,PM2.5 - Principal,2022-05-17 02:00 AM,2022,05,17,02,20.2,68,Moderate,21.0,UG/M3,1 Hr,Valid
Chisinau,PM2.5 - Principal,2022-05-17 03:00 AM,2022,05,17,03,19.6,67,Moderate,19.0,UG/M3,1 Hr,Valid
Chisinau,PM2.5 - Principal,2022-05-17 04:00 AM,2022,05,17,04,19.8,67,Moderate,20.0,UG/M3,1 Hr,Valid
Chisinau,PM2.5 - Principal,2022-05-17 05:00 AM,2022,05,17,05,19.9,67,Moderate,20.0,UG/M3,1 Hr,Valid
Chisinau,PM2.5 - Principal,2022-05-17 06:00 AM,2022,05,17,06,18.5,64,Moderate,17.0,UG/M3,1 Hr,Valid
Chisinau,PM2.5 - Principal,2022-05-17 07:00 AM,2022,05,17,07,19.5,67,Moderate,21.0,UG/M3,1 Hr,Valid
Chisinau,PM2.5 - Principal,2022-05-17 08:00 AM,2022,05,17,08,19.0,66,Moderate,18.0,UG/M3,1 Hr,Valid
Chisinau,PM2.5 - Principal,2022-05-17 09:00 AM,2022,05,17,09,19.6,67,Moderate,21.0,UG/M3,1 Hr,Valid
Chisinau,PM2.5 - Principal,2022-05-17 10:00 AM,2022,05,17,10,19.1,66,Moderate,17.0,UG/M3,1 Hr,Valid
Chisinau,PM2.5 - Principal,2022-05-17 11:00 AM,2022,05,17,11,16.5,60,Moderate,13.0,UG/M3,1 Hr,Valid
Chisinau,PM2.5 - Principal,2022-05-17 12:00 PM,2022,05,17,12,14.3,56,Moderate,12.0,UG/M3,1 Hr,Valid
Chisinau,PM2.5 - Principal,2022-05-17 01:00 PM,2022,05,17,13,14.6,56,Moderate,15.0,UG/M3,1 Hr,Valid
Chisinau,PM2.5 - Principal,2022-05-17 02:00 PM,2022,05,17,14,14.7,56,Moderate,15.0,UG/M3,1 Hr,Valid
Chisinau,PM2.5 - Principal,2022-05-17 03:00 PM,2022,05,17,15,14.4,56,Moderate,14.0,UG/M3,1 Hr,Valid
Chisinau,PM2.5 - Principal,2022-05-17 04:00 PM,2022,05,17,16,17.8,63,Moderate,22.0,UG/M3,1 Hr,Valid
Chisinau,PM2.5 - Principal,2022-05-17 05:00 PM,2022,05,17,17,58.0,152,Unhealthy,98.0,UG/M3,1 Hr,Valid
Chisinau,PM2.5 - Principal,2022-05-17 06:00 PM,2022,05,17,18,157.5,208,Very Unhealthy,257.0,UG/M3,1 Hr,Valid
Chisinau,PM2.5 - Principal,2022-05-17 07:00 PM,2022,05,17,19,262.8,313,Hazardous,368.0,UG/M3,1 Hr,Valid
Chisinau,PM2.5 - Principal,2022-05-17 08:00 PM,2022,05,17,20,314.4,364,Hazardous,366.0,UG/M3,1 Hr,Valid
Chisinau,PM2.5 - Principal,2022-05-17 09:00 PM,2022,05,17,21,164.7,215,Very Unhealthy,15.0,UG/M3,1 Hr,Valid
Chisinau,PM2.5 - Principal,2022-05-17 10:00 PM,2022,05,17,22,89.3,168,Unhealthy,14.0,UG/M3,1 Hr,Valid
Chisinau,PM2.5 - Principal,2022-05-17 11:00 PM,2022,05,17,23,53.1,144,Unhealthy for Sensitive Groups,17.0,UG/M3,1 Hr,Valid
Chisinau,PM2.5 - Principal,2022-05-18 12:00 AM,2022,05,18,00,33.0,95,Moderate,13.0,UG/M3,1 Hr,Valid
Chisinau,PM2.5 - Principal,2022-05-18 01:00 AM,2022,05,18,01,22.0,72,Moderate,11.0,UG/M3,1 Hr,Valid
Chisinau,PM2.5 - Principal,2022-05-18 02:00 AM,2022,05,18,02,16.5,60,Moderate,11.0,UG/M3,1 Hr,Valid
Chisinau,PM2.5 - Principal,2022-05-18 03:00 AM,2022,05,18,03,12.7,52,Moderate,9.0,UG/M3,1 Hr,Valid
Chisinau,PM2.5 - Principal,2022-05-18 04:00 AM,2022,05,18,04,10.8,45,Good,9.0,UG/M3,1 Hr,Valid
Chisinau,PM2.5 - Principal,2022-05-18 05:00 AM,2022,05,18,05,10.9,45,Good,11.0,UG/M3,1 Hr,Valid
Chisinau,PM2.5 - Principal,2022-05-18 06:00 AM,2022,05,18,06,11.4,48,Good,12.0,UG/M3,1 Hr,Valid
Chisinau,PM2.5 - Principal,2022-05-18 07:00 AM,2022,05,18,07,11.1,46,Good,11.0,UG/M3,1 Hr,Valid
Chisinau,PM2.5 - Principal,2022-05-18 08:00 AM,2022,05,18,08,12.4,52,Moderate,14.0,UG/M3,1 Hr,Valid
Chisinau,PM2.5 - Principal,2022-05-18 09:00 AM,2022,05,18,09,11.2,47,Good,10.0,UG/M3,1 Hr,Valid
Chisinau,PM2.5 - Principal,2022-05-18 10:00 AM,2022,05,18,10,11.6,48,Good,12.0,UG/M3,1 Hr,Valid
Chisinau,PM2.5 - Principal,2022-05-18 11:00 AM,2022,05,18,11,11.0,46,Good,10.0,UG/M3,1 Hr,Valid
Chisinau,PM2.5 - Principal,2022-05-18 12:00 PM,2022,05,18,12,11.3,47,Good,12.0,UG/M3,1 Hr,Valid
Chisinau,PM2.5 - Principal,2022-05-18 01:00 PM,2022,05,18,13,12.3,51,Moderate,14.0,UG/M3,1 Hr,Valid
Chisinau,PM2.5 - Principal,2022-05-18 02:00 PM,2022,05,18,14,25.3,79,Moderate,38.0,UG/M3,1 Hr,Valid
Chisinau,PM2.5 - Principal,2022-05-18 03:00 PM,2022,05,18,15,38.1,107,Unhealthy for Sensitive Groups,51.0,UG/M3,1 Hr,Valid
Chisinau,PM2.5 - Principal,2022-05-18 04:00 PM,2022,05,18,16,31.0,91,Moderate,24.0,UG/M3,1 Hr,Valid
Chisinau,PM2.5 - Principal,2022-05-18 05:00 PM,2022,05,18,17,32.5,94,Moderate,34.0,UG/M3,1 Hr,Valid
Chisinau,PM2.5 - Principal,2022-05-18 06:00 PM,2022,05,18,18,26.7,82,Moderate,21.0,UG/M3,1 Hr,Valid
Chisinau,PM2.5 - Principal,2022-05-18 07:00 PM,2022,05,18,19,19.8,67,Moderate,13.0,UG/M3,1 Hr,Valid
Chisinau,PM2.5 - Principal,2022-05-18 08:00 PM,2022,05,18,20,16.9,61,Moderate,14.0,UG/M3,1 Hr,Valid
Chisinau,PM2.5 - Principal,2022-05-18 09:00 PM,2022,05,18,21,14.9,57,Moderate,13.0,UG/M3,1 Hr,Valid
Chisinau,PM2.5 - Principal,2022-05-18 10:00 PM,2022,05,18,22,13.4,54,Moderate,12.0,UG/M3,1 Hr,Valid
Chisinau,PM2.5 - Principal,2022-05-18 11:00 PM,2022,05,18,23,12.7,52,Moderate,12.0,UG/M3,1 Hr,Valid
Chisinau,PM2.5 - Principal,2022-05-19 12:00 AM,2022,05,19,00,12.8,52,Moderate,13.0,UG/M3,1 Hr,Valid
Chisinau,PM2.5 - Principal,2022-05-19 01:00 AM,2022,05,19,01,10.9,45,Good,9.0,UG/M3,1 Hr,Valid
Chisinau,PM2.5 - Principal,2022-05-19 02:00 AM,2022,05,19,02,11.9,50,Good,13.0,UG/M3,1 Hr,Valid
Chisinau,PM2.5 - Principal,2022-05-19 03:00 AM,2022,05,19,03,11.9,50,Good,12.0,UG/M3,1 Hr,Valid
Chisinau,PM2.5 - Principal,2022-05-19 04:00 AM,2022,05,19,04,13.4,54,Moderate,15.0,UG/M3,1 Hr,Valid
Chisinau,PM2.5 - Principal,2022-05-19 05:00 AM,2022,05,19,05,14.2,55,Moderate,15.0,UG/M3,1 Hr,Valid
Chisinau,PM2.5 - Principal,2022-05-19 06:00 AM,2022,05,19,06,15.4,58,Moderate,17.0,UG/M3,1 Hr,Valid
Chisinau,PM2.5 - Principal,2022-05-19 07:00 AM,2022,05,19,07,14.7,56,Moderate,14.0,UG/M3,1 Hr,Valid
Chisinau,PM2.5 - Principal,2022-05-19 08:00 AM,2022,05,19,08,13.0,53,Moderate,11.0,UG/M3,1 Hr,Valid
Chisinau,PM2.5 - Principal,2022-05-19 09:00 AM,2022,05,19,09,12.5,52,Moderate,12.0,UG/M3,1 Hr,Valid
Chisinau,PM2.5 - Principal,2022-05-19 10:00 AM,2022,05,19,10,11.8,49,Good,11.0,UG/M3,1 Hr,Valid
Chisinau,PM2.5 - Principal,2022-05-19 11:00 AM,2022,05,19,11,11.4,48,Good,11.0,UG/M3,1 Hr,Valid
Chisinau,PM2.5 - Principal,2022-05-19 12:00 PM,2022,05,19,12,10.7,45,Good,10.0,UG/M3,1 Hr,Valid
Chisinau,PM2.5 - Principal,2022-05-19 01:00 PM,2022,05,19,13,9.9,41,Good,9.0,UG/M3,1 Hr,Valid
Chisinau,PM2.5 - Principal,2022-05-19 02:00 PM,2022,05,19,14,12.7,52,Moderate,16.0,UG/M3,1 Hr,Valid
Chisinau,PM2.5 - Principal,2022-05-19 03:00 PM,2022,05,19,15,12.8,52,Moderate,13.0,UG/M3,1 Hr,Valid
Chisinau,PM2.5 - Principal,2022-05-19 04:00 PM,2022,05,19,16,11.5,48,Good,10.0,UG/M3,1 Hr,Valid
Chisinau,PM2.5 - Principal,2022-05-19 05:00 PM,2022,05,19,17,10.3,43,Good,9.0,UG/M3,1 Hr,Valid
Chisinau,PM2.5 - Principal,2022-05-19 06:00 PM,2022,05,19,18,10.2,43,Good,10.0,UG/M3,1 Hr,Valid
Chisinau,PM2.5 - Principal,2022-05-19 07:00 PM,2022,05,19,19,10.5,44,Good,11.0,UG/M3,1 Hr,Valid
Chisinau,PM2.5 - Principal,2022-05-19 08:00 PM,2022,05,19,20,10.3,43,Good,10.0,UG/M3,1 Hr,Valid
Chisinau,PM2.5 - Principal,2022-05-19 09:00 PM,2022,05,19,21,11.0,46,Good,12.0,UG/M3,1 Hr,Valid
Chisinau,PM2.5 - Principal,2022-05-19 10:00 PM,2022,05,19,22,12.3,51,Moderate,14.0,UG/M3,1 Hr,Valid
Chisinau,PM2.5 - Principal,2022-05-19 11:00 PM,2022,05,19,23,14.6,56,Moderate,17.0,UG/M3,1 Hr,Valid
Chisinau,PM2.5 - Principal,2022-05-20 12:00 AM,2022,05,20,00,15.7,59,Moderate,17.0,UG/M3,1 Hr,Valid
Chisinau,PM2.5 - Principal,2022-05-20 01:00 AM,2022,05,20,01,15.3,58,Moderate,15.0,UG/M3,1 Hr,Valid
Chisinau,PM2.5 - Principal,2022-05-20 02:00 AM,2022,05,20,02,14.7,56,Moderate,14.0,UG/M3,1 Hr,Valid
Chisinau,PM2.5 - Principal,2022-05-20 03:00 AM,2022,05,20,03,15.8,59,Moderate,17.0,UG/M3,1 Hr,Valid
Chisinau,PM2.5 - Principal,2022-05-20 04:00 AM,2022,05,20,04,14.4,56,Moderate,13.0,UG/M3,1 Hr,Valid
Chisinau,PM2.5 - Principal,2022-05-20 05:00 AM,2022,05,20,05,13.9,55,Moderate,13.0,UG/M3,1 Hr,Valid
Chisinau,PM2.5 - Principal,2022-05-20 06:00 AM,2022,05,20,06,13.9,55,Moderate,14.0,UG/M3,1 Hr,Valid
Chisinau,PM2.5 - Principal,2022-05-20 07:00 AM,2022,05,20,07,17.4,62,Moderate,21.0,UG/M3,1 Hr,Valid
Chisinau,PM2.5 - Principal,2022-05-20 08:00 AM,2022,05,20,08,17.8,63,Moderate,19.0,UG/M3,1 Hr,Valid
Chisinau,PM2.5 - Principal,2022-05-20 09:00 AM,2022,05,20,09,21.4,71,Moderate,25.0,UG/M3,1 Hr,Valid
Chisinau,PM2.5 - Principal,2022-05-20 10:00 AM,2022,05,20,10,19.7,67,Moderate,18.0,UG/M3,1 Hr,Valid
Chisinau,PM2.5 - Principal,2022-05-20 11:00 AM,2022,05,20,11,15.4,58,Moderate,11.0,UG/M3,1 Hr,Valid
Chisinau,PM2.5 - Principal,2022-05-20 12:00 PM,2022,05,20,12,14.2,55,Moderate,13.0,UG/M3,1 Hr,Valid
Chisinau,PM2.5 - Principal,2022-05-20 01:00 PM,2022,05,20,13,14.6,56,Moderate,15.0,UG/M3,1 Hr,Valid
Chisinau,PM2.5 - Principal,2022-05-20 02:00 PM,2022,05,20,14,16.8,61,Moderate,19.0,UG/M3,1 Hr,Valid
Chisinau,PM2.5 - Principal,2022-05-20 03:00 PM,2022,05,20,15,14.3,56,Moderate,12.0,UG/M3,1 Hr,Valid
Chisinau,PM2.5 - Principal,2022-05-20 04:00 PM,2022,05,20,16,13.1,53,Moderate,12.0,UG/M3,1 Hr,Valid
Chisinau,PM2.5 - Principal,2022-05-20 05:00 PM,2022,05,20,17,13.0,53,Moderate,13.0,UG/M3,1 Hr,Valid
Chisinau,PM2.5 - Principal,2022-05-20 06:00 PM,2022,05,20,18,15.5,58,Moderate,18.0,UG/M3,1 Hr,Valid
Chisinau,PM2.5 - Principal,2022-05-20 07:00 PM,2022,05,20,19,18.2,64,Moderate,21.0,UG/M3,1 Hr,Valid
Chisinau,PM2.5 - Principal,2022-05-20 08:00 PM,2022,05,20,20,16.1,59,Moderate,14.0,UG/M3,1 Hr,Valid
Chisinau,PM2.5 - Principal,2022-05-20 09:00 PM,2022,05,20,21,14.6,56,Moderate,13.0,UG/M3,1 Hr,Valid
Chisinau,PM2.5 - Principal,2022-05-20 10:00 PM,2022,05,20,22,14.3,56,Moderate,14.0,UG/M3,1 Hr,Valid
Chisinau,PM2.5 - Principal,2022-05-20 11:00 PM,2022,05,20,23,17.8,63,Moderate,22.0,UG/M3,1 Hr,Valid
Chisinau,PM2.5 - Principal,2022-05-21 12:00 AM,2022,05,21,00,17.9,63,Moderate,18.0,UG/M3,1 Hr,Valid
Chisinau,PM2.5 - Principal,2022-05-21 01:00 AM,2022,05,21,01,18.4,64,Moderate,19.0,UG/M3,1 Hr,Valid
Chisinau,PM2.5 - Principal,2022-05-21 02:00 AM,2022,05,21,02,21.7,71,Moderate,25.0,UG/M3,1 Hr,Valid
Chisinau,PM2.5 - Principal,2022-05-21 03:00 AM,2022,05,21,03,23.3,75,Moderate,25.0,UG/M3,1 Hr,Valid
Chisinau,PM2.5 - Principal,2022-05-21 04:00 AM,2022,05,21,04,20.2,68,Moderate,17.0,UG/M3,1 Hr,Valid
Chisinau,PM2.5 - Principal,2022-05-21 05:00 AM,2022,05,21,05,20.6,69,Moderate,21.0,UG/M3,1 Hr,Valid
Chisinau,PM2.5 - Principal,2022-05-21 06:00 AM,2022,05,21,06,18.8,65,Moderate,17.0,UG/M3,1 Hr,Valid
Chisinau,PM2.5 - Principal,2022-05-21 07:00 AM,2022,05,21,07,17.4,62,Moderate,16.0,UG/M3,1 Hr,Valid
Chisinau,PM2.5 - Principal,2022-05-21 08:00 AM,2022,05,21,08,16.2,60,Moderate,15.0,UG/M3,1 Hr,Valid
Chisinau,PM2.5 - Principal,2022-05-21 09:00 AM,2022,05,21,09,14.7,56,Moderate,13.0,UG/M3,1 Hr,Valid
Chisinau,PM2.5 - Principal,2022-05-21 10:00 AM,2022,05,21,10,14.3,56,Moderate,14.0,UG/M3,1 Hr,Valid
Chisinau,PM2.5 - Principal,2022-05-21 11:00 AM,2022,05,21,11,15.1,57,Moderate,16.0,UG/M3,1 Hr,Valid
Chisinau,PM2.5 - Principal,2022-05-21 12:00 PM,2022,05,21,12,13.5,54,Moderate,12.0,UG/M3,1 Hr,Valid
Chisinau,PM2.5 - Principal,2022-05-21 01:00 PM,2022,05,21,13,12.7,52,Moderate,12.0,UG/M3,1 Hr,Valid
Chisinau,PM2.5 - Principal,2022-05-21 02:00 PM,2022,05,21,14,12.8,52,Moderate,13.0,UG/M3,1 Hr,Valid
Chisinau,PM2.5 - Principal,2022-05-21 03:00 PM,2022,05,21,15,12.5,52,Moderate,12.0,UG/M3,1 Hr,Valid
Chisinau,PM2.5 - Principal,2022-05-21 04:00 PM,2022,05,21,16,12.3,51,Moderate,12.0,UG/M3,1 Hr,Valid
Chisinau,PM2.5 - Principal,2022-05-21 05:00 PM,2022,05,21,17,13.9,55,Moderate,17.0,UG/M3,1 Hr,Valid
Chisinau,PM2.5 - Principal,2022-05-21 06:00 PM,2022,05,21,18,13.6,54,Moderate,13.0,UG/M3,1 Hr,Valid
Chisinau,PM2.5 - Principal,2022-05-21 07:00 PM,2022,05,21,19,14.3,56,Moderate,16.0,UG/M3,1 Hr,Valid
Chisinau,PM2.5 - Principal,2022-05-21 08:00 PM,2022,05,21,20,14.8,57,Moderate,16.0,UG/M3,1 Hr,Valid
Chisinau,PM2.5 - Principal,2022-05-21 09:00 PM,2022,05,21,21,15.1,57,Moderate,16.0,UG/M3,1 Hr,Valid
Chisinau,PM2.5 - Principal,2022-05-21 10:00 PM,2022,05,21,22,16.2,60,Moderate,18.0,UG/M3,1 Hr,Valid
Chisinau,PM2.5 - Principal,2022-05-21 11:00 PM,2022,05,21,23,17.3,62,Moderate,19.0,UG/M3,1 Hr,Valid
Chisinau,PM2.5 - Principal,2022-05-22 12:00 AM,2022,05,22,00,16.4,60,Moderate,15.0,UG/M3,1 Hr,Valid
Chisinau,PM2.5 - Principal,2022-05-22 01:00 AM,2022,05,22,01,15.2,58,Moderate,13.0,UG/M3,1 Hr,Valid
Chisinau,PM2.5 - Principal,2022-05-22 02:00 AM,2022,05,22,02,15.5,58,Moderate,16.0,UG/M3,1 Hr,Valid
Chisinau,PM2.5 - Principal,2022-05-22 03:00 AM,2022,05,22,03,15.6,58,Moderate,16.0,UG/M3,1 Hr,Valid
Chisinau,PM2.5 - Principal,2022-05-22 04:00 AM,2022,05,22,04,15.1,57,Moderate,14.0,UG/M3,1 Hr,Valid
Chisinau,PM2.5 - Principal,2022-05-22 05:00 AM,2022,05,22,05,13.9,55,Moderate,12.0,UG/M3,1 Hr,Valid
Chisinau,PM2.5 - Principal,2022-05-22 06:00 AM,2022,05,22,06,12.5,52,Moderate,11.0,UG/M3,1 Hr,Valid
Chisinau,PM2.5 - Principal,2022-05-22 07:00 AM,2022,05,22,07,12.7,52,Moderate,13.0,UG/M3,1 Hr,Valid
Chisinau,PM2.5 - Principal,2022-05-22 08:00 AM,2022,05,22,08,12.4,52,Moderate,12.0,UG/M3,1 Hr,Valid
Chisinau,PM2.5 - Principal,2022-05-22 09:00 AM,2022,05,22,09,11.8,49,Good,11.0,UG/M3,1 Hr,Valid
Chisinau,PM2.5 - Principal,2022-05-22 10:00 AM,2022,05,22,10,9.8,41,Good,8.0,UG/M3,1 Hr,Valid
Chisinau,PM2.5 - Principal,2022-05-22 11:00 AM,2022,05,22,11,11.9,50,Good,14.0,UG/M3,1 Hr,Valid
Chisinau,PM2.5 - Principal,2022-05-22 12:00 PM,2022,05,22,12,11.9,50,Good,12.0,UG/M3,1 Hr,Valid
Chisinau,PM2.5 - Principal,2022-05-22 01:00 PM,2022,05,22,13,11.9,50,Good,12.0,UG/M3,1 Hr,Valid
Chisinau,PM2.5 - Principal,2022-05-22 02:00 PM,2022,05,22,14,11.4,48,Good,11.0,UG/M3,1 Hr,Valid
Chisinau,PM2.5 - Principal,2022-05-22 03:00 PM,2022,05,22,15,10.4,43,Good,9.0,UG/M3,1 Hr,Valid
Chisinau,PM2.5 - Principal,2022-05-22 04:00 PM,2022,05,22,16,9.3,39,Good,8.0,UG/M3,1 Hr,Valid
Chisinau,PM2.5 - Principal,2022-05-22 05:00 PM,2022,05,22,17,11.3,47,Good,14.0,UG/M3,1 Hr,Valid
Chisinau,PM2.5 - Principal,2022-05-22 06:00 PM,2022,05,22,18,12.4,52,Moderate,14.0,UG/M3,1 Hr,Valid
Chisinau,PM2.5 - Principal,2022-05-22 07:00 PM,2022,05,22,19,11.8,49,Good,11.0,UG/M3,1 Hr,Valid
Chisinau,PM2.5 - Principal,2022-05-22 08:00 PM,2022,05,22,20,11.4,48,Good,11.0,UG/M3,1 Hr,Valid
Chisinau,PM2.5 - Principal,2022-05-22 09:00 PM,2022,05,22,21,10.8,45,Good,10.0,UG/M3,1 Hr,Valid
Chisinau,PM2.5 - Principal,2022-05-22 10:00 PM,2022,05,22,22,18.8,65,Moderate,27.0,UG/M3,1 Hr,Valid
Chisinau,PM2.5 - Principal,2022-05-22 11:00 PM,2022,05,22,23,15.4,58,Moderate,12.0,UG/M3,1 Hr,Valid
Chisinau,PM2.5 - Principal,2022-05-23 12:00 AM,2022,05,23,00,14.7,56,Moderate,14.0,UG/M3,1 Hr,Valid
Chisinau,PM2.5 - Principal,2022-05-23 01:00 AM,2022,05,23,01,12.8,52,Moderate,11.0,UG/M3,1 Hr,Valid
Chisinau,PM2.5 - Principal,2022-05-23 02:00 AM,2022,05,23,02,11.9,50,Good,11.0,UG/M3,1 Hr,Valid
Chisinau,PM2.5 - Principal,2022-05-23 03:00 AM,2022,05,23,03,12.9,53,Moderate,14.0,UG/M3,1 Hr,Valid
Chisinau,PM2.5 - Principal,2022-05-23 04:00 AM,2022,05,23,04,12.9,53,Moderate,13.0,UG/M3,1 Hr,Valid
Chisinau,PM2.5 - Principal,2022-05-23 05:00 AM,2022,05,23,05,12.4,52,Moderate,12.0,UG/M3,1 Hr,Valid
Chisinau,PM2.5 - Principal,2022-05-23 06:00 AM,2022,05,23,06,11.7,49,Good,11.0,UG/M3,1 Hr,Valid
Chisinau,PM2.5 - Principal,2022-05-23 07:00 AM,2022,05,23,07,11.8,49,Good,12.0,UG/M3,1 Hr,Valid
Chisinau,PM2.5 - Principal,2022-05-23 08:00 AM,2022,05,23,08,10.4,43,Good,9.0,UG/M3,1 Hr,Valid
Chisinau,PM2.5 - Principal,2022-05-23 09:00 AM,2022,05,23,09,10.7,45,Good,11.0,UG/M3,1 Hr,Valid
Chisinau,PM2.5 - Principal,2022-05-23 10:00 AM,2022,05,23,10,10.9,45,Good,11.0,UG/M3,1 Hr,Valid
Chisinau,PM2.5 - Principal,2022-05-23 11:00 AM,2022,05,23,11,10.2,43,Good,9.0,UG/M3,1 Hr,Valid
Chisinau,PM2.5 - Principal,2022-05-23 12:00 PM,2022,05,23,12,9.1,38,Good,8.0,UG/M3,1 Hr,Valid
Chisinau,PM2.5 - Principal,2022-05-23 01:00 PM,2022,05,23,13,10.3,43,Good,12.0,UG/M3,1 Hr,Valid
Chisinau,PM2.5 - Principal,2022-05-23 02:00 PM,2022,05,23,14,11.9,50,Good,14.0,UG/M3,1 Hr,Valid
Chisinau,PM2.5 - Principal,2022-05-23 03:00 PM,2022,05,23,15,11.1,46,Good,10.0,UG/M3,1 Hr,Valid
Chisinau,PM2.5 - Principal,2022-05-23 04:00 PM,2022,05,23,16,11.0,46,Good,11.0,UG/M3,1 Hr,Valid
Chisinau,PM2.5 - Principal,2022-05-23 05:00 PM,2022,05,23,17,22.0,72,Moderate,33.0,UG/M3,1 Hr,Valid
Chisinau,PM2.5 - Principal,2022-05-23 06:00 PM,2022,05,23,18,19.0,66,Moderate,16.0,UG/M3,1 Hr,Valid
Chisinau,PM2.5 - Principal,2022-05-23 07:00 PM,2022,05,23,19,16.5,60,Moderate,14.0,UG/M3,1 Hr,Valid
Chisinau,PM2.5 - Principal,2022-05-23 08:00 PM,2022,05,23,20,13.2,53,Moderate,10.0,UG/M3,1 Hr,Valid
Chisinau,PM2.5 - Principal,2022-05-23 09:00 PM,2022,05,23,21,13.6,54,Moderate,14.0,UG/M3,1 Hr,Valid
Chisinau,PM2.5 - Principal,2022-05-23 10:00 PM,2022,05,23,22,13.3,54,Moderate,13.0,UG/M3,1 Hr,Valid
Chisinau,PM2.5 - Principal,2022-05-23 11:00 PM,2022,05,23,23,12.6,52,Moderate,12.0,UG/M3,1 Hr,Valid
Chisinau,PM2.5 - Principal,2022-05-24 12:00 AM,2022,05,24,00,11.3,47,Good,10.0,UG/M3,1 Hr,Valid
Chisinau,PM2.5 - Principal,2022-05-24 01:00 AM,2022,05,24,01,10.1,42,Good,9.0,UG/M3,1 Hr,Valid
Chisinau,PM2.5 - Principal,2022-05-24 02:00 AM,2022,05,24,02,10.5,44,Good,11.0,UG/M3,1 Hr,Valid
Chisinau,PM2.5 - Principal,2022-05-24 03:00 AM,2022,05,24,03,10.2,43,Good,10.0,UG/M3,1 Hr,Valid
Chisinau,PM2.5 - Principal,2022-05-24 04:00 AM,2022,05,24,04,10.1,42,Good,10.0,UG/M3,1 Hr,Valid
Chisinau,PM2.5 - Principal,2022-05-24 05:00 AM,2022,05,24,05,10.9,45,Good,12.0,UG/M3,1 Hr,Valid
Chisinau,PM2.5 - Principal,2022-05-24 06:00 AM,2022,05,24,06,10.9,45,Good,11.0,UG/M3,1 Hr,Valid
Chisinau,PM2.5 - Principal,2022-05-24 07:00 AM,2022,05,24,07,10.2,43,Good,9.0,UG/M3,1 Hr,Valid
Chisinau,PM2.5 - Principal,2022-05-24 08:00 AM,2022,05,24,08,9.7,40,Good,9.0,UG/M3,1 Hr,Valid
Chisinau,PM2.5 - Principal,2022-05-24 09:00 AM,2022,05,24,09,10.5,44,Good,12.0,UG/M3,1 Hr,Valid
Chisinau,PM2.5 - Principal,2022-05-24 10:00 AM,2022,05,24,10,10.1,42,Good,9.0,UG/M3,1 Hr,Valid
Chisinau,PM2.5 - Principal,2022-05-24 11:00 AM,2022,05,24,11,10.3,43,Good,11.0,UG/M3,1 Hr,Valid
Chisinau,PM2.5 - Principal,2022-05-24 12:00 PM,2022,05,24,12,11.1,46,Good,13.0,UG/M3,1 Hr,Valid
Chisinau,PM2.5 - Principal,2022-05-24 01:00 PM,2022,05,24,13,11.4,48,Good,12.0,UG/M3,1 Hr,Valid
Chisinau,PM2.5 - Principal,2022-05-24 02:00 PM,2022,05,24,14,12.4,52,Moderate,14.0,UG/M3,1 Hr,Valid
Chisinau,PM2.5 - Principal,2022-05-24 03:00 PM,2022,05,24,15,12.2,51,Moderate,12.0,UG/M3,1 Hr,Valid
Chisinau,PM2.5 - Principal,2022-05-24 04:00 PM,2022,05,24,16,11.4,48,Good,10.0,UG/M3,1 Hr,Valid
Chisinau,PM2.5 - Principal,2022-05-24 05:00 PM,2022,05,24,17,11.2,47,Good,11.0,UG/M3,1 Hr,Valid
Chisinau,PM2.5 - Principal,2022-05-24 06:00 PM,2022,05,24,18,10.8,45,Good,10.0,UG/M3,1 Hr,Valid
Chisinau,PM2.5 - Principal,2022-05-24 07:00 PM,2022,05,24,19,11.2,47,Good,12.0,UG/M3,1 Hr,Valid
Chisinau,PM2.5 - Principal,2022-05-24 08:00 PM,2022,05,24,20,10.8,45,Good,10.0,UG/M3,1 Hr,Valid
Chisinau,PM2.5 - Principal,2022-05-24 09:00 PM,2022,05,24,21,10.8,45,Good,11.0,UG/M3,1 Hr,Valid
Chisinau,PM2.5 - Principal,2022-05-24 10:00 PM,2022,05,24,22,14.6,56,Moderate,19.0,UG/M3,1 Hr,Valid
Chisinau,PM2.5 - Principal,2022-05-24 11:00 PM,2022,05,24,23,16.2,60,Moderate,18.0,UG/M3,1 Hr,Valid
Chisinau,PM2.5 - Principal,2022-05-25 12:00 AM,2022,05,25,00,17.5,62,Moderate,19.0,UG/M3,1 Hr,Valid
Chisinau,PM2.5 - Principal,2022-05-25 01:00 AM,2022,05,25,01,18.8,65,Moderate,20.0,UG/M3,1 Hr,Valid
Chisinau,PM2.5 - Principal,2022-05-25 02:00 AM,2022,05,25,02,16.9,61,Moderate,15.0,UG/M3,1 Hr,Valid
Chisinau,PM2.5 - Principal,2022-05-25 03:00 AM,2022,05,25,03,14.4,56,Moderate,12.0,UG/M3,1 Hr,Valid
Chisinau,PM2.5 - Principal,2022-05-25 04:00 AM,2022,05,25,04,13.7,54,Moderate,13.0,UG/M3,1 Hr,Valid
Chisinau,PM2.5 - Principal,2022-05-25 05:00 AM,2022,05,25,05,12.3,51,Moderate,11.0,UG/M3,1 Hr,Valid
Chisinau,PM2.5 - Principal,2022-05-25 06:00 AM,2022,05,25,06,11.6,48,Good,11.0,UG/M3,1 Hr,Valid
Chisinau,PM2.5 - Principal,2022-05-25 07:00 AM,2022,05,25,07,11.8,49,Good,12.0,UG/M3,1 Hr,Valid
Chisinau,PM2.5 - Principal,2022-05-25 08:00 AM,2022,05,25,08,12.4,52,Moderate,13.0,UG/M3,1 Hr,Valid
Chisinau,PM2.5 - Principal,2022-05-25 09:00 AM,2022,05,25,09,12.2,51,Moderate,12.0,UG/M3,1 Hr,Valid
Chisinau,PM2.5 - Principal,2022-05-25 10:00 AM,2022,05,25,10,11.6,48,Good,11.0,UG/M3,1 Hr,Valid
Chisinau,PM2.5 - Principal,2022-05-25 11:00 AM,2022,05,25,11,10.8,45,Good,10.0,UG/M3,1 Hr,Valid
Chisinau,PM2.5 - Principal,2022-05-25 12:00 PM,2022,05,25,12,9.8,41,Good,9.0,UG/M3,1 Hr,Valid
Chisinau,PM2.5 - Principal,2022-05-25 01:00 PM,2022,05,25,13,10.5,44,Good,11.0,UG/M3,1 Hr,Valid
Chisinau,PM2.5 - Principal,2022-05-25 02:00 PM,2022,05,25,14,10.7,45,Good,11.0,UG/M3,1 Hr,Valid
Chisinau,PM2.5 - Principal,2022-05-25 03:00 PM,2022,05,25,15,11.4,48,Good,13.0,UG/M3,1 Hr,Valid
Chisinau,PM2.5 - Principal,2022-05-25 04:00 PM,2022,05,25,16,10.9,45,Good,10.0,UG/M3,1 Hr,Valid
Chisinau,PM2.5 - Principal,2022-05-25 05:00 PM,2022,05,25,17,11.6,48,Good,13.0,UG/M3,1 Hr,Valid
Chisinau,PM2.5 - Principal,2022-05-25 06:00 PM,2022,05,25,18,11.1,46,Good,10.0,UG/M3,1 Hr,Valid
Chisinau,PM2.5 - Principal,2022-05-25 07:00 PM,2022,05,25,19,12.1,51,Moderate,14.0,UG/M3,1 Hr,Valid
Chisinau,PM2.5 - Principal,2022-05-25 08:00 PM,2022,05,25,20,12.4,52,Moderate,13.0,UG/M3,1 Hr,Valid
Chisinau,PM2.5 - Principal,2022-05-25 09:00 PM,2022,05,25,21,13.5,54,Moderate,15.0,UG/M3,1 Hr,Valid
Chisinau,PM2.5 - Principal,2022-05-25 10:00 PM,2022,05,25,22,12.9,53,Moderate,12.0,UG/M3,1 Hr,Valid
Chisinau,PM2.5 - Principal,2022-05-25 11:00 PM,2022,05,25,23,12.5,52,Moderate,12.0,UG/M3,1 Hr,Valid
Chisinau,PM2.5 - Principal,2022-05-26 12:00 AM,2022,05,26,00,14.3,56,Moderate,17.0,UG/M3,1 Hr,Valid
Chisinau,PM2.5 - Principal,2022-05-26 01:00 AM,2022,05,26,01,13.8,55,Moderate,13.0,UG/M3,1 Hr,Valid
Chisinau,PM2.5 - Principal,2022-05-26 02:00 AM,2022,05,26,02,12.6,52,Moderate,11.0,UG/M3,1 Hr,Valid
Chisinau,PM2.5 - Principal,2022-05-26 03:00 AM,2022,05,26,03,12.3,51,Moderate,12.0,UG/M3,1 Hr,Valid
Chisinau,PM2.5 - Principal,2022-05-26 04:00 AM,2022,05,26,04,11.8,49,Good,11.0,UG/M3,1 Hr,Valid
Chisinau,PM2.5 - Principal,2022-05-26 05:00 AM,2022,05,26,05,11.4,48,Good,11.0,UG/M3,1 Hr,Valid
Chisinau,PM2.5 - Principal,2022-05-26 06:00 AM,2022,05,26,06,10.8,45,Good,10.0,UG/M3,1 Hr,Valid
Chisinau,PM2.5 - Principal,2022-05-26 07:00 AM,2022,05,26,07,11.3,47,Good,12.0,UG/M3,1 Hr,Valid
Chisinau,PM2.5 - Principal,2022-05-26 08:00 AM,2022,05,26,08,11.1,46,Good,11.0,UG/M3,1 Hr,Valid
Chisinau,PM2.5 - Principal,2022-05-26 09:00 AM,2022,05,26,09,11.5,48,Good,12.0,UG/M3,1 Hr,Valid
Chisinau,PM2.5 - Principal,2022-05-26 10:00 AM,2022,05,26,10,12.5,52,Moderate,14.0,UG/M3,1 Hr,Valid
Chisinau,PM2.5 - Principal,2022-05-26 11:00 AM,2022,05,26,11,12.3,51,Moderate,12.0,UG/M3,1 Hr,Valid
Chisinau,PM2.5 - Principal,2022-05-26 12:00 PM,2022,05,26,12,12.3,51,Moderate,13.0,UG/M3,1 Hr,Valid
Chisinau,PM2.5 - Principal,2022-05-26 01:00 PM,2022,05,26,13,12.5,52,Moderate,13.0,UG/M3,1 Hr,Valid
Chisinau,PM2.5 - Principal,2022-05-26 02:00 PM,2022,05,26,14,11.8,49,Good,10.0,UG/M3,1 Hr,Valid
Chisinau,PM2.5 - Principal,2022-05-26 03:00 PM,2022,05,26,15,10.7,45,Good,9.0,UG/M3,1 Hr,Valid
Chisinau,PM2.5 - Principal,2022-05-26 04:00 PM,2022,05,26,16,10.1,42,Good,9.0,UG/M3,1 Hr,Valid
Chisinau,PM2.5 - Principal,2022-05-26 05:00 PM,2022,05,26,17,10.0,42,Good,10.0,UG/M3,1 Hr,Valid
Chisinau,PM2.5 - Principal,2022-05-26 06:00 PM,2022,05,26,18,10.7,45,Good,12.0,UG/M3,1 Hr,Valid
Chisinau,PM2.5 - Principal,2022-05-26 07:00 PM,2022,05,26,19,10.8,45,Good,11.0,UG/M3,1 Hr,Valid
Chisinau,PM2.5 - Principal,2022-05-26 08:00 PM,2022,05,26,20,10.9,45,Good,11.0,UG/M3,1 Hr,Valid
Chisinau,PM2.5 - Principal,2022-05-26 09:00 PM,2022,05,26,21,13.8,55,Moderate,17.0,UG/M3,1 Hr,Valid
Chisinau,PM2.5 - Principal,2022-05-26 10:00 PM,2022,05,26,22,16.9,61,Moderate,20.0,UG/M3,1 Hr,Valid
Chisinau,PM2.5 - Principal,2022-05-26 11:00 PM,2022,05,26,23,19.9,67,Moderate,23.0,UG/M3,1 Hr,Valid
Chisinau,PM2.5 - Principal,2022-05-27 12:00 AM,2022,05,27,00,22.5,73,Moderate,25.0,UG/M3,1 Hr,Valid
Chisinau,PM2.5 - Principal,2022-05-27 01:00 AM,2022,05,27,01,21.7,71,Moderate,21.0,UG/M3,1 Hr,Valid
Chisinau,PM2.5 - Principal,2022-05-27 02:00 AM,2022,05,27,02,20.8,69,Moderate,20.0,UG/M3,1 Hr,Valid
Chisinau,PM2.5 - Principal,2022-05-27 03:00 AM,2022,05,27,03,21.9,72,Moderate,23.0,UG/M3,1 Hr,Valid
Chisinau,PM2.5 - Principal,2022-05-27 04:00 AM,2022,05,27,04,22.4,73,Moderate,23.0,UG/M3,1 Hr,Valid
Chisinau,PM2.5 - Principal,2022-05-27 05:00 AM,2022,05,27,05,22.7,73,Moderate,23.0,UG/M3,1 Hr,Valid
Chisinau,PM2.5 - Principal,2022-05-27 06:00 AM,2022,05,27,06,21.8,71,Moderate,21.0,UG/M3,1 Hr,Valid
Chisinau,PM2.5 - Principal,2022-05-27 07:00 AM,2022,05,27,07,22.9,74,Moderate,24.0,UG/M3,1 Hr,Valid
Chisinau,PM2.5 - Principal,2022-05-27 08:00 AM,2022,05,27,08,22.7,73,Moderate,23.0,UG/M3,1 Hr,Valid
Chisinau,PM2.5 - Principal,2022-05-27 09:00 AM,2022,05,27,09,22.2,72,Moderate,21.0,UG/M3,1 Hr,Valid
Chisinau,PM2.5 - Principal,2022-05-27 10:00 AM,2022,05,27,10,19.9,67,Moderate,16.0,UG/M3,1 Hr,Valid
Chisinau,PM2.5 - Principal,2022-05-27 11:00 AM,2022,05,27,11,14.4,56,Moderate,10.0,UG/M3,1 Hr,Valid
Chisinau,PM2.5 - Principal,2022-05-27 12:00 PM,2022,05,27,12,13.2,53,Moderate,12.0,UG/M3,1 Hr,Valid
Chisinau,PM2.5 - Principal,2022-05-27 01:00 PM,2022,05,27,13,12.6,52,Moderate,12.0,UG/M3,1 Hr,Valid
Chisinau,PM2.5 - Principal,2022-05-27 02:00 PM,2022,05,27,14,11.3,47,Good,10.0,UG/M3,1 Hr,Valid
Chisinau,PM2.5 - Principal,2022-05-27 03:00 PM,2022,05,27,15,11.1,46,Good,11.0,UG/M3,1 Hr,Valid
Chisinau,PM2.5 - Principal,2022-05-27 04:00 PM,2022,05,27,16,11.5,48,Good,12.0,UG/M3,1 Hr,Valid
Chisinau,PM2.5 - Principal,2022-05-27 05:00 PM,2022,05,27,17,11.2,47,Good,11.0,UG/M3,1 Hr,Valid
Chisinau,PM2.5 - Principal,2022-05-27 06:00 PM,2022,05,27,18,12.1,51,Moderate,13.0,UG/M3,1 Hr,Valid
Chisinau,PM2.5 - Principal,2022-05-27 07:00 PM,2022,05,27,19,11.5,48,Good,11.0,UG/M3,1 Hr,Valid
Chisinau,PM2.5 - Principal,2022-05-27 08:00 PM,2022,05,27,20,10.2,43,Good,9.0,UG/M3,1 Hr,Valid
Chisinau,PM2.5 - Principal,2022-05-27 09:00 PM,2022,05,27,21,11.1,46,Good,12.0,UG/M3,1 Hr,Valid
Chisinau,PM2.5 - Principal,2022-05-27 10:00 PM,2022,05,27,22,10.4,43,Good,9.0,UG/M3,1 Hr,Valid
Chisinau,PM2.5 - Principal,2022-05-27 11:00 PM,2022,05,27,23,10.9,45,Good,12.0,UG/M3,1 Hr,Valid
Chisinau,PM2.5 - Principal,2022-05-28 12:00 AM,2022,05,28,00,12.0,50,Good,14.0,UG/M3,1 Hr,Valid
Chisinau,PM2.5 - Principal,2022-05-28 01:00 AM,2022,05,28,01,13.9,55,Moderate,16.0,UG/M3,1 Hr,Valid
Chisinau,PM2.5 - Principal,2022-05-28 02:00 AM,2022,05,28,02,13.0,53,Moderate,12.0,UG/M3,1 Hr,Valid
Chisinau,PM2.5 - Principal,2022-05-28 03:00 AM,2022,05,28,03,13.0,53,Moderate,13.0,UG/M3,1 Hr,Valid
Chisinau,PM2.5 - Principal,2022-05-28 04:00 AM,2022,05,28,04,13.9,55,Moderate,15.0,UG/M3,1 Hr,Valid
Chisinau,PM2.5 - Principal,2022-05-28 05:00 AM,2022,05,28,05,15.3,58,Moderate,17.0,UG/M3,1 Hr,Valid
Chisinau,PM2.5 - Principal,2022-05-28 06:00 AM,2022,05,28,06,15.6,58,Moderate,16.0,UG/M3,1 Hr,Valid
Chisinau,PM2.5 - Principal,2022-05-28 07:00 AM,2022,05,28,07,14.8,57,Moderate,14.0,UG/M3,1 Hr,Valid
Chisinau,PM2.5 - Principal,2022-05-28 08:00 AM,2022,05,28,08,12.5,52,Moderate,10.0,UG/M3,1 Hr,Valid
Chisinau,PM2.5 - Principal,2022-05-28 09:00 AM,2022,05,28,09,10.2,43,Good,8.0,UG/M3,1 Hr,Valid
Chisinau,PM2.5 - Principal,2022-05-28 10:00 AM,2022,05,28,10,8.6,36,Good,7.0,UG/M3,1 Hr,Valid
Chisinau,PM2.5 - Principal,2022-05-28 11:00 AM,2022,05,28,11,8.8,37,Good,9.0,UG/M3,1 Hr,Valid
Chisinau,PM2.5 - Principal,2022-05-28 12:00 PM,2022,05,28,12,8.4,35,Good,8.0,UG/M3,1 Hr,Valid
Chisinau,PM2.5 - Principal,2022-05-28 01:00 PM,2022,05,28,13,7.1,30,Good,6.0,UG/M3,1 Hr,Valid
Chisinau,PM2.5 - Principal,2022-05-28 02:00 PM,2022,05,28,14,7.5,31,Good,8.0,UG/M3,1 Hr,Valid
Chisinau,PM2.5 - Principal,2022-05-28 03:00 PM,2022,05,28,15,9.2,38,Good,11.0,UG/M3,1 Hr,Valid
Chisinau,PM2.5 - Principal,2022-05-28 04:00 PM,2022,05,28,16,10.1,42,Good,11.0,UG/M3,1 Hr,Valid
Chisinau,PM2.5 - Principal,2022-05-28 05:00 PM,2022,05,28,17,11.0,46,Good,12.0,UG/M3,1 Hr,Valid
Chisinau,PM2.5 - Principal,2022-05-28 06:00 PM,2022,05,28,18,14.5,56,Moderate,18.0,UG/M3,1 Hr,Valid
Chisinau,PM2.5 - Principal,2022-05-28 07:00 PM,2022,05,28,19,15.2,58,Moderate,16.0,UG/M3,1 Hr,Valid
Chisinau,PM2.5 - Principal,2022-05-28 08:00 PM,2022,05,28,20,14.1,55,Moderate,13.0,UG/M3,1 Hr,Valid
Chisinau,PM2.5 - Principal,2022-05-28 09:00 PM,2022,05,28,21,13.0,53,Moderate,12.0,UG/M3,1 Hr,Valid
Chisinau,PM2.5 - Principal,2022-05-28 10:00 PM,2022,05,28,22,13.0,53,Moderate,13.0,UG/M3,1 Hr,Valid
Chisinau,PM2.5 - Principal,2022-05-28 11:00 PM,2022,05,28,23,15.0,57,Moderate,17.0,UG/M3,1 Hr,Valid
Chisinau,PM2.5 - Principal,2022-05-29 12:00 AM,2022,05,29,00,15.0,57,Moderate,15.0,UG/M3,1 Hr,Valid
Chisinau,PM2.5 - Principal,2022-05-29 01:00 AM,2022,05,29,01,16.0,59,Moderate,17.0,UG/M3,1 Hr,Valid
Chisinau,PM2.5 - Principal,2022-05-29 02:00 AM,2022,05,29,02,16.5,60,Moderate,18.0,UG/M3,1 Hr,Valid
Chisinau,PM2.5 - Principal,2022-05-29 03:00 AM,2022,05,29,03,12.0,50,Good,7.0,UG/M3,1 Hr,Valid
Chisinau,PM2.5 - Principal,2022-05-29 04:00 AM,2022,05,29,04,13.0,53,Moderate,14.0,UG/M3,1 Hr,Valid
Chisinau,PM2.5 - Principal,2022-05-29 05:00 AM,2022,05,29,05,13.5,54,Moderate,14.0,UG/M3,1 Hr,Valid
Chisinau,PM2.5 - Principal,2022-05-29 06:00 AM,2022,05,29,06,12.7,52,Moderate,12.0,UG/M3,1 Hr,Valid
Chisinau,PM2.5 - Principal,2022-05-29 07:00 AM,2022,05,29,07,11.3,47,Good,10.0,UG/M3,1 Hr,Valid
Chisinau,PM2.5 - Principal,2022-05-29 08:00 AM,2022,05,29,08,13.1,53,Moderate,15.0,UG/M3,1 Hr,Valid
Chisinau,PM2.5 - Principal,2022-05-29 09:00 AM,2022,05,29,09,12.5,52,Moderate,12.0,UG/M3,1 Hr,Valid
Chisinau,PM2.5 - Principal,2022-05-29 10:00 AM,2022,05,29,10,12.7,52,Moderate,13.0,UG/M3,1 Hr,Valid
Chisinau,PM2.5 - Principal,2022-05-29 11:00 AM,2022,05,29,11,11.8,49,Good,11.0,UG/M3,1 Hr,Valid
Chisinau,PM2.5 - Principal,2022-05-29 12:00 PM,2022,05,29,12,11.4,48,Good,11.0,UG/M3,1 Hr,Valid
Chisinau,PM2.5 - Principal,2022-05-29 01:00 PM,2022,05,29,13,11.2,47,Good,11.0,UG/M3,1 Hr,Valid
Chisinau,PM2.5 - Principal,2022-05-29 02:00 PM,2022,05,29,14,12.1,51,Moderate,13.0,UG/M3,1 Hr,Valid
Chisinau,PM2.5 - Principal,2022-05-29 03:00 PM,2022,05,29,15,12.3,51,Moderate,13.0,UG/M3,1 Hr,Valid
Chisinau,PM2.5 - Principal,2022-05-29 04:00 PM,2022,05,29,16,11.8,49,Good,11.0,UG/M3,1 Hr,Valid
Chisinau,PM2.5 - Principal,2022-05-29 05:00 PM,2022,05,29,17,11.5,48,Good,11.0,UG/M3,1 Hr,Valid
Chisinau,PM2.5 - Principal,2022-05-29 06:00 PM,2022,05,29,18,13.2,53,Moderate,16.0,UG/M3,1 Hr,Valid
Chisinau,PM2.5 - Principal,2022-05-29 07:00 PM,2022,05,29,19,12.0,50,Good,10.0,UG/M3,1 Hr,Valid
Chisinau,PM2.5 - Principal,2022-05-29 08:00 PM,2022,05,29,20,10.6,44,Good,9.0,UG/M3,1 Hr,Valid
Chisinau,PM2.5 - Principal,2022-05-29 09:00 PM,2022,05,29,21,9.2,38,Good,8.0,UG/M3,1 Hr,Valid
Chisinau,PM2.5 - Principal,2022-05-29 10:00 PM,2022,05,29,22,9.1,38,Good,9.0,UG/M3,1 Hr,Valid
Chisinau,PM2.5 - Principal,2022-05-29 11:00 PM,2022,05,29,23,11.0,46,Good,13.0,UG/M3,1 Hr,Valid
Chisinau,PM2.5 - Principal,2022-05-30 12:00 AM,2022,05,30,00,11.0,46,Good,11.0,UG/M3,1 Hr,Valid
Chisinau,PM2.5 - Principal,2022-05-30 01:00 AM,2022,05,30,01,13.5,54,Moderate,16.0,UG/M3,1 Hr,Valid
Chisinau,PM2.5 - Principal,2022-05-30 02:00 AM,2022,05,30,02,11.7,49,Good,10.0,UG/M3,1 Hr,Valid
Chisinau,PM2.5 - Principal,2022-05-30 03:00 AM,2022,05,30,03,13.3,54,Moderate,15.0,UG/M3,1 Hr,Valid
Chisinau,PM2.5 - Principal,2022-05-30 04:00 AM,2022,05,30,04,12.1,51,Moderate,11.0,UG/M3,1 Hr,Valid
Chisinau,PM2.5 - Principal,2022-05-30 05:00 AM,2022,05,30,05,12.5,52,Moderate,13.0,UG/M3,1 Hr,Valid
Chisinau,PM2.5 - Principal,2022-05-30 06:00 AM,2022,05,30,06,13.7,54,Moderate,15.0,UG/M3,1 Hr,Valid
Chisinau,PM2.5 - Principal,2022-05-30 07:00 AM,2022,05,30,07,13.3,54,Moderate,13.0,UG/M3,1 Hr,Valid
Chisinau,PM2.5 - Principal,2022-05-30 08:00 AM,2022,05,30,08,15.2,58,Moderate,17.0,UG/M3,1 Hr,Valid
Chisinau,PM2.5 - Principal,2022-05-30 09:00 AM,2022,05,30,09,17.1,62,Moderate,19.0,UG/M3,1 Hr,Valid
Chisinau,PM2.5 - Principal,2022-05-30 10:00 AM,2022,05,30,10,22.0,72,Moderate,27.0,UG/M3,1 Hr,Valid
Chisinau,PM2.5 - Principal,2022-05-30 11:00 AM,2022,05,30,11,21.5,71,Moderate,21.0,UG/M3,1 Hr,Valid
Chisinau,PM2.5 - Principal,2022-05-30 12:00 PM,2022,05,30,12,21.7,71,Moderate,22.0,UG/M3,1 Hr,Valid
Chisinau,PM2.5 - Principal,2022-05-30 01:00 PM,2022,05,30,13,19.3,66,Moderate,17.0,UG/M3,1 Hr,Valid
Chisinau,PM2.5 - Principal,2022-05-30 02:00 PM,2022,05,30,14,21.1,70,Moderate,23.0,UG/M3,1 Hr,Valid
Chisinau,PM2.5 - Principal,2022-05-30 03:00 PM,2022,05,30,15,22.5,73,Moderate,24.0,UG/M3,1 Hr,Valid
Chisinau,PM2.5 - Principal,2022-05-30 04:00 PM,2022,05,30,16,51.8,141,Unhealthy for Sensitive Groups,81.0,UG/M3,1 Hr,Valid
Chisinau,PM2.5 - Principal,2022-05-30 05:00 PM,2022,05,30,17,46.4,128,Unhealthy for Sensitive Groups,41.0,UG/M3,1 Hr,Valid
Chisinau,PM2.5 - Principal,2022-05-30 06:00 PM,2022,05,30,18,55.7,151,Unhealthy,65.0,UG/M3,1 Hr,Valid
Chisinau,PM2.5 - Principal,2022-05-30 07:00 PM,2022,05,30,19,94.3,171,Unhealthy,133.0,UG/M3,1 Hr,Suspect
Chisinau,PM2.5 - Principal,2022-05-30 08:00 PM,2022,05,30,20,52.6,143,Unhealthy for Sensitive Groups,11.0,UG/M3,1 Hr,Valid
Chisinau,PM2.5 - Principal,2022-05-30 09:00 PM,2022,05,30,21,32.8,95,Moderate,13.0,UG/M3,1 Hr,Valid
Chisinau,PM2.5 - Principal,2022-05-30 10:00 PM,2022,05,30,22,25.4,79,Moderate,18.0,UG/M3,1 Hr,Valid
Chisinau,PM2.5 - Principal,2022-05-30 11:00 PM,2022,05,30,23,22.7,73,Moderate,20.0,UG/M3,1 Hr,Valid
Chisinau,PM2.5 - Principal,2022-05-31 12:00 AM,2022,05,31,00,17.8,63,Moderate,13.0,UG/M3,1 Hr,Valid
Chisinau,PM2.5 - Principal,2022-05-31 01:00 AM,2022,05,31,01,16.4,60,Moderate,15.0,UG/M3,1 Hr,Valid
Chisinau,PM2.5 - Principal,2022-05-31 02:00 AM,2022,05,31,02,17.2,62,Moderate,18.0,UG/M3,1 Hr,Valid
Chisinau,PM2.5 - Principal,2022-05-31 03:00 AM,2022,05,31,03,16.1,59,Moderate,15.0,UG/M3,1 Hr,Valid
Chisinau,PM2.5 - Principal,2022-05-31 04:00 AM,2022,05,31,04,13.5,54,Moderate,11.0,UG/M3,1 Hr,Valid
Chisinau,PM2.5 - Principal,2022-05-31 05:00 AM,2022,05,31,05,15.7,59,Moderate,18.0,UG/M3,1 Hr,Valid
Chisinau,PM2.5 - Principal,2022-05-31 06:00 AM,2022,05,31,06,16.3,60,Moderate,17.0,UG/M3,1 Hr,Valid
Chisinau,PM2.5 - Principal,2022-05-31 07:00 AM,2022,05,31,07,15.6,58,Moderate,15.0,UG/M3,1 Hr,Valid
Chisinau,PM2.5 - Principal,2022-05-31 08:00 AM,2022,05,31,08,12.3,51,Moderate,9.0,UG/M3,1 Hr,Valid
Chisinau,PM2.5 - Principal,2022-05-31 09:00 AM,2022,05,31,09,13.1,53,Moderate,14.0,UG/M3,1 Hr,Valid
Chisinau,PM2.5 - Principal,2022-05-31 10:00 AM,2022,05,31,10,14.0,55,Moderate,15.0,UG/M3,1 Hr,Valid
Chisinau,PM2.5 - Principal,2022-05-31 11:00 AM,2022,05,31,11,14.5,56,Moderate,15.0,UG/M3,1 Hr,Valid
Chisinau,PM2.5 - Principal,2022-05-31 12:00 PM,2022,05,31,12,14.2,55,Moderate,14.0,UG/M3,1 Hr,Valid
Chisinau,PM2.5 - Principal,2022-05-31 01:00 PM,2022,05,31,13,19.6,67,Moderate,25.0,UG/M3,1 Hr,Valid
Chisinau,PM2.5 - Principal,2022-05-31 02:00 PM,2022,05,31,14,103.8,176,Unhealthy,188.0,UG/M3,1 Hr,Valid
Chisinau,PM2.5 - Principal,2022-05-31 03:00 PM,2022,05,31,15,101.4,175,Unhealthy,99.0,UG/M3,1 Hr,Valid
Chisinau,PM2.5 - Principal,2022-05-31 04:00 PM,2022,05,31,16,92.2,170,Unhealthy,83.0,UG/M3,1 Hr,Valid
Chisinau,PM2.5 - Principal,2022-05-31 05:00 PM,2022,05,31,17,70.1,159,Unhealthy,48.0,UG/M3,1 Hr,Valid
Chisinau,PM2.5 - Principal,2022-05-31 06:00 PM,2022,05,31,18,94.0,171,Unhealthy,118.0,UG/M3,1 Hr,Valid
Chisinau,PM2.5 - Principal,2022-05-31 07:00 PM,2022,05,31,19,94.5,171,Unhealthy,95.0,UG/M3,1 Hr,Valid
Chisinau,PM2.5 - Principal,2022-05-31 08:00 PM,2022,05,31,20,118.2,183,Unhealthy,142.0,UG/M3,1 Hr,Valid
Chisinau,PM2.5 - Principal,2022-05-31 09:00 PM,2022,05,31,21,68.1,158,Unhealthy,18.0,UG/M3,1 Hr,Valid
Chisinau,PM2.5 - Principal,2022-05-31 10:00 PM,2022,05,31,22,42.0,117,Unhealthy for Sensitive Groups,16.0,UG/M3,1 Hr,Valid
Chisinau,PM2.5 - Principal,2022-05-31 11:00 PM,2022,05,31,23,30.0,89,Moderate,18.0,UG/M3,1 Hr,Valid
Chisinau,PM2.5 - Principal,2022-06-01 12:00 AM,2022,06,01,00,21.5,71,Moderate,13.0,UG/M3,1 Hr,Valid
Chisinau,PM2.5 - Principal,2022-06-01 01:00 AM,2022,06,01,01,19.7,67,Moderate,18.0,UG/M3,1 Hr,Valid
Chisinau,PM2.5 - Principal,2022-06-01 02:00 AM,2022,06,01,02,18.3,64,Moderate,17.0,UG/M3,1 Hr,Valid
Chisinau,PM2.5 - Principal,2022-06-01 03:00 AM,2022,06,01,03,19.1,66,Moderate,20.0,UG/M3,1 Hr,Valid
Chisinau,PM2.5 - Principal,2022-06-01 04:00 AM,2022,06,01,04,18.0,63,Moderate,17.0,UG/M3,1 Hr,Valid
Chisinau,PM2.5 - Principal,2022-06-01 05:00 AM,2022,06,01,05,18.5,64,Moderate,19.0,UG/M3,1 Hr,Valid
Chisinau,PM2.5 - Principal,2022-06-01 06:00 AM,2022,06,01,06,17.7,63,Moderate,17.0,UG/M3,1 Hr,Valid
Chisinau,PM2.5 - Principal,2022-06-01 07:00 AM,2022,06,01,07,17.3,62,Moderate,17.0,UG/M3,1 Hr,Valid
Chisinau,PM2.5 - Principal,2022-06-01 08:00 AM,2022,06,01,08,15.8,59,Moderate,13.0,UG/M3,1 Hr,Valid
Chisinau,PM2.5 - Principal,2022-06-01 09:00 AM,2022,06,01,09,17.7,63,Moderate,21.0,UG/M3,1 Hr,Valid
Chisinau,PM2.5 - Principal,2022-06-01 10:00 AM,2022,06,01,10,18.6,65,Moderate,20.0,UG/M3,1 Hr,Valid
Chisinau,PM2.5 - Principal,2022-06-01 11:00 AM,2022,06,01,11,18.7,65,Moderate,19.0,UG/M3,1 Hr,Valid
Chisinau,PM2.5 - Principal,2022-06-01 12:00 PM,2022,06,01,12,18.0,63,Moderate,17.0,UG/M3,1 Hr,Valid
Chisinau,PM2.5 - Principal,2022-06-01 01:00 PM,2022,06,01,13,17.6,63,Moderate,17.0,UG/M3,1 Hr,Valid
Chisinau,PM2.5 - Principal,2022-06-01 02:00 PM,2022,06,01,14,22.7,73,Moderate,28.0,UG/M3,1 Hr,Valid
Chisinau,PM2.5 - Principal,2022-06-01 03:00 PM,2022,06,01,15,48.3,133,Unhealthy for Sensitive Groups,74.0,UG/M3,1 Hr,Valid
Chisinau,PM2.5 - Principal,2022-06-01 04:00 PM,2022,06,01,16,50.6,138,Unhealthy for Sensitive Groups,53.0,UG/M3,1 Hr,Valid
Chisinau,PM2.5 - Principal,2022-06-01 05:00 PM,2022,06,01,17,40.8,114,Unhealthy for Sensitive Groups,31.0,UG/M3,1 Hr,Valid
Chisinau,PM2.5 - Principal,2022-06-01 06:00 PM,2022,06,01,18,40.8,114,Unhealthy for Sensitive Groups,225.0,UG/M3,1 Hr,Invalid
Chisinau,PM2.5 - Principal,2022-06-01 07:00 PM,2022,06,01,19,25.6,79,Moderate,18.0,UG/M3,1 Hr,Valid
Chisinau,PM2.5 - Principal,2022-06-01 08:00 PM,2022,06,01,20,20.6,69,Moderate,17.0,UG/M3,1 Hr,Valid
Chisinau,PM2.5 - Principal,2022-06-01 09:00 PM,2022,06,01,21,20.3,68,Moderate,20.0,UG/M3,1 Hr,Valid
Chisinau,PM2.5 - Principal,2022-06-01 10:00 PM,2022,06,01,22,18.6,65,Moderate,17.0,UG/M3,1 Hr,Valid
Chisinau,PM2.5 - Principal,2022-06-01 11:00 PM,2022,06,01,23,19.3,66,Moderate,20.0,UG/M3,1 Hr,Valid
Chisinau,PM2.5 - Principal,2022-06-02 12:00 AM,2022,06,02,00,19.1,66,Moderate,19.0,UG/M3,1 Hr,Valid
Chisinau,PM2.5 - Principal,2022-06-02 01:00 AM,2022,06,02,01,19.5,67,Moderate,20.0,UG/M3,1 Hr,Valid
Chisinau,PM2.5 - Principal,2022-06-02 02:00 AM,2022,06,02,02,19.7,67,Moderate,20.0,UG/M3,1 Hr,Valid
Chisinau,PM2.5 - Principal,2022-06-02 03:00 AM,2022,06,02,03,18.8,65,Moderate,18.0,UG/M3,1 Hr,Valid
Chisinau,PM2.5 - Principal,2022-06-02 04:00 AM,2022,06,02,04,17.4,62,Moderate,16.0,UG/M3,1 Hr,Valid
Chisinau,PM2.5 - Principal,2022-06-02 05:00 AM,2022,06,02,05,18.0,63,Moderate,17.0,UG/M3,1 Hr,Valid
Chisinau,PM2.5 - Principal,2022-06-02 06:00 AM,2022,06,02,06,17.1,62,Moderate,15.0,UG/M3,1 Hr,Valid
Chisinau,PM2.5 - Principal,2022-06-02 07:00 AM,2022,06,02,07,17.0,61,Moderate,17.0,UG/M3,1 Hr,Valid
Chisinau,PM2.5 - Principal,2022-06-02 08:00 AM,2022,06,02,08,17.0,61,Moderate,17.0,UG/M3,1 Hr,Valid
Chisinau,PM2.5 - Principal,2022-06-02 09:00 AM,2022,06,02,09,16.7,61,Moderate,16.0,UG/M3,1 Hr,Valid
Chisinau,PM2.5 - Principal,2022-06-02 10:00 AM,2022,06,02,10,16.8,61,Moderate,17.0,UG/M3,1 Hr,Valid
Chisinau,PM2.5 - Principal,2022-06-02 11:00 AM,2022,06,02,11,17.3,62,Moderate,19.0,UG/M3,1 Hr,Valid
Chisinau,PM2.5 - Principal,2022-06-02 12:00 PM,2022,06,02,12,17.2,62,Moderate,17.0,UG/M3,1 Hr,Valid
Chisinau,PM2.5 - Principal,2022-06-02 01:00 PM,2022,06,02,13,16.2,60,Moderate,14.0,UG/M3,1 Hr,Valid
Chisinau,PM2.5 - Principal,2022-06-02 02:00 PM,2022,06,02,14,16.2,60,Moderate,16.0,UG/M3,1 Hr,Valid
Chisinau,PM2.5 - Principal,2022-06-02 03:00 PM,2022,06,02,15,16.4,60,Moderate,17.0,UG/M3,1 Hr,Valid
Chisinau,PM2.5 - Principal,2022-06-02 04:00 PM,2022,06,02,16,16.3,60,Moderate,16.0,UG/M3,1 Hr,Valid
Chisinau,PM2.5 - Principal,2022-06-02 05:00 PM,2022,06,02,17,16.4,60,Moderate,17.0,UG/M3,1 Hr,Valid
Chisinau,PM2.5 - Principal,2022-06-02 06:00 PM,2022,06,02,18,16.9,61,Moderate,18.0,UG/M3,1 Hr,Valid
Chisinau,PM2.5 - Principal,2022-06-02 07:00 PM,2022,06,02,19,15.7,59,Moderate,13.0,UG/M3,1 Hr,Valid
Chisinau,PM2.5 - Principal,2022-06-02 08:00 PM,2022,06,02,20,15.8,59,Moderate,16.0,UG/M3,1 Hr,Valid
Chisinau,PM2.5 - Principal,2022-06-02 09:00 PM,2022,06,02,21,15.8,59,Moderate,16.0,UG/M3,1 Hr,Valid
Chisinau,PM2.5 - Principal,2022-06-02 10:00 PM,2022,06,02,22,30.8,90,Moderate,46.0,UG/M3,1 Hr,Valid
Chisinau,PM2.5 - Principal,2022-06-02 11:00 PM,2022,06,02,23,37.9,107,Unhealthy for Sensitive Groups,45.0,UG/M3,1 Hr,Valid
Chisinau,PM2.5 - Principal,2022-06-03 12:00 AM,2022,06,03,00,25.4,79,Moderate,13.0,UG/M3,1 Hr,Valid
Chisinau,PM2.5 - Principal,2022-06-03 01:00 AM,2022,06,03,01,23.2,74,Moderate,21.0,UG/M3,1 Hr,Valid
Chisinau,PM2.5 - Principal,2022-06-03 02:00 AM,2022,06,03,02,20.6,69,Moderate,18.0,UG/M3,1 Hr,Valid
Chisinau,PM2.5 - Principal,2022-06-03 03:00 AM,2022,06,03,03,14.3,56,Moderate,8.0,UG/M3,1 Hr,Valid
Chisinau,PM2.5 - Principal,2022-06-03 04:00 AM,2022,06,03,04,11.6,48,Good,9.0,UG/M3,1 Hr,Valid
Chisinau,PM2.5 - Principal,2022-06-03 05:00 AM,2022,06,03,05,10.3,43,Good,9.0,UG/M3,1 Hr,Valid
Chisinau,PM2.5 - Principal,2022-06-03 06:00 AM,2022,06,03,06,10.1,42,Good,10.0,UG/M3,1 Hr,Valid
Chisinau,PM2.5 - Principal,2022-06-03 07:00 AM,2022,06,03,07,13.0,53,Moderate,16.0,UG/M3,1 Hr,Valid
Chisinau,PM2.5 - Principal,2022-06-03 08:00 AM,2022,06,03,08,12.5,52,Moderate,12.0,UG/M3,1 Hr,Valid
Chisinau,PM2.5 - Principal,2022-06-03 09:00 AM,2022,06,03,09,13.2,53,Moderate,14.0,UG/M3,1 Hr,Valid
Chisinau,PM2.5 - Principal,2022-06-03 10:00 AM,2022,06,03,10,13.1,53,Moderate,13.0,UG/M3,1 Hr,Valid
Chisinau,PM2.5 - Principal,2022-06-03 11:00 AM,2022,06,03,11,12.5,52,Moderate,12.0,UG/M3,1 Hr,Valid
Chisinau,PM2.5 - Principal,2022-06-03 12:00 PM,2022,06,03,12,20.2,68,Moderate,28.0,UG/M3,1 Hr,Valid
Chisinau,PM2.5 - Principal,2022-06-03 01:00 PM,2022,06,03,13,40.1,112,Unhealthy for Sensitive Groups,60.0,UG/M3,1 Hr,Valid
Chisinau,PM2.5 - Principal,2022-06-03 02:00 PM,2022,06,03,14,90.0,169,Unhealthy,140.0,UG/M3,1 Hr,Valid
Chisinau,PM2.5 - Principal,2022-06-03 03:00 PM,2022,06,03,15,102.0,175,Unhealthy,114.0,UG/M3,1 Hr,Valid
Chisinau,PM2.5 - Principal,2022-06-03 04:00 PM,2022,06,03,16,75.5,161,Unhealthy,49.0,UG/M3,1 Hr,Valid
Chisinau,PM2.5 - Principal,2022-06-03 05:00 PM,2022,06,03,17,69.7,158,Unhealthy,64.0,UG/M3,1 Hr,Valid
Chisinau,PM2.5 - Principal,2022-06-03 06:00 PM,2022,06,03,18,70.8,159,Unhealthy,72.0,UG/M3,1 Hr,Valid
Chisinau,PM2.5 - Principal,2022-06-03 07:00 PM,2022,06,03,19,89.9,169,Unhealthy,109.0,UG/M3,1 Hr,Valid
Chisinau,PM2.5 - Principal,2022-06-03 08:00 PM,2022,06,03,20,98.9,173,Unhealthy,108.0,UG/M3,1 Hr,Valid
Chisinau,PM2.5 - Principal,2022-06-03 09:00 PM,2022,06,03,21,57.4,152,Unhealthy,16.0,UG/M3,1 Hr,Valid
Chisinau,PM2.5 - Principal,2022-06-03 10:00 PM,2022,06,03,22,36.7,104,Unhealthy for Sensitive Groups,16.0,UG/M3,1 Hr,Valid
Chisinau,PM2.5 - Principal,2022-06-03 11:00 PM,2022,06,03,23,31.8,92,Moderate,27.0,UG/M3,1 Hr,Valid
Chisinau,PM2.5 - Principal,2022-06-04 12:00 AM,2022,06,04,00,23.9,76,Moderate,16.0,UG/M3,1 Hr,Valid
Chisinau,PM2.5 - Principal,2022-06-04 01:00 AM,2022,06,04,01,21.4,71,Moderate,19.0,UG/M3,1 Hr,Valid
Chisinau,PM2.5 - Principal,2022-06-04 02:00 AM,2022,06,04,02,19.2,66,Moderate,17.0,UG/M3,1 Hr,Valid
Chisinau,PM2.5 - Principal,2022-06-04 03:00 AM,2022,06,04,03,15.0,57,Moderate,11.0,UG/M3,1 Hr,Valid
Chisinau,PM2.5 - Principal,2022-06-04 04:00 AM,2022,06,04,04,15.5,58,Moderate,16.0,UG/M3,1 Hr,Valid
Chisinau,PM2.5 - Principal,2022-06-04 05:00 AM,2022,06,04,05,14.7,56,Moderate,14.0,UG/M3,1 Hr,Valid
Chisinau,PM2.5 - Principal,2022-06-04 06:00 AM,2022,06,04,06,15.8,59,Moderate,17.0,UG/M3,1 Hr,Valid
Chisinau,PM2.5 - Principal,2022-06-04 07:00 AM,2022,06,04,07,15.4,58,Moderate,15.0,UG/M3,1 Hr,Valid
Chisinau,PM2.5 - Principal,2022-06-04 08:00 AM,2022,06,04,08,17.2,62,Moderate,19.0,UG/M3,1 Hr,Valid
Chisinau,PM2.5 - Principal,2022-06-04 09:00 AM,2022,06,04,09,15.1,57,Moderate,13.0,UG/M3,1 Hr,Valid
Chisinau,PM2.5 - Principal,2022-06-04 10:00 AM,2022,06,04,10,12.5,52,Moderate,10.0,UG/M3,1 Hr,Valid
Chisinau,PM2.5 - Principal,2022-06-04 11:00 AM,2022,06,04,11,10.7,45,Good,9.0,UG/M3,1 Hr,Valid
Chisinau,PM2.5 - Principal,2022-06-04 12:00 PM,2022,06,04,12,13.8,55,Moderate,17.0,UG/M3,1 Hr,Valid
Chisinau,PM2.5 - Principal,2022-06-04 01:00 PM,2022,06,04,13,20.4,68,Moderate,27.0,UG/M3,1 Hr,Valid
Chisinau,PM2.5 - Principal,2022-06-04 02:00 PM,2022,06,04,14,17.2,62,Moderate,14.0,UG/M3,1 Hr,Valid
Chisinau,PM2.5 - Principal,2022-06-04 03:00 PM,2022,06,04,15,58.1,152,Unhealthy,99.0,UG/M3,1 Hr,Valid
Chisinau,PM2.5 - Principal,2022-06-04 04:00 PM,2022,06,04,16,39.5,111,Unhealthy for Sensitive Groups,21.0,UG/M3,1 Hr,Valid
Chisinau,PM2.5 - Principal,2022-06-04 05:00 PM,2022,06,04,17,62.2,154,Unhealthy,85.0,UG/M3,1 Hr,Valid
Chisinau,PM2.5 - Principal,2022-06-04 06:00 PM,2022,06,04,18,62.1,154,Unhealthy,62.0,UG/M3,1 Hr,Valid
Chisinau,PM2.5 - Principal,2022-06-04 07:00 PM,2022,06,04,19,49.0,134,Unhealthy for Sensitive Groups,36.0,UG/M3,1 Hr,Valid
Chisinau,PM2.5 - Principal,2022-06-04 08:00 PM,2022,06,04,20,31.0,91,Moderate,13.0,UG/M3,1 Hr,Valid
Chisinau,PM2.5 - Principal,2022-06-04 09:00 PM,2022,06,04,21,22.0,72,Moderate,13.0,UG/M3,1 Hr,Valid
Chisinau,PM2.5 - Principal,2022-06-04 10:00 PM,2022,06,04,22,17.5,62,Moderate,13.0,UG/M3,1 Hr,Valid
Chisinau,PM2.5 - Principal,2022-06-04 11:00 PM,2022,06,04,23,18.2,64,Moderate,19.0,UG/M3,1 Hr,Valid
Chisinau,PM2.5 - Principal,2022-06-05 12:00 AM,2022,06,05,00,16.6,60,Moderate,15.0,UG/M3,1 Hr,Valid
Chisinau,PM2.5 - Principal,2022-06-05 01:00 AM,2022,06,05,01,14.3,56,Moderate,12.0,UG/M3,1 Hr,Valid
Chisinau,PM2.5 - Principal,2022-06-05 02:00 AM,2022,06,05,02,15.6,58,Moderate,17.0,UG/M3,1 Hr,Valid
Chisinau,PM2.5 - Principal,2022-06-05 03:00 AM,2022,06,05,03,14.8,57,Moderate,14.0,UG/M3,1 Hr,Valid
Chisinau,PM2.5 - Principal,2022-06-05 04:00 AM,2022,06,05,04,14.9,57,Moderate,15.0,UG/M3,1 Hr,Valid
Chisinau,PM2.5 - Principal,2022-06-05 05:00 AM,2022,06,05,05,13.9,55,Moderate,13.0,UG/M3,1 Hr,Valid
Chisinau,PM2.5 - Principal,2022-06-05 06:00 AM,2022,06,05,06,15.4,58,Moderate,17.0,UG/M3,1 Hr,Valid
Chisinau,PM2.5 - Principal,2022-06-05 07:00 AM,2022,06,05,07,14.3,56,Moderate,13.0,UG/M3,1 Hr,Valid
Chisinau,PM2.5 - Principal,2022-06-05 08:00 AM,2022,06,05,08,12.2,51,Moderate,10.0,UG/M3,1 Hr,Valid
Chisinau,PM2.5 - Principal,2022-06-05 09:00 AM,2022,06,05,09,11.6,48,Good,11.0,UG/M3,1 Hr,Valid
Chisinau,PM2.5 - Principal,2022-06-05 10:00 AM,2022,06,05,10,12.7,52,Moderate,14.0,UG/M3,1 Hr,Valid
Chisinau,PM2.5 - Principal,2022-06-05 11:00 AM,2022,06,05,11,11.6,48,Good,10.0,UG/M3,1 Hr,Valid
Chisinau,PM2.5 - Principal,2022-06-05 12:00 PM,2022,06,05,12,13.4,54,Moderate,16.0,UG/M3,1 Hr,Valid
Chisinau,PM2.5 - Principal,2022-06-05 01:00 PM,2022,06,05,13,12.4,52,Moderate,11.0,UG/M3,1 Hr,Valid
Chisinau,PM2.5 - Principal,2022-06-05 02:00 PM,2022,06,05,14,14.3,56,Moderate,17.0,UG/M3,1 Hr,Valid
Chisinau,PM2.5 - Principal,2022-06-05 03:00 PM,2022,06,05,15,14.5,56,Moderate,15.0,UG/M3,1 Hr,Valid
Chisinau,PM2.5 - Principal,2022-06-05 04:00 PM,2022,06,05,16,14.7,56,Moderate,15.0,UG/M3,1 Hr,Valid
Chisinau,PM2.5 - Principal,2022-06-05 05:00 PM,2022,06,05,17,16.8,61,Moderate,19.0,UG/M3,1 Hr,Valid
Chisinau,PM2.5 - Principal,2022-06-05 06:00 PM,2022,06,05,18,14.0,55,Moderate,11.0,UG/M3,1 Hr,Valid
Chisinau,PM2.5 - Principal,2022-06-05 07:00 PM,2022,06,05,19,15.4,58,Moderate,17.0,UG/M3,1 Hr,Valid
Chisinau,PM2.5 - Principal,2022-06-05 08:00 PM,2022,06,05,20,15.2,58,Moderate,15.0,UG/M3,1 Hr,Valid
Chisinau,PM2.5 - Principal,2022-06-05 09:00 PM,2022,06,05,21,14.1,55,Moderate,13.0,UG/M3,1 Hr,Valid
Chisinau,PM2.5 - Principal,2022-06-05 10:00 PM,2022,06,05,22,15.0,57,Moderate,16.0,UG/M3,1 Hr,Valid
Chisinau,PM2.5 - Principal,2022-06-05 11:00 PM,2022,06,05,23,14.1,55,Moderate,13.0,UG/M3,1 Hr,Valid
Chisinau,PM2.5 - Principal,2022-06-06 12:00 AM,2022,06,06,00,15.3,58,Moderate,17.0,UG/M3,1 Hr,Valid
Chisinau,PM2.5 - Principal,2022-06-06 01:00 AM,2022,06,06,01,15.2,58,Moderate,15.0,UG/M3,1 Hr,Valid
Chisinau,PM2.5 - Principal,2022-06-06 02:00 AM,2022,06,06,02,14.6,56,Moderate,14.0,UG/M3,1 Hr,Valid
Chisinau,PM2.5 - Principal,2022-06-06 03:00 AM,2022,06,06,03,14.8,57,Moderate,15.0,UG/M3,1 Hr,Valid
Chisinau,PM2.5 - Principal,2022-06-06 04:00 AM,2022,06,06,04,11.9,50,Good,9.0,UG/M3,1 Hr,Valid
Chisinau,PM2.5 - Principal,2022-06-06 05:00 AM,2022,06,06,05,11.0,46,Good,10.0,UG/M3,1 Hr,Valid
Chisinau,PM2.5 - Principal,2022-06-06 06:00 AM,2022,06,06,06,12.4,52,Moderate,14.0,UG/M3,1 Hr,Valid
Chisinau,PM2.5 - Principal,2022-06-06 07:00 AM,2022,06,06,07,13.1,53,Moderate,14.0,UG/M3,1 Hr,Valid
Chisinau,PM2.5 - Principal,2022-06-06 08:00 AM,2022,06,06,08,13.0,53,Moderate,13.0,UG/M3,1 Hr,Valid
Chisinau,PM2.5 - Principal,2022-06-06 09:00 AM,2022,06,06,09,13.5,54,Moderate,14.0,UG/M3,1 Hr,Valid
Chisinau,PM2.5 - Principal,2022-06-06 10:00 AM,2022,06,06,10,15.1,57,Moderate,17.0,UG/M3,1 Hr,Valid
Chisinau,PM2.5 - Principal,2022-06-06 11:00 AM,2022,06,06,11,14.6,56,Moderate,14.0,UG/M3,1 Hr,Valid
Chisinau,PM2.5 - Principal,2022-06-06 12:00 PM,2022,06,06,12,14.7,56,Moderate,15.0,UG/M3,1 Hr,Valid
Chisinau,PM2.5 - Principal,2022-06-06 01:00 PM,2022,06,06,13,13.9,55,Moderate,13.0,UG/M3,1 Hr,Valid
Chisinau,PM2.5 - Principal,2022-06-06 02:00 PM,2022,06,06,14,13.5,54,Moderate,13.0,UG/M3,1 Hr,Valid
Chisinau,PM2.5 - Principal,2022-06-06 03:00 PM,2022,06,06,15,12.3,51,Moderate,11.0,UG/M3,1 Hr,Valid
Chisinau,PM2.5 - Principal,2022-06-06 04:00 PM,2022,06,06,16,13.9,55,Moderate,16.0,UG/M3,1 Hr,Valid
Chisinau,PM2.5 - Principal,2022-06-06 05:00 PM,2022,06,06,17,26.0,80,Moderate,38.0,UG/M3,1 Hr,Valid
Chisinau,PM2.5 - Principal,2022-06-06 06:00 PM,2022,06,06,18,66.5,157,Unhealthy,107.0,UG/M3,1 Hr,Valid
Chisinau,PM2.5 - Principal,2022-06-06 07:00 PM,2022,06,06,19,48.7,134,Unhealthy for Sensitive Groups,31.0,UG/M3,1 Hr,Valid
Chisinau,PM2.5 - Principal,2022-06-06 08:00 PM,2022,06,06,20,129.4,189,Unhealthy,210.0,UG/M3,1 Hr,Suspect
Chisinau,PM2.5 - Principal,2022-06-06 09:00 PM,2022,06,06,21,75.7,161,Unhealthy,22.0,UG/M3,1 Hr,Valid
Chisinau,PM2.5 - Principal,2022-06-06 10:00 PM,2022,06,06,22,44.8,124,Unhealthy for Sensitive Groups,14.0,UG/M3,1 Hr,Valid
Chisinau,PM2.5 - Principal,2022-06-06 11:00 PM,2022,06,06,23,29.4,87,Moderate,14.0,UG/M3,1 Hr,Valid
Chisinau,PM2.5 - Principal,2022-06-07 12:00 AM,2022,06,07,00,23.7,75,Moderate,18.0,UG/M3,1 Hr,Valid
Chisinau,PM2.5 - Principal,2022-06-07 01:00 AM,2022,06,07,01,21.3,70,Moderate,19.0,UG/M3,1 Hr,Valid
Chisinau,PM2.5 - Principal,2022-06-07 02:00 AM,2022,06,07,02,19.1,66,Moderate,17.0,UG/M3,1 Hr,Valid
Chisinau,PM2.5 - Principal,2022-06-07 03:00 AM,2022,06,07,03,18.5,64,Moderate,18.0,UG/M3,1 Hr,Valid
Chisinau,PM2.5 - Principal,2022-06-07 04:00 AM,2022,06,07,04,16.2,60,Moderate,14.0,UG/M3,1 Hr,Valid
Chisinau,PM2.5 - Principal,2022-06-07 05:00 AM,2022,06,07,05,15.6,58,Moderate,15.0,UG/M3,1 Hr,Valid
Chisinau,PM2.5 - Principal,2022-06-07 06:00 AM,2022,06,07,06,14.3,56,Moderate,13.0,UG/M3,1 Hr,Valid
Chisinau,PM2.5 - Principal,2022-06-07 07:00 AM,2022,06,07,07,15.1,57,Moderate,16.0,UG/M3,1 Hr,Valid
Chisinau,PM2.5 - Principal,2022-06-07 08:00 AM,2022,06,07,08,15.0,57,Moderate,15.0,UG/M3,1 Hr,Valid
Chisinau,PM2.5 - Principal,2022-06-07 09:00 AM,2022,06,07,09,15.4,58,Moderate,16.0,UG/M3,1 Hr,Valid
Chisinau,PM2.5 - Principal,2022-06-07 10:00 AM,2022,06,07,10,15.3,58,Moderate,15.0,UG/M3,1 Hr,Valid
Chisinau,PM2.5 - Principal,2022-06-07 11:00 AM,2022,06,07,11,14.8,57,Moderate,14.0,UG/M3,1 Hr,Valid
Chisinau,PM2.5 - Principal,2022-06-07 12:00 PM,2022,06,07,12,12.4,52,Moderate,10.0,UG/M3,1 Hr,Valid
Chisinau,PM2.5 - Principal,2022-06-07 01:00 PM,2022,06,07,13,13.6,54,Moderate,15.0,UG/M3,1 Hr,Valid
Chisinau,PM2.5 - Principal,2022-06-07 02:00 PM,2022,06,07,14,23.3,75,Moderate,33.0,UG/M3,1 Hr,Valid
Chisinau,PM2.5 - Principal,2022-06-07 03:00 PM,2022,06,07,15,25.1,78,Moderate,27.0,UG/M3,1 Hr,Valid
Chisinau,PM2.5 - Principal,2022-06-07 04:00 PM,2022,06,07,16,26.0,80,Moderate,27.0,UG/M3,1 Hr,Valid
Chisinau,PM2.5 - Principal,2022-06-07 05:00 PM,2022,06,07,17,21.0,70,Moderate,16.0,UG/M3,1 Hr,Valid
Chisinau,PM2.5 - Principal,2022-06-07 06:00 PM,2022,06,07,18,26.5,81,Moderate,32.0,UG/M3,1 Hr,Valid
Chisinau,PM2.5 - Principal,2022-06-07 07:00 PM,2022,06,07,19,39.2,110,Unhealthy for Sensitive Groups,52.0,UG/M3,1 Hr,Valid
Chisinau,PM2.5 - Principal,2022-06-07 08:00 PM,2022,06,07,20,26.1,80,Moderate,13.0,UG/M3,1 Hr,Valid
Chisinau,PM2.5 - Principal,2022-06-07 09:00 PM,2022,06,07,21,20.5,69,Moderate,15.0,UG/M3,1 Hr,Valid
Chisinau,PM2.5 - Principal,2022-06-07 10:00 PM,2022,06,07,22,17.2,62,Moderate,14.0,UG/M3,1 Hr,Valid
Chisinau,PM2.5 - Principal,2022-06-07 11:00 PM,2022,06,07,23,16.1,59,Moderate,15.0,UG/M3,1 Hr,Valid
Chisinau,PM2.5 - Principal,2022-06-08 12:00 AM,2022,06,08,00,20.0,68,Moderate,24.0,UG/M3,1 Hr,Valid
Chisinau,PM2.5 - Principal,2022-06-08 01:00 AM,2022,06,08,01,20.0,68,Moderate,20.0,UG/M3,1 Hr,Valid
Chisinau,PM2.5 - Principal,2022-06-08 02:00 AM,2022,06,08,02,21.0,70,Moderate,22.0,UG/M3,1 Hr,Valid
Chisinau,PM2.5 - Principal,2022-06-08 03:00 AM,2022,06,08,03,22.0,72,Moderate,23.0,UG/M3,1 Hr,Valid
Chisinau,PM2.5 - Principal,2022-06-08 04:00 AM,2022,06,08,04,19.5,67,Moderate,17.0,UG/M3,1 Hr,Valid
Chisinau,PM2.5 - Principal,2022-06-08 05:00 AM,2022,06,08,05,17.2,62,Moderate,15.0,UG/M3,1 Hr,Valid
Chisinau,PM2.5 - Principal,2022-06-08 06:00 AM,2022,06,08,06,16.6,60,Moderate,16.0,UG/M3,1 Hr,Valid
Chisinau,PM2.5 - Principal,2022-06-08 07:00 AM,2022,06,08,07,16.4,60,Moderate,16.0,UG/M3,1 Hr,Valid
Chisinau,PM2.5 - Principal,2022-06-08 08:00 AM,2022,06,08,08,17.5,62,Moderate,19.0,UG/M3,1 Hr,Valid
Chisinau,PM2.5 - Principal,2022-06-08 09:00 AM,2022,06,08,09,16.0,59,Moderate,14.0,UG/M3,1 Hr,Valid
Chisinau,PM2.5 - Principal,2022-06-08 10:00 AM,2022,06,08,10,14.6,56,Moderate,13.0,UG/M3,1 Hr,Valid
Chisinau,PM2.5 - Principal,2022-06-08 11:00 AM,2022,06,08,11,16.1,59,Moderate,18.0,UG/M3,1 Hr,Valid
Chisinau,PM2.5 - Principal,2022-06-08 12:00 PM,2022,06,08,12,17.3,62,Moderate,19.0,UG/M3,1 Hr,Valid
Chisinau,PM2.5 - Principal,2022-06-08 01:00 PM,2022,06,08,13,16.7,61,Moderate,16.0,UG/M3,1 Hr,Valid
Chisinau,PM2.5 - Principal,2022-06-08 02:00 PM,2022,06,08,14,15.5,58,Moderate,14.0,UG/M3,1 Hr,Valid
Chisinau,PM2.5 - Principal,2022-06-08 03:00 PM,2022,06,08,15,15.8,59,Moderate,16.0,UG/M3,1 Hr,Valid
Chisinau,PM2.5 - Principal,2022-06-08 04:00 PM,2022,06,08,16,15.9,59,Moderate,16.0,UG/M3,1 Hr,Valid
Chisinau,PM2.5 - Principal,2022-06-08 05:00 PM,2022,06,08,17,15.9,59,Moderate,16.0,UG/M3,1 Hr,Valid
Chisinau,PM2.5 - Principal,2022-06-08 06:00 PM,2022,06,08,18,15.6,58,Moderate,15.0,UG/M3,1 Hr,Valid
Chisinau,PM2.5 - Principal,2022-06-08 07:00 PM,2022,06,08,19,16.0,59,Moderate,17.0,UG/M3,1 Hr,Valid
Chisinau,PM2.5 - Principal,2022-06-08 08:00 PM,2022,06,08,20,16.0,59,Moderate,16.0,UG/M3,1 Hr,Valid
Chisinau,PM2.5 - Principal,2022-06-08 09:00 PM,2022,06,08,21,16.6,60,Moderate,18.0,UG/M3,1 Hr,Valid
Chisinau,PM2.5 - Principal,2022-06-08 10:00 PM,2022,06,08,22,16.7,61,Moderate,17.0,UG/M3,1 Hr,Valid
Chisinau,PM2.5 - Principal,2022-06-08 11:00 PM,2022,06,08,23,19.8,67,Moderate,24.0,UG/M3,1 Hr,Valid
Chisinau,PM2.5 - Principal,2022-06-09 12:00 AM,2022,06,09,00,19.9,67,Moderate,20.0,UG/M3,1 Hr,Valid
Chisinau,PM2.5 - Principal,2022-06-09 01:00 AM,2022,06,09,01,19.1,66,Moderate,18.0,UG/M3,1 Hr,Valid
Chisinau,PM2.5 - Principal,2022-06-09 02:00 AM,2022,06,09,02,18.3,64,Moderate,17.0,UG/M3,1 Hr,Valid
Chisinau,PM2.5 - Principal,2022-06-09 03:00 AM,2022,06,09,03,16.4,60,Moderate,14.0,UG/M3,1 Hr,Valid
Chisinau,PM2.5 - Principal,2022-06-09 04:00 AM,2022,06,09,04,17.1,62,Moderate,18.0,UG/M3,1 Hr,Valid
Chisinau,PM2.5 - Principal,2022-06-09 05:00 AM,2022,06,09,05,16.6,60,Moderate,16.0,UG/M3,1 Hr,Valid
Chisinau,PM2.5 - Principal,2022-06-09 06:00 AM,2022,06,09,06,16.7,61,Moderate,17.0,UG/M3,1 Hr,Valid
Chisinau,PM2.5 - Principal,2022-06-09 07:00 AM,2022,06,09,07,16.8,61,Moderate,17.0,UG/M3,1 Hr,Valid
Chisinau,PM2.5 - Principal,2022-06-09 08:00 AM,2022,06,09,08,17.3,62,Moderate,18.0,UG/M3,1 Hr,Valid
Chisinau,PM2.5 - Principal,2022-06-09 09:00 AM,2022,06,09,09,16.7,61,Moderate,16.0,UG/M3,1 Hr,Valid
Chisinau,PM2.5 - Principal,2022-06-09 10:00 AM,2022,06,09,10,16.8,61,Moderate,17.0,UG/M3,1 Hr,Valid
Chisinau,PM2.5 - Principal,2022-06-09 11:00 AM,2022,06,09,11,17.8,63,Moderate,20.0,UG/M3,1 Hr,Valid
Chisinau,PM2.5 - Principal,2022-06-09 12:00 PM,2022,06,09,12,18.1,64,Moderate,19.0,UG/M3,1 Hr,Valid
Chisinau,PM2.5 - Principal,2022-06-09 01:00 PM,2022,06,09,13,15.8,59,Moderate,12.0,UG/M3,1 Hr,Valid
Chisinau,PM2.5 - Principal,2022-06-09 02:00 PM,2022,06,09,14,17.5,62,Moderate,20.0,UG/M3,1 Hr,Valid
Chisinau,PM2.5 - Principal,2022-06-09 03:00 PM,2022,06,09,15,16.9,61,Moderate,16.0,UG/M3,1 Hr,Valid
Chisinau,PM2.5 - Principal,2022-06-09 04:00 PM,2022,06,09,16,15.3,58,Moderate,13.0,UG/M3,1 Hr,Valid
Chisinau,PM2.5 - Principal,2022-06-09 05:00 PM,2022,06,09,17,14.4,56,Moderate,13.0,UG/M3,1 Hr,Valid
Chisinau,PM2.5 - Principal,2022-06-09 06:00 PM,2022,06,09,18,13.4,54,Moderate,12.0,UG/M3,1 Hr,Valid
Chisinau,PM2.5 - Principal,2022-06-09 07:00 PM,2022,06,09,19,14.4,56,Moderate,16.0,UG/M3,1 Hr,Valid
Chisinau,PM2.5 - Principal,2022-06-09 08:00 PM,2022,06,09,20,13.8,55,Moderate,13.0,UG/M3,1 Hr,Valid
Chisinau,PM2.5 - Principal,2022-06-09 09:00 PM,2022,06,09,21,14.7,56,Moderate,16.0,UG/M3,1 Hr,Valid
Chisinau,PM2.5 - Principal,2022-06-09 10:00 PM,2022,06,09,22,14.4,56,Moderate,14.0,UG/M3,1 Hr,Valid
Chisinau,PM2.5 - Principal,2022-06-09 11:00 PM,2022,06,09,23,12.8,52,Moderate,11.0,UG/M3,1 Hr,Valid
Chisinau,PM2.5 - Principal,2022-06-10 12:00 AM,2022,06,10,00,13.8,55,Moderate,15.0,UG/M3,1 Hr,Valid
Chisinau,PM2.5 - Principal,2022-06-10 01:00 AM,2022,06,10,01,11.9,50,Good,10.0,UG/M3,1 Hr,Valid
Chisinau,PM2.5 - Principal,2022-06-10 02:00 AM,2022,06,10,02,12.9,53,Moderate,14.0,UG/M3,1 Hr,Valid
Chisinau,PM2.5 - Principal,2022-06-10 03:00 AM,2022,06,10,03,12.6,52,Moderate,12.0,UG/M3,1 Hr,Valid
Chisinau,PM2.5 - Principal,2022-06-10 04:00 AM,2022,06,10,04,12.0,50,Good,11.0,UG/M3,1 Hr,Valid
Chisinau,PM2.5 - Principal,2022-06-10 05:00 AM,2022,06,10,05,12.7,52,Moderate,14.0,UG/M3,1 Hr,Valid
Chisinau,PM2.5 - Principal,2022-06-10 06:00 AM,2022,06,10,06,11.7,49,Good,10.0,UG/M3,1 Hr,Valid
Chisinau,PM2.5 - Principal,2022-06-10 07:00 AM,2022,06,10,07,11.8,49,Good,12.0,UG/M3,1 Hr,Valid
Chisinau,PM2.5 - Principal,2022-06-10 08:00 AM,2022,06,10,08,11.5,48,Good,11.0,UG/M3,1 Hr,Valid
Chisinau,PM2.5 - Principal,2022-06-10 09:00 AM,2022,06,10,09,12.7,52,Moderate,15.0,UG/M3,1 Hr,Valid
Chisinau,PM2.5 - Principal,2022-06-10 10:00 AM,2022,06,10,10,13.1,53,Moderate,14.0,UG/M3,1 Hr,Valid
Chisinau,PM2.5 - Principal,2022-06-10 11:00 AM,2022,06,10,11,14.8,57,Moderate,17.0,UG/M3,1 Hr,Valid
Chisinau,PM2.5 - Principal,2022-06-10 12:00 PM,2022,06,10,12,13.2,53,Moderate,11.0,UG/M3,1 Hr,Valid
Chisinau,PM2.5 - Principal,2022-06-10 01:00 PM,2022,06,10,13,13.1,53,Moderate,13.0,UG/M3,1 Hr,Valid
Chisinau,PM2.5 - Principal,2022-06-10 02:00 PM,2022,06,10,14,13.5,54,Moderate,14.0,UG/M3,1 Hr,Valid
Chisinau,PM2.5 - Principal,2022-06-10 03:00 PM,2022,06,10,15,14.1,55,Moderate,15.0,UG/M3,1 Hr,Valid
Chisinau,PM2.5 - Principal,2022-06-10 04:00 PM,2022,06,10,16,24.1,76,Moderate,34.0,UG/M3,1 Hr,Valid
Chisinau,PM2.5 - Principal,2022-06-10 05:00 PM,2022,06,10,17,19.5,67,Moderate,15.0,UG/M3,1 Hr,Valid
Chisinau,PM2.5 - Principal,2022-06-10 06:00 PM,2022,06,10,18,17.7,63,Moderate,16.0,UG/M3,1 Hr,Valid
Chisinau,PM2.5 - Principal,2022-06-10 07:00 PM,2022,06,10,19,16.8,61,Moderate,16.0,UG/M3,1 Hr,Valid
Chisinau,PM2.5 - Principal,2022-06-10 08:00 PM,2022,06,10,20,15.9,59,Moderate,15.0,UG/M3,1 Hr,Valid
Chisinau,PM2.5 - Principal,2022-06-10 09:00 PM,2022,06,10,21,13.9,55,Moderate,12.0,UG/M3,1 Hr,Valid
Chisinau,PM2.5 - Principal,2022-06-10 10:00 PM,2022,06,10,22,13.9,55,Moderate,14.0,UG/M3,1 Hr,Valid
Chisinau,PM2.5 - Principal,2022-06-10 11:00 PM,2022,06,10,23,14.9,57,Moderate,16.0,UG/M3,1 Hr,Valid
Chisinau,PM2.5 - Principal,2022-06-11 12:00 AM,2022,06,11,00,16.9,61,Moderate,19.0,UG/M3,1 Hr,Valid
Chisinau,PM2.5 - Principal,2022-06-11 01:00 AM,2022,06,11,01,16.4,60,Moderate,16.0,UG/M3,1 Hr,Valid
Chisinau,PM2.5 - Principal,2022-06-11 02:00 AM,2022,06,11,02,15.7,59,Moderate,15.0,UG/M3,1 Hr,Valid
Chisinau,PM2.5 - Principal,2022-06-11 03:00 AM,2022,06,11,03,16.3,60,Moderate,17.0,UG/M3,1 Hr,Valid
Chisinau,PM2.5 - Principal,2022-06-11 04:00 AM,2022,06,11,04,15.7,59,Moderate,15.0,UG/M3,1 Hr,Valid
Chisinau,PM2.5 - Principal,2022-06-11 05:00 AM,2022,06,11,05,16.5,60,Moderate,18.0,UG/M3,1 Hr,Valid
Chisinau,PM2.5 - Principal,2022-06-11 06:00 AM,2022,06,11,06,15.2,58,Moderate,13.0,UG/M3,1 Hr,Valid
Chisinau,PM2.5 - Principal,2022-06-11 07:00 AM,2022,06,11,07,15.1,57,Moderate,15.0,UG/M3,1 Hr,Valid
Chisinau,PM2.5 - Principal,2022-06-11 08:00 AM,2022,06,11,08,14.7,56,Moderate,14.0,UG/M3,1 Hr,Valid
Chisinau,PM2.5 - Principal,2022-06-11 09:00 AM,2022,06,11,09,14.5,56,Moderate,14.0,UG/M3,1 Hr,Valid
Chisinau,PM2.5 - Principal,2022-06-11 10:00 AM,2022,06,11,10,15.3,58,Moderate,17.0,UG/M3,1 Hr,Valid
Chisinau,PM2.5 - Principal,2022-06-11 11:00 AM,2022,06,11,11,17.0,61,Moderate,20.0,UG/M3,1 Hr,Valid
Chisinau,PM2.5 - Principal,2022-06-11 12:00 PM,2022,06,11,12,17.7,63,Moderate,19.0,UG/M3,1 Hr,Valid
Chisinau,PM2.5 - Principal,2022-06-11 01:00 PM,2022,06,11,13,20.8,69,Moderate,24.0,UG/M3,1 Hr,Valid
Chisinau,PM2.5 - Principal,2022-06-11 02:00 PM,2022,06,11,14,16.6,60,Moderate,12.0,UG/M3,1 Hr,Valid
Chisinau,PM2.5 - Principal,2022-06-11 03:00 PM,2022,06,11,15,16.3,60,Moderate,16.0,UG/M3,1 Hr,Valid
Chisinau,PM2.5 - Principal,2022-06-11 04:00 PM,2022,06,11,16,13.6,54,Moderate,11.0,UG/M3,1 Hr,Valid
Chisinau,PM2.5 - Principal,2022-06-11 05:00 PM,2022,06,11,17,13.8,55,Moderate,14.0,UG/M3,1 Hr,Valid
Chisinau,PM2.5 - Principal,2022-06-11 06:00 PM,2022,06,11,18,11.9,50,Good,10.0,UG/M3,1 Hr,Valid
Chisinau,PM2.5 - Principal,2022-06-11 07:00 PM,2022,06,11,19,11.9,50,Good,12.0,UG/M3,1 Hr,Valid
Chisinau,PM2.5 - Principal,2022-06-11 08:00 PM,2022,06,11,20,10.4,43,Good,9.0,UG/M3,1 Hr,Valid
Chisinau,PM2.5 - Principal,2022-06-11 09:00 PM,2022,06,11,21,12.7,52,Moderate,15.0,UG/M3,1 Hr,Valid
Chisinau,PM2.5 - Principal,2022-06-11 10:00 PM,2022,06,11,22,12.8,52,Moderate,13.0,UG/M3,1 Hr,Valid
Chisinau,PM2.5 - Principal,2022-06-11 11:00 PM,2022,06,11,23,11.9,50,Good,11.0,UG/M3,1 Hr,Valid
Chisinau,PM2.5 - Principal,2022-06-12 12:00 AM,2022,06,12,00,12.9,53,Moderate,14.0,UG/M3,1 Hr,Valid
Chisinau,PM2.5 - Principal,2022-06-12 01:00 AM,2022,06,12,01,13.3,54,Moderate,14.0,UG/M3,1 Hr,Valid
Chisinau,PM2.5 - Principal,2022-06-12 02:00 AM,2022,06,12,02,13.2,53,Moderate,13.0,UG/M3,1 Hr,Valid
Chisinau,PM2.5 - Principal,2022-06-12 03:00 AM,2022,06,12,03,11.4,48,Good,9.0,UG/M3,1 Hr,Valid
Chisinau,PM2.5 - Principal,2022-06-12 04:00 AM,2022,06,12,04,11.6,48,Good,12.0,UG/M3,1 Hr,Valid
Chisinau,PM2.5 - Principal,2022-06-12 05:00 AM,2022,06,12,05,11.4,48,Good,11.0,UG/M3,1 Hr,Valid
Chisinau,PM2.5 - Principal,2022-06-12 06:00 AM,2022,06,12,06,10.4,43,Good,9.0,UG/M3,1 Hr,Valid
Chisinau,PM2.5 - Principal,2022-06-12 07:00 AM,2022,06,12,07,11.0,46,Good,12.0,UG/M3,1 Hr,Valid
Chisinau,PM2.5 - Principal,2022-06-12 08:00 AM,2022,06,12,08,11.0,46,Good,11.0,UG/M3,1 Hr,Valid
Chisinau,PM2.5 - Principal,2022-06-12 09:00 AM,2022,06,12,09,12.1,51,Moderate,14.0,UG/M3,1 Hr,Valid
Chisinau,PM2.5 - Principal,2022-06-12 10:00 AM,2022,06,12,10,13.9,55,Moderate,16.0,UG/M3,1 Hr,Valid
Chisinau,PM2.5 - Principal,2022-06-12 11:00 AM,2022,06,12,11,14.8,57,Moderate,16.0,UG/M3,1 Hr,Valid
Chisinau,PM2.5 - Principal,2022-06-12 12:00 PM,2022,06,12,12,16.5,60,Moderate,18.0,UG/M3,1 Hr,Valid
Chisinau,PM2.5 - Principal,2022-06-12 01:00 PM,2022,06,12,13,18.7,65,Moderate,21.0,UG/M3,1 Hr,Valid
Chisinau,PM2.5 - Principal,2022-06-12 02:00 PM,2022,06,12,14,17.8,63,Moderate,17.0,UG/M3,1 Hr,Valid
Chisinau,PM2.5 - Principal,2022-06-12 03:00 PM,2022,06,12,15,17.9,63,Moderate,18.0,UG/M3,1 Hr,Valid
Chisinau,PM2.5 - Principal,2022-06-12 04:00 PM,2022,06,12,16,20.4,68,Moderate,23.0,UG/M3,1 Hr,Valid
Chisinau,PM2.5 - Principal,2022-06-12 05:00 PM,2022,06,12,17,20.2,68,Moderate,20.0,UG/M3,1 Hr,Valid
Chisinau,PM2.5 - Principal,2022-06-12 06:00 PM,2022,06,12,18,19.6,67,Moderate,19.0,UG/M3,1 Hr,Valid
Chisinau,PM2.5 - Principal,2022-06-12 07:00 PM,2022,06,12,19,18.8,65,Moderate,18.0,UG/M3,1 Hr,Valid
Chisinau,PM2.5 - Principal,2022-06-12 08:00 PM,2022,06,12,20,18.1,64,Moderate,17.0,UG/M3,1 Hr,Valid
Chisinau,PM2.5 - Principal,2022-06-12 09:00 PM,2022,06,12,21,18.2,64,Moderate,18.0,UG/M3,1 Hr,Valid
Chisinau,PM2.5 - Principal,2022-06-12 10:00 PM,2022,06,12,22,17.8,63,Moderate,17.0,UG/M3,1 Hr,Valid
Chisinau,PM2.5 - Principal,2022-06-12 11:00 PM,2022,06,12,23,17.7,63,Moderate,17.0,UG/M3,1 Hr,Valid
Chisinau,PM2.5 - Principal,2022-06-13 12:00 AM,2022,06,13,00,16.0,59,Moderate,14.0,UG/M3,1 Hr,Valid
Chisinau,PM2.5 - Principal,2022-06-13 01:00 AM,2022,06,13,01,15.2,58,Moderate,14.0,UG/M3,1 Hr,Valid
Chisinau,PM2.5 - Principal,2022-06-13 02:00 AM,2022,06,13,02,15.5,58,Moderate,16.0,UG/M3,1 Hr,Valid
Chisinau,PM2.5 - Principal,2022-06-13 03:00 AM,2022,06,13,03,16.1,59,Moderate,17.0,UG/M3,1 Hr,Valid
Chisinau,PM2.5 - Principal,2022-06-13 04:00 AM,2022,06,13,04,16.0,59,Moderate,16.0,UG/M3,1 Hr,Valid
Chisinau,PM2.5 - Principal,2022-06-13 05:00 AM,2022,06,13,05,15.7,59,Moderate,15.0,UG/M3,1 Hr,Valid
Chisinau,PM2.5 - Principal,2022-06-13 06:00 AM,2022,06,13,06,15.6,58,Moderate,15.0,UG/M3,1 Hr,Valid
Chisinau,PM2.5 - Principal,2022-06-13 07:00 AM,2022,06,13,07,13.6,54,Moderate,11.0,UG/M3,1 Hr,Valid
Chisinau,PM2.5 - Principal,2022-06-13 08:00 AM,2022,06,13,08,15.3,58,Moderate,18.0,UG/M3,1 Hr,Valid
Chisinau,PM2.5 - Principal,2022-06-13 09:00 AM,2022,06,13,09,14.4,56,Moderate,13.0,UG/M3,1 Hr,Valid
Chisinau,PM2.5 - Principal,2022-06-13 10:00 AM,2022,06,13,10,15.8,59,Moderate,18.0,UG/M3,1 Hr,Valid
Chisinau,PM2.5 - Principal,2022-06-13 11:00 AM,2022,06,13,11,15.5,58,Moderate,15.0,UG/M3,1 Hr,Valid
Chisinau,PM2.5 - Principal,2022-06-13 12:00 PM,2022,06,13,12,13.7,54,Moderate,11.0,UG/M3,1 Hr,Valid
Chisinau,PM2.5 - Principal,2022-06-13 01:00 PM,2022,06,13,13,13.4,54,Moderate,13.0,UG/M3,1 Hr,Valid
Chisinau,PM2.5 - Principal,2022-06-13 02:00 PM,2022,06,13,14,20.0,68,Moderate,27.0,UG/M3,1 Hr,Valid
Chisinau,PM2.5 - Principal,2022-06-13 03:00 PM,2022,06,13,15,19.0,66,Moderate,18.0,UG/M3,1 Hr,Valid
Chisinau,PM2.5 - Principal,2022-06-13 04:00 PM,2022,06,13,16,16.5,60,Moderate,14.0,UG/M3,1 Hr,Valid
Chisinau,PM2.5 - Principal,2022-06-13 05:00 PM,2022,06,13,17,17.2,62,Moderate,18.0,UG/M3,1 Hr,Valid
Chisinau,PM2.5 - Principal,2022-06-13 06:00 PM,2022,06,13,18,16.1,59,Moderate,15.0,UG/M3,1 Hr,Valid
Chisinau,PM2.5 - Principal,2022-06-13 07:00 PM,2022,06,13,19,14.5,56,Moderate,13.0,UG/M3,1 Hr,Valid
Chisinau,PM2.5 - Principal,2022-06-13 08:00 PM,2022,06,13,20,13.7,54,Moderate,13.0,UG/M3,1 Hr,Valid
Chisinau,PM2.5 - Principal,2022-06-13 09:00 PM,2022,06,13,21,13.8,55,Moderate,14.0,UG/M3,1 Hr,Valid
Chisinau,PM2.5 - Principal,2022-06-13 10:00 PM,2022,06,13,22,14.9,57,Moderate,16.0,UG/M3,1 Hr,Valid
Chisinau,PM2.5 - Principal,2022-06-13 11:00 PM,2022,06,13,23,15.9,59,Moderate,17.0,UG/M3,1 Hr,Valid
Chisinau,PM2.5 - Principal,2022-06-14 12:00 AM,2022,06,14,00,14.9,57,Moderate,14.0,UG/M3,1 Hr,Valid
Chisinau,PM2.5 - Principal,2022-06-14 01:00 AM,2022,06,14,01,16.4,60,Moderate,18.0,UG/M3,1 Hr,Valid
Chisinau,PM2.5 - Principal,2022-06-14 02:00 AM,2022,06,14,02,16.4,60,Moderate,18.0,UG/M3,1 Hr,Valid
Chisinau,PM2.5 - Principal,2022-06-14 03:00 AM,2022,06,14,03,15.4,58,Moderate,13.0,UG/M3,1 Hr,Valid
Chisinau,PM2.5 - Principal,2022-06-14 04:00 AM,2022,06,14,04,16.2,60,Moderate,18.0,UG/M3,1 Hr,Valid
Chisinau,PM2.5 - Principal,2022-06-14 05:00 AM,2022,06,14,05,15.8,59,Moderate,15.0,UG/M3,1 Hr,Valid
Chisinau,PM2.5 - Principal,2022-06-14 06:00 AM,2022,06,14,06,16.8,61,Moderate,19.0,UG/M3,1 Hr,Valid
Chisinau,PM2.5 - Principal,2022-06-14 07:00 AM,2022,06,14,07,16.9,61,Moderate,17.0,UG/M3,1 Hr,Valid
Chisinau,PM2.5 - Principal,2022-06-14 08:00 AM,2022,06,14,08,14.5,56,Moderate,11.0,UG/M3,1 Hr,Valid
Chisinau,PM2.5 - Principal,2022-06-14 09:00 AM,2022,06,14,09,14.3,56,Moderate,14.0,UG/M3,1 Hr,Valid
Chisinau,PM2.5 - Principal,2022-06-14 10:00 AM,2022,06,14,10,14.5,56,Moderate,15.0,UG/M3,1 Hr,Valid
Chisinau,PM2.5 - Principal,2022-06-14 11:00 AM,2022,06,14,11,14.7,56,Moderate,15.0,UG/M3,1 Hr,Valid
Chisinau,PM2.5 - Principal,2022-06-14 12:00 PM,2022,06,14,12,13.1,53,Moderate,11.0,UG/M3,1 Hr,Valid
Chisinau,PM2.5 - Principal,2022-06-14 01:00 PM,2022,06,14,13,12.2,51,Moderate,11.0,UG/M3,1 Hr,Valid
Chisinau,PM2.5 - Principal,2022-06-14 02:00 PM,2022,06,14,14,10.4,43,Good,9.0,UG/M3,1 Hr,Valid
Chisinau,PM2.5 - Principal,2022-06-14 03:00 PM,2022,06,14,15,10.2,43,Good,10.0,UG/M3,1 Hr,Valid
Chisinau,PM2.5 - Principal,2022-06-14 04:00 PM,2022,06,14,16,10.1,42,Good,10.0,UG/M3,1 Hr,Valid
Chisinau,PM2.5 - Principal,2022-06-14 05:00 PM,2022,06,14,17,9.5,40,Good,9.0,UG/M3,1 Hr,Valid
Chisinau,PM2.5 - Principal,2022-06-14 06:00 PM,2022,06,14,18,10.7,45,Good,12.0,UG/M3,1 Hr,Valid
Chisinau,PM2.5 - Principal,2022-06-14 07:00 PM,2022,06,14,19,11.2,47,Good,12.0,UG/M3,1 Hr,Valid
Chisinau,PM2.5 - Principal,2022-06-14 08:00 PM,2022,06,14,20,11.1,46,Good,11.0,UG/M3,1 Hr,Valid
Chisinau,PM2.5 - Principal,2022-06-14 09:00 PM,2022,06,14,21,12.6,52,Moderate,15.0,UG/M3,1 Hr,Valid
Chisinau,PM2.5 - Principal,2022-06-14 10:00 PM,2022,06,14,22,14.2,55,Moderate,16.0,UG/M3,1 Hr,Valid
Chisinau,PM2.5 - Principal,2022-06-14 11:00 PM,2022,06,14,23,14.5,56,Moderate,15.0,UG/M3,1 Hr,Valid
Chisinau,PM2.5 - Principal,2022-06-15 12:00 AM,2022,06,15,00,15.7,59,Moderate,17.0,UG/M3,1 Hr,Valid
Chisinau,PM2.5 - Principal,2022-06-15 01:00 AM,2022,06,15,01,16.3,60,Moderate,17.0,UG/M3,1 Hr,Valid
Chisinau,PM2.5 - Principal,2022-06-15 02:00 AM,2022,06,15,02,15.7,59,Moderate,15.0,UG/M3,1 Hr,Valid
Chisinau,PM2.5 - Principal,2022-06-15 03:00 AM,2022,06,15,03,14.9,57,Moderate,14.0,UG/M3,1 Hr,Valid
Chisinau,PM2.5 - Principal,2022-06-15 04:00 AM,2022,06,15,04,15.8,59,Moderate,17.0,UG/M3,1 Hr,Valid
Chisinau,PM2.5 - Principal,2022-06-15 05:00 AM,2022,06,15,05,14.7,56,Moderate,13.0,UG/M3,1 Hr,Valid
Chisinau,PM2.5 - Principal,2022-06-15 06:00 AM,2022,06,15,06,19.2,66,Moderate,24.0,UG/M3,1 Hr,Valid
Chisinau,PM2.5 - Principal,2022-06-15 07:00 AM,2022,06,15,07,19.1,66,Moderate,19.0,UG/M3,1 Hr,Valid
Chisinau,PM2.5 - Principal,2022-06-15 08:00 AM,2022,06,15,08,18.0,63,Moderate,17.0,UG/M3,1 Hr,Valid
Chisinau,PM2.5 - Principal,2022-06-15 09:00 AM,2022,06,15,09,18.4,64,Moderate,19.0,UG/M3,1 Hr,Valid
Chisinau,PM2.5 - Principal,2022-06-15 10:00 AM,2022,06,15,10,16.4,60,Moderate,14.0,UG/M3,1 Hr,Valid
Chisinau,PM2.5 - Principal,2022-06-15 11:00 AM,2022,06,15,11,13.6,54,Moderate,11.0,UG/M3,1 Hr,Valid
Chisinau,PM2.5 - Principal,2022-06-15 12:00 PM,2022,06,15,12,11.8,49,Good,10.0,UG/M3,1 Hr,Valid
Chisinau,PM2.5 - Principal,2022-06-15 01:00 PM,2022,06,15,13,9.9,41,Good,8.0,UG/M3,1 Hr,Valid
Chisinau,PM2.5 - Principal,2022-06-15 02:00 PM,2022,06,15,14,10.9,45,Good,12.0,UG/M3,1 Hr,Valid
Chisinau,PM2.5 - Principal,2022-06-15 03:00 PM,2022,06,15,15,10.4,43,Good,10.0,UG/M3,1 Hr,Valid
Chisinau,PM2.5 - Principal,2022-06-15 04:00 PM,2022,06,15,16,13.2,53,Moderate,16.0,UG/M3,1 Hr,Valid
Chisinau,PM2.5 - Principal,2022-06-15 05:00 PM,2022,06,15,17,13.6,54,Moderate,14.0,UG/M3,1 Hr,Valid
Chisinau,PM2.5 - Principal,2022-06-15 06:00 PM,2022,06,15,18,14.8,57,Moderate,16.0,UG/M3,1 Hr,Valid
Chisinau,PM2.5 - Principal,2022-06-15 07:00 PM,2022,06,15,19,13.4,54,Moderate,12.0,UG/M3,1 Hr,Valid
Chisinau,PM2.5 - Principal,2022-06-15 08:00 PM,2022,06,15,20,13.2,53,Moderate,13.0,UG/M3,1 Hr,Valid
Chisinau,PM2.5 - Principal,2022-06-15 09:00 PM,2022,06,15,21,14.1,55,Moderate,15.0,UG/M3,1 Hr,Valid
Chisinau,PM2.5 - Principal,2022-06-15 10:00 PM,2022,06,15,22,14.0,55,Moderate,14.0,UG/M3,1 Hr,Valid
Chisinau,PM2.5 - Principal,2022-06-15 11:00 PM,2022,06,15,23,14.5,56,Moderate,15.0,UG/M3,1 Hr,Valid
Chisinau,PM2.5 - Principal,2022-06-16 12:00 AM,2022,06,16,00,14.7,56,Moderate,15.0,UG/M3,1 Hr,Valid
Chisinau,PM2.5 - Principal,2022-06-16 01:00 AM,2022,06,16,01,15.6,58,Moderate,17.0,UG/M3,1 Hr,Valid
Chisinau,PM2.5 - Principal,2022-06-16 02:00 AM,2022,06,16,02,16.1,59,Moderate,17.0,UG/M3,1 Hr,Valid
Chisinau,PM2.5 - Principal,2022-06-16 03:00 AM,2022,06,16,03,14.9,57,Moderate,13.0,UG/M3,1 Hr,Valid
Chisinau,PM2.5 - Principal,2022-06-16 04:00 AM,2022,06,16,04,15.9,59,Moderate,18.0,UG/M3,1 Hr,Valid
Chisinau,PM2.5 - Principal,2022-06-16 05:00 AM,2022,06,16,05,14.6,56,Moderate,12.0,UG/M3,1 Hr,Valid
Chisinau,PM2.5 - Principal,2022-06-16 06:00 AM,2022,06,16,06,15.0,57,Moderate,16.0,UG/M3,1 Hr,Valid
Chisinau,PM2.5 - Principal,2022-06-16 07:00 AM,2022,06,16,07,15.0,57,Moderate,15.0,UG/M3,1 Hr,Valid
Chisinau,PM2.5 - Principal,2022-06-16 08:00 AM,2022,06,16,08,12.8,52,Moderate,10.0,UG/M3,1 Hr,Valid
Chisinau,PM2.5 - Principal,2022-06-16 09:00 AM,2022,06,16,09,12.4,52,Moderate,12.0,UG/M3,1 Hr,Valid
Chisinau,PM2.5 - Principal,2022-06-16 10:00 AM,2022,06,16,10,11.8,49,Good,11.0,UG/M3,1 Hr,Valid
Chisinau,PM2.5 - Principal,2022-06-16 11:00 AM,2022,06,16,11,12.3,51,Moderate,13.0,UG/M3,1 Hr,Valid
Chisinau,PM2.5 - Principal,2022-06-16 12:00 PM,2022,06,16,12,11.7,49,Good,11.0,UG/M3,1 Hr,Valid
Chisinau,PM2.5 - Principal,2022-06-16 01:00 PM,2022,06,16,13,13.1,53,Moderate,15.0,UG/M3,1 Hr,Valid
Chisinau,PM2.5 - Principal,2022-06-16 02:00 PM,2022,06,16,14,13.1,53,Moderate,-999.0,UG/M3,1 Hr,Missing
Chisinau,PM2.5 - Principal,2022-06-17 06:00 AM,2022,06,17,06,-999.0,-999,N/A,12.0,UG/M3,1 Hr,Valid
Chisinau,PM2.5 - Principal,2022-06-17 07:00 AM,2022,06,17,07,14.2,55,Moderate,16.0,UG/M3,1 Hr,Valid
Chisinau,PM2.5 - Principal,2022-06-17 08:00 AM,2022,06,17,08,13.7,54,Moderate,13.0,UG/M3,1 Hr,Valid
Chisinau,PM2.5 - Principal,2022-06-17 09:00 AM,2022,06,17,09,13.8,55,Moderate,14.0,UG/M3,1 Hr,Valid
Chisinau,PM2.5 - Principal,2022-06-17 10:00 AM,2022,06,17,10,13.5,54,Moderate,13.0,UG/M3,1 Hr,Valid
Chisinau,PM2.5 - Principal,2022-06-17 11:00 AM,2022,06,17,11,15.1,57,Moderate,18.0,UG/M3,1 Hr,Valid
Chisinau,PM2.5 - Principal,2022-06-17 12:00 PM,2022,06,17,12,14.7,56,Moderate,14.0,UG/M3,1 Hr,Valid
Chisinau,PM2.5 - Principal,2022-06-17 01:00 PM,2022,06,17,13,14.7,56,Moderate,-999.0,UG/M3,1 Hr,Missing
Chisinau,PM2.5 - Principal,2022-06-20 11:00 PM,2022,06,20,23,-999.0,-999,N/A,15.0,UG/M3,1 Hr,Valid
Chisinau,PM2.5 - Principal,2022-06-21 12:00 AM,2022,06,21,00,13.9,55,Moderate,13.0,UG/M3,1 Hr,Valid
Chisinau,PM2.5 - Principal,2022-06-21 01:00 AM,2022,06,21,01,13.1,53,Moderate,12.0,UG/M3,1 Hr,Valid
Chisinau,PM2.5 - Principal,2022-06-21 02:00 AM,2022,06,21,02,13.0,53,Moderate,13.0,UG/M3,1 Hr,Valid
Chisinau,PM2.5 - Principal,2022-06-21 03:00 AM,2022,06,21,03,14.0,55,Moderate,16.0,UG/M3,1 Hr,Valid
Chisinau,PM2.5 - Principal,2022-06-21 04:00 AM,2022,06,21,04,14.3,56,Moderate,15.0,UG/M3,1 Hr,Valid
Chisinau,PM2.5 - Principal,2022-06-21 05:00 AM,2022,06,21,05,13.9,55,Moderate,13.0,UG/M3,1 Hr,Valid
Chisinau,PM2.5 - Principal,2022-06-21 06:00 AM,2022,06,21,06,13.3,54,Moderate,12.0,UG/M3,1 Hr,Valid
Chisinau,PM2.5 - Principal,2022-06-21 07:00 AM,2022,06,21,07,13.5,54,Moderate,14.0,UG/M3,1 Hr,Valid
Chisinau,PM2.5 - Principal,2022-06-21 08:00 AM,2022,06,21,08,13.1,53,Moderate,12.0,UG/M3,1 Hr,Valid
Chisinau,PM2.5 - Principal,2022-06-21 09:00 AM,2022,06,21,09,12.8,52,Moderate,12.0,UG/M3,1 Hr,Valid
Chisinau,PM2.5 - Principal,2022-06-21 10:00 AM,2022,06,21,10,12.6,52,Moderate,12.0,UG/M3,1 Hr,Valid
Chisinau,PM2.5 - Principal,2022-06-21 11:00 AM,2022,06,21,11,12.7,52,Moderate,13.0,UG/M3,1 Hr,Valid
Chisinau,PM2.5 - Principal,2022-06-21 12:00 PM,2022,06,21,12,12.7,52,Moderate,13.0,UG/M3,1 Hr,Valid
Chisinau,PM2.5 - Principal,2022-06-21 01:00 PM,2022,06,21,13,12.8,52,Moderate,13.0,UG/M3,1 Hr,Valid
Chisinau,PM2.5 - Principal,2022-06-21 02:00 PM,2022,06,21,14,12.6,52,Moderate,12.0,UG/M3,1 Hr,Valid
Chisinau,PM2.5 - Principal,2022-06-21 03:00 PM,2022,06,21,15,12.1,51,Moderate,11.0,UG/M3,1 Hr,Valid
Chisinau,PM2.5 - Principal,2022-06-21 04:00 PM,2022,06,21,16,14.8,57,Moderate,19.0,UG/M3,1 Hr,Valid
Chisinau,PM2.5 - Principal,2022-06-21 05:00 PM,2022,06,21,17,14.9,57,Moderate,15.0,UG/M3,1 Hr,Valid
Chisinau,PM2.5 - Principal,2022-06-21 06:00 PM,2022,06,21,18,16.6,60,Moderate,19.0,UG/M3,1 Hr,Valid
Chisinau,PM2.5 - Principal,2022-06-21 07:00 PM,2022,06,21,19,17.6,63,Moderate,19.0,UG/M3,1 Hr,Valid
Chisinau,PM2.5 - Principal,2022-06-21 08:00 PM,2022,06,21,20,17.7,63,Moderate,18.0,UG/M3,1 Hr,Valid
Chisinau,PM2.5 - Principal,2022-06-21 09:00 PM,2022,06,21,21,19.4,66,Moderate,21.0,UG/M3,1 Hr,Valid
Chisinau,PM2.5 - Principal,2022-06-21 10:00 PM,2022,06,21,22,14.7,56,Moderate,10.0,UG/M3,1 Hr,Valid
Chisinau,PM2.5 - Principal,2022-06-21 11:00 PM,2022,06,21,23,13.3,54,Moderate,12.0,UG/M3,1 Hr,Valid
Chisinau,PM2.5 - Principal,2022-06-22 12:00 AM,2022,06,22,00,12.6,52,Moderate,12.0,UG/M3,1 Hr,Valid
Chisinau,PM2.5 - Principal,2022-06-22 01:00 AM,2022,06,22,01,14.3,56,Moderate,16.0,UG/M3,1 Hr,Valid
Chisinau,PM2.5 - Principal,2022-06-22 02:00 AM,2022,06,22,02,15.1,57,Moderate,16.0,UG/M3,1 Hr,Valid
Chisinau,PM2.5 - Principal,2022-06-22 03:00 AM,2022,06,22,03,13.5,54,Moderate,12.0,UG/M3,1 Hr,Valid
Chisinau,PM2.5 - Principal,2022-06-22 04:00 AM,2022,06,22,04,11.7,49,Good,10.0,UG/M3,1 Hr,Valid
Chisinau,PM2.5 - Principal,2022-06-22 05:00 AM,2022,06,22,05,10.8,45,Good,10.0,UG/M3,1 Hr,Valid
Chisinau,PM2.5 - Principal,2022-06-22 06:00 AM,2022,06,22,06,10.9,45,Good,11.0,UG/M3,1 Hr,Valid
Chisinau,PM2.5 - Principal,2022-06-22 07:00 AM,2022,06,22,07,11.4,48,Good,12.0,UG/M3,1 Hr,Valid
Chisinau,PM2.5 - Principal,2022-06-22 08:00 AM,2022,06,22,08,10.2,43,Good,9.0,UG/M3,1 Hr,Valid
Chisinau,PM2.5 - Principal,2022-06-22 09:00 AM,2022,06,22,09,10.6,44,Good,11.0,UG/M3,1 Hr,Valid
Chisinau,PM2.5 - Principal,2022-06-22 10:00 AM,2022,06,22,10,11.2,47,Good,12.0,UG/M3,1 Hr,Valid
Chisinau,PM2.5 - Principal,2022-06-22 11:00 AM,2022,06,22,11,10.6,44,Good,10.0,UG/M3,1 Hr,Valid
Chisinau,PM2.5 - Principal,2022-06-22 12:00 PM,2022,06,22,12,12.5,52,Moderate,15.0,UG/M3,1 Hr,Valid
Chisinau,PM2.5 - Principal,2022-06-22 01:00 PM,2022,06,22,13,13.2,53,Moderate,14.0,UG/M3,1 Hr,Valid
Chisinau,PM2.5 - Principal,2022-06-22 02:00 PM,2022,06,22,14,11.8,49,Good,10.0,UG/M3,1 Hr,Valid
Chisinau,PM2.5 - Principal,2022-06-22 03:00 PM,2022,06,22,15,13.1,53,Moderate,15.0,UG/M3,1 Hr,Valid
Chisinau,PM2.5 - Principal,2022-06-22 04:00 PM,2022,06,22,16,12.2,51,Moderate,11.0,UG/M3,1 Hr,Valid
Chisinau,PM2.5 - Principal,2022-06-22 05:00 PM,2022,06,22,17,10.9,45,Good,9.0,UG/M3,1 Hr,Valid
Chisinau,PM2.5 - Principal,2022-06-22 06:00 PM,2022,06,22,18,8.7,36,Good,7.0,UG/M3,1 Hr,Valid
Chisinau,PM2.5 - Principal,2022-06-22 07:00 PM,2022,06,22,19,9.3,39,Good,10.0,UG/M3,1 Hr,Valid
Chisinau,PM2.5 - Principal,2022-06-22 08:00 PM,2022,06,22,20,10.1,42,Good,11.0,UG/M3,1 Hr,Valid
Chisinau,PM2.5 - Principal,2022-06-22 09:00 PM,2022,06,22,21,13.0,53,Moderate,16.0,UG/M3,1 Hr,Valid
Chisinau,PM2.5 - Principal,2022-06-22 10:00 PM,2022,06,22,22,14.0,55,Moderate,15.0,UG/M3,1 Hr,Valid
Chisinau,PM2.5 - Principal,2022-06-22 11:00 PM,2022,06,22,23,13.0,53,Moderate,12.0,UG/M3,1 Hr,Valid
Chisinau,PM2.5 - Principal,2022-06-23 12:00 AM,2022,06,23,00,12.0,50,Good,11.0,UG/M3,1 Hr,Valid
Chisinau,PM2.5 - Principal,2022-06-23 01:00 AM,2022,06,23,01,10.5,44,Good,9.0,UG/M3,1 Hr,Valid
Chisinau,PM2.5 - Principal,2022-06-23 02:00 AM,2022,06,23,02,10.2,43,Good,10.0,UG/M3,1 Hr,Valid
Chisinau,PM2.5 - Principal,2022-06-23 03:00 AM,2022,06,23,03,10.1,42,Good,10.0,UG/M3,1 Hr,Valid
Chisinau,PM2.5 - Principal,2022-06-23 04:00 AM,2022,06,23,04,11.5,48,Good,13.0,UG/M3,1 Hr,Valid
Chisinau,PM2.5 - Principal,2022-06-23 05:00 AM,2022,06,23,05,10.7,45,Good,10.0,UG/M3,1 Hr,Valid
Chisinau,PM2.5 - Principal,2022-06-23 06:00 AM,2022,06,23,06,10.0,42,Good,9.0,UG/M3,1 Hr,Valid
Chisinau,PM2.5 - Principal,2022-06-23 07:00 AM,2022,06,23,07,10.4,43,Good,11.0,UG/M3,1 Hr,Valid
Chisinau,PM2.5 - Principal,2022-06-23 08:00 AM,2022,06,23,08,10.2,43,Good,10.0,UG/M3,1 Hr,Valid
Chisinau,PM2.5 - Principal,2022-06-23 09:00 AM,2022,06,23,09,9.7,40,Good,9.0,UG/M3,1 Hr,Valid
Chisinau,PM2.5 - Principal,2022-06-23 10:00 AM,2022,06,23,10,9.9,41,Good,10.0,UG/M3,1 Hr,Valid
Chisinau,PM2.5 - Principal,2022-06-23 11:00 AM,2022,06,23,11,10.2,43,Good,11.0,UG/M3,1 Hr,Valid
Chisinau,PM2.5 - Principal,2022-06-23 12:00 PM,2022,06,23,12,10.1,42,Good,10.0,UG/M3,1 Hr,Valid
Chisinau,PM2.5 - Principal,2022-06-23 01:00 PM,2022,06,23,13,10.1,42,Good,10.0,UG/M3,1 Hr,Valid
Chisinau,PM2.5 - Principal,2022-06-23 02:00 PM,2022,06,23,14,11.5,48,Good,14.0,UG/M3,1 Hr,Valid
Chisinau,PM2.5 - Principal,2022-06-23 03:00 PM,2022,06,23,15,12.0,50,Good,13.0,UG/M3,1 Hr,Valid
Chisinau,PM2.5 - Principal,2022-06-23 04:00 PM,2022,06,23,16,11.3,47,Good,10.0,UG/M3,1 Hr,Valid
Chisinau,PM2.5 - Principal,2022-06-23 05:00 PM,2022,06,23,17,11.9,50,Good,13.0,UG/M3,1 Hr,Valid
Chisinau,PM2.5 - Principal,2022-06-23 06:00 PM,2022,06,23,18,11.2,47,Good,10.0,UG/M3,1 Hr,Valid
Chisinau,PM2.5 - Principal,2022-06-23 07:00 PM,2022,06,23,19,11.8,49,Good,13.0,UG/M3,1 Hr,Valid
Chisinau,PM2.5 - Principal,2022-06-23 08:00 PM,2022,06,23,20,12.2,51,Moderate,13.0,UG/M3,1 Hr,Valid
Chisinau,PM2.5 - Principal,2022-06-23 09:00 PM,2022,06,23,21,12.4,52,Moderate,13.0,UG/M3,1 Hr,Valid
Chisinau,PM2.5 - Principal,2022-06-23 10:00 PM,2022,06,23,22,12.5,52,Moderate,13.0,UG/M3,1 Hr,Valid
Chisinau,PM2.5 - Principal,2022-06-23 11:00 PM,2022,06,23,23,14.5,56,Moderate,17.0,UG/M3,1 Hr,Valid
Chisinau,PM2.5 - Principal,2022-06-24 12:00 AM,2022,06,24,00,14.7,56,Moderate,15.0,UG/M3,1 Hr,Valid
Chisinau,PM2.5 - Principal,2022-06-24 01:00 AM,2022,06,24,01,14.8,57,Moderate,15.0,UG/M3,1 Hr,Valid
Chisinau,PM2.5 - Principal,2022-06-24 02:00 AM,2022,06,24,02,14.0,55,Moderate,13.0,UG/M3,1 Hr,Valid
Chisinau,PM2.5 - Principal,2022-06-24 03:00 AM,2022,06,24,03,13.6,54,Moderate,13.0,UG/M3,1 Hr,Valid
Chisinau,PM2.5 - Principal,2022-06-24 04:00 AM,2022,06,24,04,12.9,53,Moderate,12.0,UG/M3,1 Hr,Valid
Chisinau,PM2.5 - Principal,2022-06-24 05:00 AM,2022,06,24,05,12.1,51,Moderate,11.0,UG/M3,1 Hr,Valid
Chisinau,PM2.5 - Principal,2022-06-24 06:00 AM,2022,06,24,06,11.8,49,Good,11.0,UG/M3,1 Hr,Valid
Chisinau,PM2.5 - Principal,2022-06-24 07:00 AM,2022,06,24,07,11.5,48,Good,11.0,UG/M3,1 Hr,Valid
Chisinau,PM2.5 - Principal,2022-06-24 08:00 AM,2022,06,24,08,11.7,49,Good,12.0,UG/M3,1 Hr,Valid
Chisinau,PM2.5 - Principal,2022-06-24 09:00 AM,2022,06,24,09,12.1,51,Moderate,13.0,UG/M3,1 Hr,Valid
Chisinau,PM2.5 - Principal,2022-06-24 10:00 AM,2022,06,24,10,12.4,52,Moderate,13.0,UG/M3,1 Hr,Valid
Chisinau,PM2.5 - Principal,2022-06-24 11:00 AM,2022,06,24,11,12.5,52,Moderate,13.0,UG/M3,1 Hr,Valid
Chisinau,PM2.5 - Principal,2022-06-24 12:00 PM,2022,06,24,12,12.9,53,Moderate,14.0,UG/M3,1 Hr,Valid
Chisinau,PM2.5 - Principal,2022-06-24 01:00 PM,2022,06,24,13,12.8,52,Moderate,13.0,UG/M3,1 Hr,Valid
Chisinau,PM2.5 - Principal,2022-06-24 02:00 PM,2022,06,24,14,15.6,58,Moderate,19.0,UG/M3,1 Hr,Valid
Chisinau,PM2.5 - Principal,2022-06-24 03:00 PM,2022,06,24,15,14.0,55,Moderate,12.0,UG/M3,1 Hr,Valid
Chisinau,PM2.5 - Principal,2022-06-24 04:00 PM,2022,06,24,16,13.6,54,Moderate,13.0,UG/M3,1 Hr,Valid
Chisinau,PM2.5 - Principal,2022-06-24 05:00 PM,2022,06,24,17,13.7,54,Moderate,14.0,UG/M3,1 Hr,Valid
Chisinau,PM2.5 - Principal,2022-06-24 06:00 PM,2022,06,24,18,12.6,52,Moderate,11.0,UG/M3,1 Hr,Valid
Chisinau,PM2.5 - Principal,2022-06-24 07:00 PM,2022,06,24,19,13.2,53,Moderate,14.0,UG/M3,1 Hr,Valid
Chisinau,PM2.5 - Principal,2022-06-24 08:00 PM,2022,06,24,20,13.5,54,Moderate,14.0,UG/M3,1 Hr,Valid
Chisinau,PM2.5 - Principal,2022-06-24 09:00 PM,2022,06,24,21,15.8,59,Moderate,19.0,UG/M3,1 Hr,Valid
Chisinau,PM2.5 - Principal,2022-06-24 10:00 PM,2022,06,24,22,15.9,59,Moderate,16.0,UG/M3,1 Hr,Valid
Chisinau,PM2.5 - Principal,2022-06-24 11:00 PM,2022,06,24,23,15.1,57,Moderate,14.0,UG/M3,1 Hr,Valid
Chisinau,PM2.5 - Principal,2022-06-25 12:00 AM,2022,06,25,00,15.0,57,Moderate,15.0,UG/M3,1 Hr,Valid
Chisinau,PM2.5 - Principal,2022-06-25 01:00 AM,2022,06,25,01,14.6,56,Moderate,14.0,UG/M3,1 Hr,Valid
Chisinau,PM2.5 - Principal,2022-06-25 02:00 AM,2022,06,25,02,15.1,57,Moderate,16.0,UG/M3,1 Hr,Valid
Chisinau,PM2.5 - Principal,2022-06-25 03:00 AM,2022,06,25,03,15.9,59,Moderate,17.0,UG/M3,1 Hr,Valid
Chisinau,PM2.5 - Principal,2022-06-25 04:00 AM,2022,06,25,04,14.7,56,Moderate,13.0,UG/M3,1 Hr,Valid
Chisinau,PM2.5 - Principal,2022-06-25 05:00 AM,2022,06,25,05,13.1,53,Moderate,11.0,UG/M3,1 Hr,Valid
Chisinau,PM2.5 - Principal,2022-06-25 06:00 AM,2022,06,25,06,13.0,53,Moderate,13.0,UG/M3,1 Hr,Valid
Chisinau,PM2.5 - Principal,2022-06-25 07:00 AM,2022,06,25,07,13.4,54,Moderate,14.0,UG/M3,1 Hr,Valid
Chisinau,PM2.5 - Principal,2022-06-25 08:00 AM,2022,06,25,08,12.4,52,Moderate,11.0,UG/M3,1 Hr,Valid
Chisinau,PM2.5 - Principal,2022-06-25 09:00 AM,2022,06,25,09,13.1,53,Moderate,14.0,UG/M3,1 Hr,Valid
Chisinau,PM2.5 - Principal,2022-06-25 10:00 AM,2022,06,25,10,14.4,56,Moderate,17.0,UG/M3,1 Hr,Valid
Chisinau,PM2.5 - Principal,2022-06-25 11:00 AM,2022,06,25,11,15.9,59,Moderate,18.0,UG/M3,1 Hr,Valid
Chisinau,PM2.5 - Principal,2022-06-25 12:00 PM,2022,06,25,12,15.5,58,Moderate,15.0,UG/M3,1 Hr,Valid
Chisinau,PM2.5 - Principal,2022-06-25 01:00 PM,2022,06,25,13,16.5,60,Moderate,18.0,UG/M3,1 Hr,Valid
Chisinau,PM2.5 - Principal,2022-06-25 02:00 PM,2022,06,25,14,14.7,56,Moderate,12.0,UG/M3,1 Hr,Valid
Chisinau,PM2.5 - Principal,2022-06-25 03:00 PM,2022,06,25,15,15.2,58,Moderate,16.0,UG/M3,1 Hr,Valid
Chisinau,PM2.5 - Principal,2022-06-25 04:00 PM,2022,06,25,16,14.7,56,Moderate,14.0,UG/M3,1 Hr,Valid
Chisinau,PM2.5 - Principal,2022-06-25 05:00 PM,2022,06,25,17,13.2,53,Moderate,11.0,UG/M3,1 Hr,Valid
Chisinau,PM2.5 - Principal,2022-06-25 06:00 PM,2022,06,25,18,13.5,54,Moderate,14.0,UG/M3,1 Hr,Valid
Chisinau,PM2.5 - Principal,2022-06-25 07:00 PM,2022,06,25,19,13.7,54,Moderate,14.0,UG/M3,1 Hr,Valid
Chisinau,PM2.5 - Principal,2022-06-25 08:00 PM,2022,06,25,20,12.6,52,Moderate,11.0,UG/M3,1 Hr,Valid
Chisinau,PM2.5 - Principal,2022-06-25 09:00 PM,2022,06,25,21,12.7,52,Moderate,13.0,UG/M3,1 Hr,Valid
Chisinau,PM2.5 - Principal,2022-06-25 10:00 PM,2022,06,25,22,12.8,52,Moderate,13.0,UG/M3,1 Hr,Valid
Chisinau,PM2.5 - Principal,2022-06-25 11:00 PM,2022,06,25,23,16.0,59,Moderate,20.0,UG/M3,1 Hr,Valid
Chisinau,PM2.5 - Principal,2022-06-26 12:00 AM,2022,06,26,00,17.3,62,Moderate,19.0,UG/M3,1 Hr,Valid
Chisinau,PM2.5 - Principal,2022-06-26 01:00 AM,2022,06,26,01,20.8,69,Moderate,24.0,UG/M3,1 Hr,Valid
Chisinau,PM2.5 - Principal,2022-06-26 02:00 AM,2022,06,26,02,19.4,66,Moderate,18.0,UG/M3,1 Hr,Valid
Chisinau,PM2.5 - Principal,2022-06-26 03:00 AM,2022,06,26,03,16.7,61,Moderate,14.0,UG/M3,1 Hr,Valid
Chisinau,PM2.5 - Principal,2022-06-26 04:00 AM,2022,06,26,04,16.3,60,Moderate,16.0,UG/M3,1 Hr,Valid
Chisinau,PM2.5 - Principal,2022-06-26 05:00 AM,2022,06,26,05,15.6,58,Moderate,15.0,UG/M3,1 Hr,Valid
Chisinau,PM2.5 - Principal,2022-06-26 06:00 AM,2022,06,26,06,18.3,64,Moderate,21.0,UG/M3,1 Hr,Valid
Chisinau,PM2.5 - Principal,2022-06-26 07:00 AM,2022,06,26,07,19.1,66,Moderate,20.0,UG/M3,1 Hr,Valid
Chisinau,PM2.5 - Principal,2022-06-26 08:00 AM,2022,06,26,08,19.0,66,Moderate,19.0,UG/M3,1 Hr,Valid
Chisinau,PM2.5 - Principal,2022-06-26 09:00 AM,2022,06,26,09,18.0,63,Moderate,17.0,UG/M3,1 Hr,Valid
Chisinau,PM2.5 - Principal,2022-06-26 10:00 AM,2022,06,26,10,17.2,62,Moderate,16.0,UG/M3,1 Hr,Valid
Chisinau,PM2.5 - Principal,2022-06-26 11:00 AM,2022,06,26,11,16.7,61,Moderate,16.0,UG/M3,1 Hr,Valid
Chisinau,PM2.5 - Principal,2022-06-26 12:00 PM,2022,06,26,12,16.8,61,Moderate,17.0,UG/M3,1 Hr,Valid
Chisinau,PM2.5 - Principal,2022-06-26 01:00 PM,2022,06,26,13,16.6,60,Moderate,16.0,UG/M3,1 Hr,Valid
Chisinau,PM2.5 - Principal,2022-06-26 02:00 PM,2022,06,26,14,16.4,60,Moderate,16.0,UG/M3,1 Hr,Valid
Chisinau,PM2.5 - Principal,2022-06-26 03:00 PM,2022,06,26,15,15.6,58,Moderate,14.0,UG/M3,1 Hr,Valid
Chisinau,PM2.5 - Principal,2022-06-26 04:00 PM,2022,06,26,16,15.7,59,Moderate,16.0,UG/M3,1 Hr,Valid
Chisinau,PM2.5 - Principal,2022-06-26 05:00 PM,2022,06,26,17,14.0,55,Moderate,12.0,UG/M3,1 Hr,Valid
Chisinau,PM2.5 - Principal,2022-06-26 06:00 PM,2022,06,26,18,13.6,54,Moderate,13.0,UG/M3,1 Hr,Valid
Chisinau,PM2.5 - Principal,2022-06-26 07:00 PM,2022,06,26,19,11.8,49,Good,10.0,UG/M3,1 Hr,Valid
Chisinau,PM2.5 - Principal,2022-06-26 08:00 PM,2022,06,26,20,11.6,48,Good,11.0,UG/M3,1 Hr,Valid
Chisinau,PM2.5 - Principal,2022-06-26 09:00 PM,2022,06,26,21,10.9,45,Good,10.0,UG/M3,1 Hr,Valid
Chisinau,PM2.5 - Principal,2022-06-26 10:00 PM,2022,06,26,22,12.6,52,Moderate,15.0,UG/M3,1 Hr,Valid
Chisinau,PM2.5 - Principal,2022-06-26 11:00 PM,2022,06,26,23,10.4,43,Good,8.0,UG/M3,1 Hr,Valid
Chisinau,PM2.5 - Principal,2022-06-27 12:00 AM,2022,06,27,00,13.2,53,Moderate,16.0,UG/M3,1 Hr,Valid
Chisinau,PM2.5 - Principal,2022-06-27 01:00 AM,2022,06,27,01,14.6,56,Moderate,16.0,UG/M3,1 Hr,Valid
Chisinau,PM2.5 - Principal,2022-06-27 02:00 AM,2022,06,27,02,13.8,55,Moderate,13.0,UG/M3,1 Hr,Valid
Chisinau,PM2.5 - Principal,2022-06-27 03:00 AM,2022,06,27,03,13.4,54,Moderate,13.0,UG/M3,1 Hr,Valid
Chisinau,PM2.5 - Principal,2022-06-27 04:00 AM,2022,06,27,04,13.7,54,Moderate,14.0,UG/M3,1 Hr,Valid
Chisinau,PM2.5 - Principal,2022-06-27 05:00 AM,2022,06,27,05,12.3,51,Moderate,11.0,UG/M3,1 Hr,Valid
Chisinau,PM2.5 - Principal,2022-06-27 06:00 AM,2022,06,27,06,11.6,48,Good,11.0,UG/M3,1 Hr,Valid
Chisinau,PM2.5 - Principal,2022-06-27 07:00 AM,2022,06,27,07,12.8,52,Moderate,14.0,UG/M3,1 Hr,Valid
Chisinau,PM2.5 - Principal,2022-06-27 08:00 AM,2022,06,27,08,11.4,48,Good,10.0,UG/M3,1 Hr,Valid
Chisinau,PM2.5 - Principal,2022-06-27 09:00 AM,2022,06,27,09,12.2,51,Moderate,13.0,UG/M3,1 Hr,Valid
Chisinau,PM2.5 - Principal,2022-06-27 10:00 AM,2022,06,27,10,12.1,51,Moderate,12.0,UG/M3,1 Hr,Valid
Chisinau,PM2.5 - Principal,2022-06-27 11:00 AM,2022,06,27,11,13.2,53,Moderate,15.0,UG/M3,1 Hr,Valid
Chisinau,PM2.5 - Principal,2022-06-27 12:00 PM,2022,06,27,12,14.8,57,Moderate,17.0,UG/M3,1 Hr,Valid
Chisinau,PM2.5 - Principal,2022-06-27 01:00 PM,2022,06,27,13,13.6,54,Moderate,12.0,UG/M3,1 Hr,Valid
Chisinau,PM2.5 - Principal,2022-06-27 02:00 PM,2022,06,27,14,12.9,53,Moderate,12.0,UG/M3,1 Hr,Valid
Chisinau,PM2.5 - Principal,2022-06-27 03:00 PM,2022,06,27,15,12.9,53,Moderate,13.0,UG/M3,1 Hr,Valid
Chisinau,PM2.5 - Principal,2022-06-27 04:00 PM,2022,06,27,16,12.1,51,Moderate,11.0,UG/M3,1 Hr,Valid
Chisinau,PM2.5 - Principal,2022-06-27 05:00 PM,2022,06,27,17,11.6,48,Good,11.0,UG/M3,1 Hr,Valid
Chisinau,PM2.5 - Principal,2022-06-27 06:00 PM,2022,06,27,18,12.2,51,Moderate,13.0,UG/M3,1 Hr,Valid
Chisinau,PM2.5 - Principal,2022-06-27 07:00 PM,2022,06,27,19,13.7,54,Moderate,16.0,UG/M3,1 Hr,Valid
Chisinau,PM2.5 - Principal,2022-06-27 08:00 PM,2022,06,27,20,14.0,55,Moderate,15.0,UG/M3,1 Hr,Valid
Chisinau,PM2.5 - Principal,2022-06-27 09:00 PM,2022,06,27,21,13.3,54,Moderate,12.0,UG/M3,1 Hr,Valid
Chisinau,PM2.5 - Principal,2022-06-27 10:00 PM,2022,06,27,22,13.5,54,Moderate,14.0,UG/M3,1 Hr,Valid
Chisinau,PM2.5 - Principal,2022-06-27 11:00 PM,2022,06,27,23,14.7,56,Moderate,17.0,UG/M3,1 Hr,Valid
Chisinau,PM2.5 - Principal,2022-06-28 12:00 AM,2022,06,28,00,13.7,54,Moderate,12.0,UG/M3,1 Hr,Valid
Chisinau,PM2.5 - Principal,2022-06-28 01:00 AM,2022,06,28,01,14.9,57,Moderate,17.0,UG/M3,1 Hr,Valid
Chisinau,PM2.5 - Principal,2022-06-28 02:00 AM,2022,06,28,02,15.6,58,Moderate,17.0,UG/M3,1 Hr,Valid
Chisinau,PM2.5 - Principal,2022-06-28 03:00 AM,2022,06,28,03,16.1,59,Moderate,17.0,UG/M3,1 Hr,Valid
Chisinau,PM2.5 - Principal,2022-06-28 04:00 AM,2022,06,28,04,16.1,59,Moderate,-999.0,UG/M3,1 Hr,Missing
Chisinau,PM2.5 - Principal,2022-06-30 12:00 PM,2022,06,30,12,-999.0,-999,N/A,18.0,UG/M3,1 Hr,Valid
Chisinau,PM2.5 - Principal,2022-06-30 01:00 PM,2022,06,30,13,17.4,62,Moderate,17.0,UG/M3,1 Hr,Valid
Chisinau,PM2.5 - Principal,2022-06-30 02:00 PM,2022,06,30,14,17.3,62,Moderate,17.0,UG/M3,1 Hr,Valid
Chisinau,PM2.5 - Principal,2022-06-30 03:00 PM,2022,06,30,15,17.2,62,Moderate,17.0,UG/M3,1 Hr,Valid
Chisinau,PM2.5 - Principal,2022-06-30 04:00 PM,2022,06,30,16,16.1,59,Moderate,14.0,UG/M3,1 Hr,Valid
Chisinau,PM2.5 - Principal,2022-06-30 05:00 PM,2022,06,30,17,13.0,53,Moderate,10.0,UG/M3,1 Hr,Valid
Chisinau,PM2.5 - Principal,2022-06-30 06:00 PM,2022,06,30,18,13.9,55,Moderate,15.0,UG/M3,1 Hr,Valid
Chisinau,PM2.5 - Principal,2022-06-30 07:00 PM,2022,06,30,19,14.8,57,Moderate,16.0,UG/M3,1 Hr,Valid
Chisinau,PM2.5 - Principal,2022-06-30 08:00 PM,2022,06,30,20,16.2,60,Moderate,18.0,UG/M3,1 Hr,Valid
Chisinau,PM2.5 - Principal,2022-06-30 09:00 PM,2022,06,30,21,15.2,58,Moderate,14.0,UG/M3,1 Hr,Valid
Chisinau,PM2.5 - Principal,2022-06-30 10:00 PM,2022,06,30,22,15.1,57,Moderate,15.0,UG/M3,1 Hr,Valid
Chisinau,PM2.5 - Principal,2022-06-30 11:00 PM,2022,06,30,23,15.5,58,Moderate,16.0,UG/M3,1 Hr,Valid
Chisinau,PM2.5 - Principal,2022-07-01 12:00 AM,2022,07,01,00,13.9,55,Moderate,12.0,UG/M3,1 Hr,Valid
Chisinau,PM2.5 - Principal,2022-07-01 01:00 AM,2022,07,01,01,15.3,58,Moderate,17.0,UG/M3,1 Hr,Valid
Chisinau,PM2.5 - Principal,2022-07-01 02:00 AM,2022,07,01,02,17.6,63,Moderate,20.0,UG/M3,1 Hr,Valid
Chisinau,PM2.5 - Principal,2022-07-01 03:00 AM,2022,07,01,03,18.3,64,Moderate,19.0,UG/M3,1 Hr,Valid
Chisinau,PM2.5 - Principal,2022-07-01 04:00 AM,2022,07,01,04,18.6,65,Moderate,19.0,UG/M3,1 Hr,Valid
Chisinau,PM2.5 - Principal,2022-07-01 05:00 AM,2022,07,01,05,18.2,64,Moderate,18.0,UG/M3,1 Hr,Valid
Chisinau,PM2.5 - Principal,2022-07-01 06:00 AM,2022,07,01,06,17.3,62,Moderate,16.0,UG/M3,1 Hr,Valid
Chisinau,PM2.5 - Principal,2022-07-01 07:00 AM,2022,07,01,07,16.7,61,Moderate,16.0,UG/M3,1 Hr,Valid
Chisinau,PM2.5 - Principal,2022-07-01 08:00 AM,2022,07,01,08,18.0,63,Moderate,20.0,UG/M3,1 Hr,Valid
Chisinau,PM2.5 - Principal,2022-07-01 09:00 AM,2022,07,01,09,19.3,66,Moderate,21.0,UG/M3,1 Hr,Valid
Chisinau,PM2.5 - Principal,2022-07-01 10:00 AM,2022,07,01,10,19.2,66,Moderate,19.0,UG/M3,1 Hr,Valid
Chisinau,PM2.5 - Principal,2022-07-01 11:00 AM,2022,07,01,11,18.2,64,Moderate,17.0,UG/M3,1 Hr,Valid
Chisinau,PM2.5 - Principal,2022-07-01 12:00 PM,2022,07,01,12,17.8,63,Moderate,16.0,UG/M3,1 Hr,Valid
Chisinau,PM2.5 - Principal,2022-07-01 01:00 PM,2022,07,01,13,16.9,61,Moderate,15.0,UG/M3,1 Hr,Valid
Chisinau,PM2.5 - Principal,2022-07-01 02:00 PM,2022,07,01,14,16.3,60,Moderate,15.0,UG/M3,1 Hr,Valid
Chisinau,PM2.5 - Principal,2022-07-01 03:00 PM,2022,07,01,15,15.9,59,Moderate,15.0,UG/M3,1 Hr,Valid
Chisinau,PM2.5 - Principal,2022-07-01 04:00 PM,2022,07,01,16,15.1,57,Moderate,14.0,UG/M3,1 Hr,Valid
Chisinau,PM2.5 - Principal,2022-07-01 05:00 PM,2022,07,01,17,14.2,55,Moderate,13.0,UG/M3,1 Hr,Valid
Chisinau,PM2.5 - Principal,2022-07-01 06:00 PM,2022,07,01,18,13.1,53,Moderate,12.0,UG/M3,1 Hr,Valid
Chisinau,PM2.5 - Principal,2022-07-01 07:00 PM,2022,07,01,19,12.6,52,Moderate,12.0,UG/M3,1 Hr,Valid
Chisinau,PM2.5 - Principal,2022-07-01 08:00 PM,2022,07,01,20,12.3,51,Moderate,12.0,UG/M3,1 Hr,Valid
Chisinau,PM2.5 - Principal,2022-07-01 09:00 PM,2022,07,01,21,12.7,52,Moderate,13.0,UG/M3,1 Hr,Valid
Chisinau,PM2.5 - Principal,2022-07-01 10:00 PM,2022,07,01,22,12.8,52,Moderate,13.0,UG/M3,1 Hr,Valid
Chisinau,PM2.5 - Principal,2022-07-01 11:00 PM,2022,07,01,23,13.1,53,Moderate,14.0,UG/M3,1 Hr,Valid
Chisinau,PM2.5 - Principal,2022-07-02 12:00 AM,2022,07,02,00,14.8,57,Moderate,18.0,UG/M3,1 Hr,Valid
Chisinau,PM2.5 - Principal,2022-07-02 01:00 AM,2022,07,02,01,17.7,63,Moderate,21.0,UG/M3,1 Hr,Valid
Chisinau,PM2.5 - Principal,2022-07-02 02:00 AM,2022,07,02,02,17.0,61,Moderate,16.0,UG/M3,1 Hr,Valid
Chisinau,PM2.5 - Principal,2022-07-02 03:00 AM,2022,07,02,03,17.4,62,Moderate,18.0,UG/M3,1 Hr,Valid
Chisinau,PM2.5 - Principal,2022-07-02 04:00 AM,2022,07,02,04,16.8,61,Moderate,16.0,UG/M3,1 Hr,Valid
Chisinau,PM2.5 - Principal,2022-07-02 05:00 AM,2022,07,02,05,17.7,63,Moderate,19.0,UG/M3,1 Hr,Valid
Chisinau,PM2.5 - Principal,2022-07-02 06:00 AM,2022,07,02,06,18.2,64,Moderate,19.0,UG/M3,1 Hr,Valid
Chisinau,PM2.5 - Principal,2022-07-02 07:00 AM,2022,07,02,07,17.7,63,Moderate,17.0,UG/M3,1 Hr,Valid
Chisinau,PM2.5 - Principal,2022-07-02 08:00 AM,2022,07,02,08,17.4,62,Moderate,17.0,UG/M3,1 Hr,Valid
Chisinau,PM2.5 - Principal,2022-07-02 09:00 AM,2022,07,02,09,17.2,62,Moderate,17.0,UG/M3,1 Hr,Valid
Chisinau,PM2.5 - Principal,2022-07-02 10:00 AM,2022,07,02,10,17.2,62,Moderate,17.0,UG/M3,1 Hr,Valid
Chisinau,PM2.5 - Principal,2022-07-02 11:00 AM,2022,07,02,11,17.7,63,Moderate,19.0,UG/M3,1 Hr,Valid
Chisinau,PM2.5 - Principal,2022-07-02 12:00 PM,2022,07,02,12,16.5,60,Moderate,14.0,UG/M3,1 Hr,Valid
Chisinau,PM2.5 - Principal,2022-07-02 01:00 PM,2022,07,02,13,14.7,56,Moderate,12.0,UG/M3,1 Hr,Valid
Chisinau,PM2.5 - Principal,2022-07-02 02:00 PM,2022,07,02,14,12.1,51,Moderate,10.0,UG/M3,1 Hr,Valid
Chisinau,PM2.5 - Principal,2022-07-02 03:00 PM,2022,07,02,15,11.6,48,Good,11.0,UG/M3,1 Hr,Valid
Chisinau,PM2.5 - Principal,2022-07-02 04:00 PM,2022,07,02,16,13.2,53,Moderate,15.0,UG/M3,1 Hr,Valid
Chisinau,PM2.5 - Principal,2022-07-02 05:00 PM,2022,07,02,17,12.6,52,Moderate,12.0,UG/M3,1 Hr,Valid
Chisinau,PM2.5 - Principal,2022-07-02 06:00 PM,2022,07,02,18,13.7,54,Moderate,15.0,UG/M3,1 Hr,Valid
Chisinau,PM2.5 - Principal,2022-07-02 07:00 PM,2022,07,02,19,14.8,57,Moderate,16.0,UG/M3,1 Hr,Valid
Chisinau,PM2.5 - Principal,2022-07-02 08:00 PM,2022,07,02,20,15.8,59,Moderate,17.0,UG/M3,1 Hr,Valid
Chisinau,PM2.5 - Principal,2022-07-02 09:00 PM,2022,07,02,21,13.0,53,Moderate,10.0,UG/M3,1 Hr,Valid
Chisinau,PM2.5 - Principal,2022-07-02 10:00 PM,2022,07,02,22,13.5,54,Moderate,14.0,UG/M3,1 Hr,Valid
Chisinau,PM2.5 - Principal,2022-07-02 11:00 PM,2022,07,02,23,14.9,57,Moderate,17.0,UG/M3,1 Hr,Valid
Chisinau,PM2.5 - Principal,2022-07-03 12:00 AM,2022,07,03,00,18.6,65,Moderate,22.0,UG/M3,1 Hr,Valid
Chisinau,PM2.5 - Principal,2022-07-03 01:00 AM,2022,07,03,01,15.8,59,Moderate,13.0,UG/M3,1 Hr,Valid
Chisinau,PM2.5 - Principal,2022-07-03 02:00 AM,2022,07,03,02,13.9,55,Moderate,12.0,UG/M3,1 Hr,Valid
Chisinau,PM2.5 - Principal,2022-07-03 03:00 AM,2022,07,03,03,15.4,58,Moderate,17.0,UG/M3,1 Hr,Valid
Chisinau,PM2.5 - Principal,2022-07-03 04:00 AM,2022,07,03,04,16.2,60,Moderate,17.0,UG/M3,1 Hr,Valid
Chisinau,PM2.5 - Principal,2022-07-03 05:00 AM,2022,07,03,05,16.1,59,Moderate,16.0,UG/M3,1 Hr,Valid
Chisinau,PM2.5 - Principal,2022-07-03 06:00 AM,2022,07,03,06,17.0,61,Moderate,18.0,UG/M3,1 Hr,Valid
Chisinau,PM2.5 - Principal,2022-07-03 07:00 AM,2022,07,03,07,17.0,61,Moderate,17.0,UG/M3,1 Hr,Valid
Chisinau,PM2.5 - Principal,2022-07-03 08:00 AM,2022,07,03,08,17.0,61,Moderate,17.0,UG/M3,1 Hr,Valid
Chisinau,PM2.5 - Principal,2022-07-03 09:00 AM,2022,07,03,09,16.9,61,Moderate,17.0,UG/M3,1 Hr,Valid
Chisinau,PM2.5 - Principal,2022-07-03 10:00 AM,2022,07,03,10,16.5,60,Moderate,16.0,UG/M3,1 Hr,Valid
Chisinau,PM2.5 - Principal,2022-07-03 11:00 AM,2022,07,03,11,14.9,57,Moderate,13.0,UG/M3,1 Hr,Valid
Chisinau,PM2.5 - Principal,2022-07-03 12:00 PM,2022,07,03,12,16.2,60,Moderate,18.0,UG/M3,1 Hr,Valid
Chisinau,PM2.5 - Principal,2022-07-03 01:00 PM,2022,07,03,13,15.5,58,Moderate,14.0,UG/M3,1 Hr,Valid
Chisinau,PM2.5 - Principal,2022-07-03 02:00 PM,2022,07,03,14,15.4,58,Moderate,15.0,UG/M3,1 Hr,Valid
Chisinau,PM2.5 - Principal,2022-07-03 03:00 PM,2022,07,03,15,14.2,55,Moderate,12.0,UG/M3,1 Hr,Valid
Chisinau,PM2.5 - Principal,2022-07-03 04:00 PM,2022,07,03,16,15.1,57,Moderate,17.0,UG/M3,1 Hr,Valid
Chisinau,PM2.5 - Principal,2022-07-03 05:00 PM,2022,07,03,17,15.7,59,Moderate,17.0,UG/M3,1 Hr,Valid
Chisinau,PM2.5 - Principal,2022-07-03 06:00 PM,2022,07,03,18,17.5,62,Moderate,20.0,UG/M3,1 Hr,Valid
Chisinau,PM2.5 - Principal,2022-07-03 07:00 PM,2022,07,03,19,19.1,66,Moderate,21.0,UG/M3,1 Hr,Valid
Chisinau,PM2.5 - Principal,2022-07-03 08:00 PM,2022,07,03,20,19.0,66,Moderate,19.0,UG/M3,1 Hr,Valid
Chisinau,PM2.5 - Principal,2022-07-03 09:00 PM,2022,07,03,21,17.7,63,Moderate,16.0,UG/M3,1 Hr,Valid
Chisinau,PM2.5 - Principal,2022-07-03 10:00 PM,2022,07,03,22,16.5,60,Moderate,15.0,UG/M3,1 Hr,Valid
Chisinau,PM2.5 - Principal,2022-07-03 11:00 PM,2022,07,03,23,16.7,61,Moderate,17.0,UG/M3,1 Hr,Valid
Chisinau,PM2.5 - Principal,2022-07-04 12:00 AM,2022,07,04,00,16.0,59,Moderate,15.0,UG/M3,1 Hr,Valid
Chisinau,PM2.5 - Principal,2022-07-04 01:00 AM,2022,07,04,01,17.7,63,Moderate,20.0,UG/M3,1 Hr,Valid
Chisinau,PM2.5 - Principal,2022-07-04 02:00 AM,2022,07,04,02,17.4,62,Moderate,17.0,UG/M3,1 Hr,Valid
Chisinau,PM2.5 - Principal,2022-07-04 03:00 AM,2022,07,04,03,16.6,60,Moderate,15.0,UG/M3,1 Hr,Valid
Chisinau,PM2.5 - Principal,2022-07-04 04:00 AM,2022,07,04,04,16.7,61,Moderate,17.0,UG/M3,1 Hr,Valid
Chisinau,PM2.5 - Principal,2022-07-04 05:00 AM,2022,07,04,05,16.8,61,Moderate,17.0,UG/M3,1 Hr,Valid
Chisinau,PM2.5 - Principal,2022-07-04 06:00 AM,2022,07,04,06,17.7,63,Moderate,20.0,UG/M3,1 Hr,Valid
Chisinau,PM2.5 - Principal,2022-07-04 07:00 AM,2022,07,04,07,17.9,63,Moderate,19.0,UG/M3,1 Hr,Valid
Chisinau,PM2.5 - Principal,2022-07-04 08:00 AM,2022,07,04,08,18.2,64,Moderate,19.0,UG/M3,1 Hr,Valid
Chisinau,PM2.5 - Principal,2022-07-04 09:00 AM,2022,07,04,09,18.7,65,Moderate,20.0,UG/M3,1 Hr,Valid
Chisinau,PM2.5 - Principal,2022-07-04 10:00 AM,2022,07,04,10,18.2,64,Moderate,17.0,UG/M3,1 Hr,Valid
Chisinau,PM2.5 - Principal,2022-07-04 11:00 AM,2022,07,04,11,17.7,63,Moderate,16.0,UG/M3,1 Hr,Valid
Chisinau,PM2.5 - Principal,2022-07-04 12:00 PM,2022,07,04,12,17.0,61,Moderate,15.0,UG/M3,1 Hr,Valid
Chisinau,PM2.5 - Principal,2022-07-04 01:00 PM,2022,07,04,13,16.7,61,Moderate,16.0,UG/M3,1 Hr,Valid
Chisinau,PM2.5 - Principal,2022-07-04 02:00 PM,2022,07,04,14,16.5,60,Moderate,16.0,UG/M3,1 Hr,Valid
Chisinau,PM2.5 - Principal,2022-07-04 03:00 PM,2022,07,04,15,16.4,60,Moderate,16.0,UG/M3,1 Hr,Valid
Chisinau,PM2.5 - Principal,2022-07-04 04:00 PM,2022,07,04,16,16.8,61,Moderate,18.0,UG/M3,1 Hr,Valid
Chisinau,PM2.5 - Principal,2022-07-04 05:00 PM,2022,07,04,17,16.6,60,Moderate,16.0,UG/M3,1 Hr,Valid
Chisinau,PM2.5 - Principal,2022-07-04 06:00 PM,2022,07,04,18,17.4,62,Moderate,20.0,UG/M3,1 Hr,Valid
Chisinau,PM2.5 - Principal,2022-07-04 07:00 PM,2022,07,04,19,17.8,63,Moderate,19.0,UG/M3,1 Hr,Valid
Chisinau,PM2.5 - Principal,2022-07-04 08:00 PM,2022,07,04,20,18.1,64,Moderate,19.0,UG/M3,1 Hr,Valid
Chisinau,PM2.5 - Principal,2022-07-04 09:00 PM,2022,07,04,21,17.8,63,Moderate,17.0,UG/M3,1 Hr,Valid
Chisinau,PM2.5 - Principal,2022-07-04 10:00 PM,2022,07,04,22,18.1,64,Moderate,19.0,UG/M3,1 Hr,Valid
Chisinau,PM2.5 - Principal,2022-07-04 11:00 PM,2022,07,04,23,18.3,64,Moderate,19.0,UG/M3,1 Hr,Valid
Chisinau,PM2.5 - Principal,2022-07-05 12:00 AM,2022,07,05,00,18.6,65,Moderate,20.0,UG/M3,1 Hr,Valid
Chisinau,PM2.5 - Principal,2022-07-05 01:00 AM,2022,07,05,01,18.1,64,Moderate,16.0,UG/M3,1 Hr,Valid
Chisinau,PM2.5 - Principal,2022-07-05 02:00 AM,2022,07,05,02,17.3,62,Moderate,15.0,UG/M3,1 Hr,Valid
Chisinau,PM2.5 - Principal,2022-07-05 03:00 AM,2022,07,05,03,17.2,62,Moderate,17.0,UG/M3,1 Hr,Valid
Chisinau,PM2.5 - Principal,2022-07-05 04:00 AM,2022,07,05,04,15.5,58,Moderate,13.0,UG/M3,1 Hr,Valid
Chisinau,PM2.5 - Principal,2022-07-05 05:00 AM,2022,07,05,05,15.7,59,Moderate,16.0,UG/M3,1 Hr,Valid
Chisinau,PM2.5 - Principal,2022-07-05 06:00 AM,2022,07,05,06,16.1,59,Moderate,17.0,UG/M3,1 Hr,Valid
Chisinau,PM2.5 - Principal,2022-07-05 07:00 AM,2022,07,05,07,16.4,60,Moderate,17.0,UG/M3,1 Hr,Valid
Chisinau,PM2.5 - Principal,2022-07-05 08:00 AM,2022,07,05,08,16.6,60,Moderate,17.0,UG/M3,1 Hr,Valid
Chisinau,PM2.5 - Principal,2022-07-05 09:00 AM,2022,07,05,09,21.4,71,Moderate,26.0,UG/M3,1 Hr,Valid
Chisinau,PM2.5 - Principal,2022-07-05 10:00 AM,2022,07,05,10,21.2,70,Moderate,21.0,UG/M3,1 Hr,Valid
Chisinau,PM2.5 - Principal,2022-07-05 11:00 AM,2022,07,05,11,21.1,70,Moderate,21.0,UG/M3,1 Hr,Valid
Chisinau,PM2.5 - Principal,2022-07-05 12:00 PM,2022,07,05,12,19.0,66,Moderate,17.0,UG/M3,1 Hr,Valid
Chisinau,PM2.5 - Principal,2022-07-05 01:00 PM,2022,07,05,13,17.0,61,Moderate,15.0,UG/M3,1 Hr,Valid
Chisinau,PM2.5 - Principal,2022-07-05 02:00 PM,2022,07,05,14,18.0,63,Moderate,19.0,UG/M3,1 Hr,Valid
Chisinau,PM2.5 - Principal,2022-07-05 03:00 PM,2022,07,05,15,17.5,62,Moderate,17.0,UG/M3,1 Hr,Valid
Chisinau,PM2.5 - Principal,2022-07-05 04:00 PM,2022,07,05,16,14.7,56,Moderate,12.0,UG/M3,1 Hr,Valid
Chisinau,PM2.5 - Principal,2022-07-05 05:00 PM,2022,07,05,17,15.8,59,Moderate,17.0,UG/M3,1 Hr,Valid
Chisinau,PM2.5 - Principal,2022-07-05 06:00 PM,2022,07,05,18,15.9,59,Moderate,16.0,UG/M3,1 Hr,Valid
Chisinau,PM2.5 - Principal,2022-07-05 07:00 PM,2022,07,05,19,14.9,57,Moderate,14.0,UG/M3,1 Hr,Valid
Chisinau,PM2.5 - Principal,2022-07-05 08:00 PM,2022,07,05,20,14.9,57,Moderate,15.0,UG/M3,1 Hr,Valid
Chisinau,PM2.5 - Principal,2022-07-05 09:00 PM,2022,07,05,21,16.3,60,Moderate,18.0,UG/M3,1 Hr,Valid
Chisinau,PM2.5 - Principal,2022-07-05 10:00 PM,2022,07,05,22,17.0,61,Moderate,18.0,UG/M3,1 Hr,Valid
Chisinau,PM2.5 - Principal,2022-07-05 11:00 PM,2022,07,05,23,17.2,62,Moderate,18.0,UG/M3,1 Hr,Valid
Chisinau,PM2.5 - Principal,2022-07-06 12:00 AM,2022,07,06,00,17.1,62,Moderate,17.0,UG/M3,1 Hr,Valid
Chisinau,PM2.5 - Principal,2022-07-06 01:00 AM,2022,07,06,01,17.4,62,Moderate,18.0,UG/M3,1 Hr,Valid
Chisinau,PM2.5 - Principal,2022-07-06 02:00 AM,2022,07,06,02,16.9,61,Moderate,16.0,UG/M3,1 Hr,Valid
Chisinau,PM2.5 - Principal,2022-07-06 03:00 AM,2022,07,06,03,16.9,61,Moderate,17.0,UG/M3,1 Hr,Valid
Chisinau,PM2.5 - Principal,2022-07-06 04:00 AM,2022,07,06,04,16.9,61,Moderate,17.0,UG/M3,1 Hr,Valid
Chisinau,PM2.5 - Principal,2022-07-06 05:00 AM,2022,07,06,05,16.9,61,Moderate,17.0,UG/M3,1 Hr,Valid
Chisinau,PM2.5 - Principal,2022-07-06 06:00 AM,2022,07,06,06,17.5,62,Moderate,19.0,UG/M3,1 Hr,Valid
Chisinau,PM2.5 - Principal,2022-07-06 07:00 AM,2022,07,06,07,17.3,62,Moderate,17.0,UG/M3,1 Hr,Valid
Chisinau,PM2.5 - Principal,2022-07-06 08:00 AM,2022,07,06,08,17.9,63,Moderate,20.0,UG/M3,1 Hr,Valid
Chisinau,PM2.5 - Principal,2022-07-06 09:00 AM,2022,07,06,09,17.9,63,Moderate,18.0,UG/M3,1 Hr,Valid
Chisinau,PM2.5 - Principal,2022-07-06 10:00 AM,2022,07,06,10,16.3,60,Moderate,13.0,UG/M3,1 Hr,Valid
Chisinau,PM2.5 - Principal,2022-07-06 11:00 AM,2022,07,06,11,16.9,61,Moderate,18.0,UG/M3,1 Hr,Valid
Chisinau,PM2.5 - Principal,2022-07-06 12:00 PM,2022,07,06,12,16.6,60,Moderate,16.0,UG/M3,1 Hr,Valid
Chisinau,PM2.5 - Principal,2022-07-06 01:00 PM,2022,07,06,13,16.0,59,Moderate,15.0,UG/M3,1 Hr,Valid
Chisinau,PM2.5 - Principal,2022-07-06 02:00 PM,2022,07,06,14,14.3,56,Moderate,12.0,UG/M3,1 Hr,Valid
Chisinau,PM2.5 - Principal,2022-07-06 03:00 PM,2022,07,06,15,14.6,56,Moderate,15.0,UG/M3,1 Hr,Valid
Chisinau,PM2.5 - Principal,2022-07-06 04:00 PM,2022,07,06,16,12.9,53,Moderate,11.0,UG/M3,1 Hr,Valid
Chisinau,PM2.5 - Principal,2022-07-06 05:00 PM,2022,07,06,17,15.2,58,Moderate,18.0,UG/M3,1 Hr,Valid
Chisinau,PM2.5 - Principal,2022-07-06 06:00 PM,2022,07,06,18,14.6,56,Moderate,14.0,UG/M3,1 Hr,Valid
Chisinau,PM2.5 - Principal,2022-07-06 07:00 PM,2022,07,06,19,15.2,58,Moderate,16.0,UG/M3,1 Hr,Valid
Chisinau,PM2.5 - Principal,2022-07-06 08:00 PM,2022,07,06,20,15.1,57,Moderate,15.0,UG/M3,1 Hr,Valid
Chisinau,PM2.5 - Principal,2022-07-06 09:00 PM,2022,07,06,21,15.8,59,Moderate,17.0,UG/M3,1 Hr,Valid
Chisinau,PM2.5 - Principal,2022-07-06 10:00 PM,2022,07,06,22,18.4,64,Moderate,21.0,UG/M3,1 Hr,Valid
Chisinau,PM2.5 - Principal,2022-07-06 11:00 PM,2022,07,06,23,19.1,66,Moderate,20.0,UG/M3,1 Hr,Valid
Chisinau,PM2.5 - Principal,2022-07-07 12:00 AM,2022,07,07,00,17.6,63,Moderate,16.0,UG/M3,1 Hr,Valid
Chisinau,PM2.5 - Principal,2022-07-07 01:00 AM,2022,07,07,01,16.3,60,Moderate,15.0,UG/M3,1 Hr,Valid
Chisinau,PM2.5 - Principal,2022-07-07 02:00 AM,2022,07,07,02,13.8,55,Moderate,11.0,UG/M3,1 Hr,Valid
Chisinau,PM2.5 - Principal,2022-07-07 03:00 AM,2022,07,07,03,12.4,52,Moderate,11.0,UG/M3,1 Hr,Valid
Chisinau,PM2.5 - Principal,2022-07-07 04:00 AM,2022,07,07,04,11.7,49,Good,11.0,UG/M3,1 Hr,Valid
Chisinau,PM2.5 - Principal,2022-07-07 05:00 AM,2022,07,07,05,11.4,48,Good,11.0,UG/M3,1 Hr,Valid
Chisinau,PM2.5 - Principal,2022-07-07 06:00 AM,2022,07,07,06,9.6,40,Good,8.0,UG/M3,1 Hr,Valid
Chisinau,PM2.5 - Principal,2022-07-07 07:00 AM,2022,07,07,07,9.3,39,Good,9.0,UG/M3,1 Hr,Valid
Chisinau,PM2.5 - Principal,2022-07-07 08:00 AM,2022,07,07,08,9.6,40,Good,10.0,UG/M3,1 Hr,Valid
Chisinau,PM2.5 - Principal,2022-07-07 09:00 AM,2022,07,07,09,9.8,41,Good,10.0,UG/M3,1 Hr,Valid
Chisinau,PM2.5 - Principal,2022-07-07 10:00 AM,2022,07,07,10,9.4,39,Good,9.0,UG/M3,1 Hr,Valid
Chisinau,PM2.5 - Principal,2022-07-07 11:00 AM,2022,07,07,11,9.2,38,Good,9.0,UG/M3,1 Hr,Valid
Chisinau,PM2.5 - Principal,2022-07-07 12:00 PM,2022,07,07,12,10.5,44,Good,12.0,UG/M3,1 Hr,Valid
Chisinau,PM2.5 - Principal,2022-07-07 01:00 PM,2022,07,07,13,10.1,42,Good,10.0,UG/M3,1 Hr,Valid
Chisinau,PM2.5 - Principal,2022-07-07 02:00 PM,2022,07,07,14,11.8,49,Good,14.0,UG/M3,1 Hr,Valid
Chisinau,PM2.5 - Principal,2022-07-07 03:00 PM,2022,07,07,15,11.0,46,Good,10.0,UG/M3,1 Hr,Valid
Chisinau,PM2.5 - Principal,2022-07-07 04:00 PM,2022,07,07,16,10.6,44,Good,10.0,UG/M3,1 Hr,Valid
Chisinau,PM2.5 - Principal,2022-07-07 05:00 PM,2022,07,07,17,10.3,43,Good,10.0,UG/M3,1 Hr,Valid
Chisinau,PM2.5 - Principal,2022-07-07 06:00 PM,2022,07,07,18,11.3,47,Good,13.0,UG/M3,1 Hr,Valid
Chisinau,PM2.5 - Principal,2022-07-07 07:00 PM,2022,07,07,19,11.2,47,Good,11.0,UG/M3,1 Hr,Valid
Chisinau,PM2.5 - Principal,2022-07-07 08:00 PM,2022,07,07,20,11.1,46,Good,11.0,UG/M3,1 Hr,Valid
Chisinau,PM2.5 - Principal,2022-07-07 09:00 PM,2022,07,07,21,11.4,48,Good,12.0,UG/M3,1 Hr,Valid
Chisinau,PM2.5 - Principal,2022-07-07 10:00 PM,2022,07,07,22,11.6,48,Good,12.0,UG/M3,1 Hr,Valid
Chisinau,PM2.5 - Principal,2022-07-07 11:00 PM,2022,07,07,23,13.8,55,Moderate,17.0,UG/M3,1 Hr,Valid
Chisinau,PM2.5 - Principal,2022-07-08 12:00 AM,2022,07,08,00,12.2,51,Moderate,10.0,UG/M3,1 Hr,Valid
Chisinau,PM2.5 - Principal,2022-07-08 01:00 AM,2022,07,08,01,11.7,49,Good,11.0,UG/M3,1 Hr,Valid
Chisinau,PM2.5 - Principal,2022-07-08 02:00 AM,2022,07,08,02,13.0,53,Moderate,15.0,UG/M3,1 Hr,Valid
Chisinau,PM2.5 - Principal,2022-07-08 03:00 AM,2022,07,08,03,12.2,51,Moderate,11.0,UG/M3,1 Hr,Valid
Chisinau,PM2.5 - Principal,2022-07-08 04:00 AM,2022,07,08,04,11.3,47,Good,10.0,UG/M3,1 Hr,Valid
Chisinau,PM2.5 - Principal,2022-07-08 05:00 AM,2022,07,08,05,11.1,46,Good,11.0,UG/M3,1 Hr,Valid
Chisinau,PM2.5 - Principal,2022-07-08 06:00 AM,2022,07,08,06,11.1,46,Good,11.0,UG/M3,1 Hr,Valid
Chisinau,PM2.5 - Principal,2022-07-08 07:00 AM,2022,07,08,07,11.0,46,Good,11.0,UG/M3,1 Hr,Valid
Chisinau,PM2.5 - Principal,2022-07-08 08:00 AM,2022,07,08,08,12.2,51,Moderate,14.0,UG/M3,1 Hr,Valid
Chisinau,PM2.5 - Principal,2022-07-08 09:00 AM,2022,07,08,09,12.5,52,Moderate,13.0,UG/M3,1 Hr,Valid
Chisinau,PM2.5 - Principal,2022-07-08 10:00 AM,2022,07,08,10,12.3,51,Moderate,12.0,UG/M3,1 Hr,Valid
Chisinau,PM2.5 - Principal,2022-07-08 11:00 AM,2022,07,08,11,10.3,43,Good,8.0,UG/M3,1 Hr,Valid
Chisinau,PM2.5 - Principal,2022-07-08 12:00 PM,2022,07,08,12,11.1,46,Good,12.0,UG/M3,1 Hr,Valid
Chisinau,PM2.5 - Principal,2022-07-08 01:00 PM,2022,07,08,13,11.0,46,Good,11.0,UG/M3,1 Hr,Valid
Chisinau,PM2.5 - Principal,2022-07-08 02:00 PM,2022,07,08,14,11.4,48,Good,12.0,UG/M3,1 Hr,Valid
Chisinau,PM2.5 - Principal,2022-07-08 03:00 PM,2022,07,08,15,14.2,55,Moderate,17.0,UG/M3,1 Hr,Valid
Chisinau,PM2.5 - Principal,2022-07-08 04:00 PM,2022,07,08,16,15.6,58,Moderate,17.0,UG/M3,1 Hr,Valid
Chisinau,PM2.5 - Principal,2022-07-08 05:00 PM,2022,07,08,17,17.8,63,Moderate,20.0,UG/M3,1 Hr,Valid
Chisinau,PM2.5 - Principal,2022-07-08 06:00 PM,2022,07,08,18,15.4,58,Moderate,13.0,UG/M3,1 Hr,Valid
Chisinau,PM2.5 - Principal,2022-07-08 07:00 PM,2022,07,08,19,16.7,61,Moderate,18.0,UG/M3,1 Hr,Valid
Chisinau,PM2.5 - Principal,2022-07-08 08:00 PM,2022,07,08,20,18.3,64,Moderate,20.0,UG/M3,1 Hr,Valid
Chisinau,PM2.5 - Principal,2022-07-08 09:00 PM,2022,07,08,21,18.6,65,Moderate,19.0,UG/M3,1 Hr,Valid
Chisinau,PM2.5 - Principal,2022-07-08 10:00 PM,2022,07,08,22,17.3,62,Moderate,16.0,UG/M3,1 Hr,Valid
Chisinau,PM2.5 - Principal,2022-07-08 11:00 PM,2022,07,08,23,17.2,62,Moderate,17.0,UG/M3,1 Hr,Valid
Chisinau,PM2.5 - Principal,2022-07-09 12:00 AM,2022,07,09,00,17.5,62,Moderate,18.0,UG/M3,1 Hr,Valid
Chisinau,PM2.5 - Principal,2022-07-09 01:00 AM,2022,07,09,01,17.7,63,Moderate,18.0,UG/M3,1 Hr,Valid
Chisinau,PM2.5 - Principal,2022-07-09 02:00 AM,2022,07,09,02,16.4,60,Moderate,14.0,UG/M3,1 Hr,Valid
Chisinau,PM2.5 - Principal,2022-07-09 03:00 AM,2022,07,09,03,16.6,60,Moderate,17.0,UG/M3,1 Hr,Valid
Chisinau,PM2.5 - Principal,2022-07-09 04:00 AM,2022,07,09,04,14.7,56,Moderate,12.0,UG/M3,1 Hr,Valid
Chisinau,PM2.5 - Principal,2022-07-09 05:00 AM,2022,07,09,05,14.0,55,Moderate,13.0,UG/M3,1 Hr,Valid
Chisinau,PM2.5 - Principal,2022-07-09 06:00 AM,2022,07,09,06,14.8,57,Moderate,16.0,UG/M3,1 Hr,Valid
Chisinau,PM2.5 - Principal,2022-07-09 07:00 AM,2022,07,09,07,10.4,43,Good,6.0,UG/M3,1 Hr,Valid
Chisinau,PM2.5 - Principal,2022-07-09 08:00 AM,2022,07,09,08,12.2,51,Moderate,14.0,UG/M3,1 Hr,Valid
Chisinau,PM2.5 - Principal,2022-07-09 09:00 AM,2022,07,09,09,13.0,53,Moderate,14.0,UG/M3,1 Hr,Valid
Chisinau,PM2.5 - Principal,2022-07-09 10:00 AM,2022,07,09,10,12.5,52,Moderate,12.0,UG/M3,1 Hr,Valid
Chisinau,PM2.5 - Principal,2022-07-09 11:00 AM,2022,07,09,11,11.2,47,Good,10.0,UG/M3,1 Hr,Valid
Chisinau,PM2.5 - Principal,2022-07-09 12:00 PM,2022,07,09,12,11.1,46,Good,11.0,UG/M3,1 Hr,Valid
Chisinau,PM2.5 - Principal,2022-07-09 01:00 PM,2022,07,09,13,10.5,44,Good,10.0,UG/M3,1 Hr,Valid
Chisinau,PM2.5 - Principal,2022-07-09 02:00 PM,2022,07,09,14,11.7,49,Good,13.0,UG/M3,1 Hr,Valid
Chisinau,PM2.5 - Principal,2022-07-09 03:00 PM,2022,07,09,15,13.8,55,Moderate,16.0,UG/M3,1 Hr,Valid
Chisinau,PM2.5 - Principal,2022-07-09 04:00 PM,2022,07,09,16,15.4,58,Moderate,17.0,UG/M3,1 Hr,Valid
Chisinau,PM2.5 - Principal,2022-07-09 05:00 PM,2022,07,09,17,13.7,54,Moderate,12.0,UG/M3,1 Hr,Valid
Chisinau,PM2.5 - Principal,2022-07-09 06:00 PM,2022,07,09,18,14.3,56,Moderate,15.0,UG/M3,1 Hr,Valid
Chisinau,PM2.5 - Principal,2022-07-09 07:00 PM,2022,07,09,19,12.9,53,Moderate,11.0,UG/M3,1 Hr,Valid
Chisinau,PM2.5 - Principal,2022-07-09 08:00 PM,2022,07,09,20,11.7,49,Good,10.0,UG/M3,1 Hr,Valid
Chisinau,PM2.5 - Principal,2022-07-09 09:00 PM,2022,07,09,21,12.2,51,Moderate,13.0,UG/M3,1 Hr,Valid
Chisinau,PM2.5 - Principal,2022-07-09 10:00 PM,2022,07,09,22,12.5,52,Moderate,13.0,UG/M3,1 Hr,Valid
Chisinau,PM2.5 - Principal,2022-07-09 11:00 PM,2022,07,09,23,13.9,55,Moderate,16.0,UG/M3,1 Hr,Valid
Chisinau,PM2.5 - Principal,2022-07-10 12:00 AM,2022,07,10,00,14.4,56,Moderate,15.0,UG/M3,1 Hr,Valid
Chisinau,PM2.5 - Principal,2022-07-10 01:00 AM,2022,07,10,01,13.8,55,Moderate,13.0,UG/M3,1 Hr,Valid
Chisinau,PM2.5 - Principal,2022-07-10 02:00 AM,2022,07,10,02,15.1,57,Moderate,17.0,UG/M3,1 Hr,Valid
Chisinau,PM2.5 - Principal,2022-07-10 03:00 AM,2022,07,10,03,14.6,56,Moderate,14.0,UG/M3,1 Hr,Valid
Chisinau,PM2.5 - Principal,2022-07-10 04:00 AM,2022,07,10,04,13.5,54,Moderate,12.0,UG/M3,1 Hr,Valid
Chisinau,PM2.5 - Principal,2022-07-10 05:00 AM,2022,07,10,05,14.5,56,Moderate,16.0,UG/M3,1 Hr,Valid
Chisinau,PM2.5 - Principal,2022-07-10 06:00 AM,2022,07,10,06,12.6,52,Moderate,10.0,UG/M3,1 Hr,Valid
Chisinau,PM2.5 - Principal,2022-07-10 07:00 AM,2022,07,10,07,12.8,52,Moderate,13.0,UG/M3,1 Hr,Valid
Chisinau,PM2.5 - Principal,2022-07-10 08:00 AM,2022,07,10,08,12.0,50,Good,11.0,UG/M3,1 Hr,Valid
Chisinau,PM2.5 - Principal,2022-07-10 09:00 AM,2022,07,10,09,12.4,52,Moderate,13.0,UG/M3,1 Hr,Valid
Chisinau,PM2.5 - Principal,2022-07-10 10:00 AM,2022,07,10,10,11.4,48,Good,10.0,UG/M3,1 Hr,Valid
Chisinau,PM2.5 - Principal,2022-07-10 11:00 AM,2022,07,10,11,9.6,40,Good,8.0,UG/M3,1 Hr,Valid
Chisinau,PM2.5 - Principal,2022-07-10 12:00 PM,2022,07,10,12,9.3,39,Good,9.0,UG/M3,1 Hr,Valid
Chisinau,PM2.5 - Principal,2022-07-10 01:00 PM,2022,07,10,13,10.6,44,Good,12.0,UG/M3,1 Hr,Valid
Chisinau,PM2.5 - Principal,2022-07-10 02:00 PM,2022,07,10,14,10.8,45,Good,11.0,UG/M3,1 Hr,Valid
Chisinau,PM2.5 - Principal,2022-07-10 03:00 PM,2022,07,10,15,11.4,48,Good,12.0,UG/M3,1 Hr,Valid
Chisinau,PM2.5 - Principal,2022-07-10 04:00 PM,2022,07,10,16,12.2,51,Moderate,13.0,UG/M3,1 Hr,Valid
Chisinau,PM2.5 - Principal,2022-07-10 05:00 PM,2022,07,10,17,11.5,48,Good,11.0,UG/M3,1 Hr,Valid
Chisinau,PM2.5 - Principal,2022-07-10 06:00 PM,2022,07,10,18,13.1,53,Moderate,15.0,UG/M3,1 Hr,Valid
Chisinau,PM2.5 - Principal,2022-07-10 07:00 PM,2022,07,10,19,12.6,52,Moderate,12.0,UG/M3,1 Hr,Valid
Chisinau,PM2.5 - Principal,2022-07-10 08:00 PM,2022,07,10,20,10.9,45,Good,9.0,UG/M3,1 Hr,Valid
Chisinau,PM2.5 - Principal,2022-07-10 09:00 PM,2022,07,10,21,10.9,45,Good,11.0,UG/M3,1 Hr,Valid
Chisinau,PM2.5 - Principal,2022-07-10 10:00 PM,2022,07,10,22,14.4,56,Moderate,18.0,UG/M3,1 Hr,Valid
Chisinau,PM2.5 - Principal,2022-07-10 11:00 PM,2022,07,10,23,14.2,55,Moderate,14.0,UG/M3,1 Hr,Valid
Chisinau,PM2.5 - Principal,2022-07-11 12:00 AM,2022,07,11,00,14.6,56,Moderate,15.0,UG/M3,1 Hr,Valid
Chisinau,PM2.5 - Principal,2022-07-11 01:00 AM,2022,07,11,01,13.8,55,Moderate,13.0,UG/M3,1 Hr,Valid
Chisinau,PM2.5 - Principal,2022-07-11 02:00 AM,2022,07,11,02,12.4,52,Moderate,11.0,UG/M3,1 Hr,Valid
Chisinau,PM2.5 - Principal,2022-07-11 03:00 AM,2022,07,11,03,12.7,52,Moderate,13.0,UG/M3,1 Hr,Valid
Chisinau,PM2.5 - Principal,2022-07-11 04:00 AM,2022,07,11,04,13.3,54,Moderate,14.0,UG/M3,1 Hr,Valid
Chisinau,PM2.5 - Principal,2022-07-11 05:00 AM,2022,07,11,05,14.6,56,Moderate,16.0,UG/M3,1 Hr,Valid
Chisinau,PM2.5 - Principal,2022-07-11 06:00 AM,2022,07,11,06,13.8,55,Moderate,13.0,UG/M3,1 Hr,Valid
Chisinau,PM2.5 - Principal,2022-07-11 07:00 AM,2022,07,11,07,12.4,52,Moderate,11.0,UG/M3,1 Hr,Valid
Chisinau,PM2.5 - Principal,2022-07-11 08:00 AM,2022,07,11,08,11.4,48,Good,10.0,UG/M3,1 Hr,Valid
Chisinau,PM2.5 - Principal,2022-07-11 09:00 AM,2022,07,11,09,10.7,45,Good,10.0,UG/M3,1 Hr,Valid
Chisinau,PM2.5 - Principal,2022-07-11 10:00 AM,2022,07,11,10,10.0,42,Good,9.0,UG/M3,1 Hr,Valid
Chisinau,PM2.5 - Principal,2022-07-11 11:00 AM,2022,07,11,11,10.0,42,Good,10.0,UG/M3,1 Hr,Valid
Chisinau,PM2.5 - Principal,2022-07-11 12:00 PM,2022,07,11,12,10.0,42,Good,10.0,UG/M3,1 Hr,Valid
Chisinau,PM2.5 - Principal,2022-07-11 01:00 PM,2022,07,11,13,10.0,42,Good,10.0,UG/M3,1 Hr,Valid
Chisinau,PM2.5 - Principal,2022-07-11 02:00 PM,2022,07,11,14,11.3,47,Good,13.0,UG/M3,1 Hr,Valid
Chisinau,PM2.5 - Principal,2022-07-11 03:00 PM,2022,07,11,15,11.6,48,Good,12.0,UG/M3,1 Hr,Valid
Chisinau,PM2.5 - Principal,2022-07-11 04:00 PM,2022,07,11,16,10.4,43,Good,9.0,UG/M3,1 Hr,Valid
Chisinau,PM2.5 - Principal,2022-07-11 05:00 PM,2022,07,11,17,10.0,42,Good,9.0,UG/M3,1 Hr,Valid
Chisinau,PM2.5 - Principal,2022-07-11 06:00 PM,2022,07,11,18,10.0,42,Good,10.0,UG/M3,1 Hr,Valid
Chisinau,PM2.5 - Principal,2022-07-11 07:00 PM,2022,07,11,19,10.3,43,Good,11.0,UG/M3,1 Hr,Valid
Chisinau,PM2.5 - Principal,2022-07-11 08:00 PM,2022,07,11,20,10.5,44,Good,11.0,UG/M3,1 Hr,Valid
Chisinau,PM2.5 - Principal,2022-07-11 09:00 PM,2022,07,11,21,11.0,46,Good,12.0,UG/M3,1 Hr,Valid
Chisinau,PM2.5 - Principal,2022-07-11 10:00 PM,2022,07,11,22,11.6,48,Good,13.0,UG/M3,1 Hr,Valid
Chisinau,PM2.5 - Principal,2022-07-11 11:00 PM,2022,07,11,23,11.7,49,Good,12.0,UG/M3,1 Hr,Valid
Chisinau,PM2.5 - Principal,2022-07-12 12:00 AM,2022,07,12,00,13.1,53,Moderate,15.0,UG/M3,1 Hr,Valid
Chisinau,PM2.5 - Principal,2022-07-12 01:00 AM,2022,07,12,01,15.1,57,Moderate,17.0,UG/M3,1 Hr,Valid
Chisinau,PM2.5 - Principal,2022-07-12 02:00 AM,2022,07,12,02,13.1,53,Moderate,11.0,UG/M3,1 Hr,Valid
Chisinau,PM2.5 - Principal,2022-07-12 03:00 AM,2022,07,12,03,14.0,55,Moderate,15.0,UG/M3,1 Hr,Valid
Chisinau,PM2.5 - Principal,2022-07-12 04:00 AM,2022,07,12,04,14.4,56,Moderate,15.0,UG/M3,1 Hr,Valid
Chisinau,PM2.5 - Principal,2022-07-12 05:00 AM,2022,07,12,05,13.8,55,Moderate,13.0,UG/M3,1 Hr,Valid
Chisinau,PM2.5 - Principal,2022-07-12 06:00 AM,2022,07,12,06,12.8,52,Moderate,11.0,UG/M3,1 Hr,Valid
Chisinau,PM2.5 - Principal,2022-07-12 07:00 AM,2022,07,12,07,12.5,52,Moderate,12.0,UG/M3,1 Hr,Valid
Chisinau,PM2.5 - Principal,2022-07-12 08:00 AM,2022,07,12,08,12.7,52,Moderate,13.0,UG/M3,1 Hr,Valid
Chisinau,PM2.5 - Principal,2022-07-12 09:00 AM,2022,07,12,09,11.5,48,Good,10.0,UG/M3,1 Hr,Valid
Chisinau,PM2.5 - Principal,2022-07-12 10:00 AM,2022,07,12,10,10.2,43,Good,9.0,UG/M3,1 Hr,Valid
Chisinau,PM2.5 - Principal,2022-07-12 11:00 AM,2022,07,12,11,11.5,48,Good,13.0,UG/M3,1 Hr,Valid
Chisinau,PM2.5 - Principal,2022-07-12 12:00 PM,2022,07,12,12,9.2,38,Good,7.0,UG/M3,1 Hr,Valid
Chisinau,PM2.5 - Principal,2022-07-12 01:00 PM,2022,07,12,13,8.6,36,Good,8.0,UG/M3,1 Hr,Valid
Chisinau,PM2.5 - Principal,2022-07-12 02:00 PM,2022,07,12,14,9.3,39,Good,10.0,UG/M3,1 Hr,Valid
Chisinau,PM2.5 - Principal,2022-07-12 03:00 PM,2022,07,12,15,8.6,36,Good,8.0,UG/M3,1 Hr,Valid
Chisinau,PM2.5 - Principal,2022-07-12 04:00 PM,2022,07,12,16,10.6,44,Good,13.0,UG/M3,1 Hr,Valid
Chisinau,PM2.5 - Principal,2022-07-12 05:00 PM,2022,07,12,17,9.9,41,Good,9.0,UG/M3,1 Hr,Valid
Chisinau,PM2.5 - Principal,2022-07-12 06:00 PM,2022,07,12,18,9.4,39,Good,9.0,UG/M3,1 Hr,Valid
Chisinau,PM2.5 - Principal,2022-07-12 07:00 PM,2022,07,12,19,8.3,35,Good,7.0,UG/M3,1 Hr,Valid
Chisinau,PM2.5 - Principal,2022-07-12 08:00 PM,2022,07,12,20,10.0,42,Good,12.0,UG/M3,1 Hr,Valid
Chisinau,PM2.5 - Principal,2022-07-12 09:00 PM,2022,07,12,21,11.4,48,Good,13.0,UG/M3,1 Hr,Valid
Chisinau,PM2.5 - Principal,2022-07-12 10:00 PM,2022,07,12,22,10.7,45,Good,10.0,UG/M3,1 Hr,Valid
Chisinau,PM2.5 - Principal,2022-07-12 11:00 PM,2022,07,12,23,12.3,51,Moderate,14.0,UG/M3,1 Hr,Valid
Chisinau,PM2.5 - Principal,2022-07-13 12:00 AM,2022,07,13,00,14.6,56,Moderate,17.0,UG/M3,1 Hr,Valid
Chisinau,PM2.5 - Principal,2022-07-13 01:00 AM,2022,07,13,01,13.3,54,Moderate,12.0,UG/M3,1 Hr,Valid
Chisinau,PM2.5 - Principal,2022-07-13 02:00 AM,2022,07,13,02,15.6,58,Moderate,18.0,UG/M3,1 Hr,Valid
Chisinau,PM2.5 - Principal,2022-07-13 03:00 AM,2022,07,13,03,14.8,57,Moderate,14.0,UG/M3,1 Hr,Valid
Chisinau,PM2.5 - Principal,2022-07-13 04:00 AM,2022,07,13,04,14.9,57,Moderate,15.0,UG/M3,1 Hr,Valid
Chisinau,PM2.5 - Principal,2022-07-13 05:00 AM,2022,07,13,05,13.9,55,Moderate,13.0,UG/M3,1 Hr,Valid
Chisinau,PM2.5 - Principal,2022-07-13 06:00 AM,2022,07,13,06,13.9,55,Moderate,14.0,UG/M3,1 Hr,Valid
Chisinau,PM2.5 - Principal,2022-07-13 07:00 AM,2022,07,13,07,12.6,52,Moderate,11.0,UG/M3,1 Hr,Valid
Chisinau,PM2.5 - Principal,2022-07-13 08:00 AM,2022,07,13,08,12.3,51,Moderate,12.0,UG/M3,1 Hr,Valid
Chisinau,PM2.5 - Principal,2022-07-13 09:00 AM,2022,07,13,09,15.4,58,Moderate,19.0,UG/M3,1 Hr,Valid
Chisinau,PM2.5 - Principal,2022-07-13 10:00 AM,2022,07,13,10,11.8,49,Good,8.0,UG/M3,1 Hr,Valid
Chisinau,PM2.5 - Principal,2022-07-13 11:00 AM,2022,07,13,11,9.9,41,Good,8.0,UG/M3,1 Hr,Valid
Chisinau,PM2.5 - Principal,2022-07-13 12:00 PM,2022,07,13,12,8.4,35,Good,7.0,UG/M3,1 Hr,Valid
Chisinau,PM2.5 - Principal,2022-07-13 01:00 PM,2022,07,13,13,7.7,32,Good,7.0,UG/M3,1 Hr,Valid
Chisinau,PM2.5 - Principal,2022-07-13 02:00 PM,2022,07,13,14,7.8,33,Good,8.0,UG/M3,1 Hr,Valid
Chisinau,PM2.5 - Principal,2022-07-13 03:00 PM,2022,07,13,15,8.4,35,Good,9.0,UG/M3,1 Hr,Valid
Chisinau,PM2.5 - Principal,2022-07-13 04:00 PM,2022,07,13,16,9.7,40,Good,11.0,UG/M3,1 Hr,Valid
Chisinau,PM2.5 - Principal,2022-07-13 05:00 PM,2022,07,13,17,9.3,39,Good,9.0,UG/M3,1 Hr,Valid
Chisinau,PM2.5 - Principal,2022-07-13 06:00 PM,2022,07,13,18,10.6,44,Good,12.0,UG/M3,1 Hr,Valid
Chisinau,PM2.5 - Principal,2022-07-13 07:00 PM,2022,07,13,19,12.8,52,Moderate,15.0,UG/M3,1 Hr,Valid
Chisinau,PM2.5 - Principal,2022-07-13 08:00 PM,2022,07,13,20,10.9,45,Good,9.0,UG/M3,1 Hr,Valid
Chisinau,PM2.5 - Principal,2022-07-13 09:00 PM,2022,07,13,21,12.9,53,Moderate,15.0,UG/M3,1 Hr,Valid
Chisinau,PM2.5 - Principal,2022-07-13 10:00 PM,2022,07,13,22,10.9,45,Good,9.0,UG/M3,1 Hr,Valid
Chisinau,PM2.5 - Principal,2022-07-13 11:00 PM,2022,07,13,23,11.4,48,Good,12.0,UG/M3,1 Hr,Valid
Chisinau,PM2.5 - Principal,2022-07-14 12:00 AM,2022,07,14,00,12.7,52,Moderate,14.0,UG/M3,1 Hr,Valid
Chisinau,PM2.5 - Principal,2022-07-14 01:00 AM,2022,07,14,01,13.7,54,Moderate,15.0,UG/M3,1 Hr,Valid
Chisinau,PM2.5 - Principal,2022-07-14 02:00 AM,2022,07,14,02,11.0,46,Good,8.0,UG/M3,1 Hr,Valid
Chisinau,PM2.5 - Principal,2022-07-14 03:00 AM,2022,07,14,03,11.9,50,Good,13.0,UG/M3,1 Hr,Valid
Chisinau,PM2.5 - Principal,2022-07-14 04:00 AM,2022,07,14,04,12.4,52,Moderate,13.0,UG/M3,1 Hr,Valid
Chisinau,PM2.5 - Principal,2022-07-14 05:00 AM,2022,07,14,05,11.7,49,Good,11.0,UG/M3,1 Hr,Valid
Chisinau,PM2.5 - Principal,2022-07-14 06:00 AM,2022,07,14,06,12.3,51,Moderate,13.0,UG/M3,1 Hr,Valid
Chisinau,PM2.5 - Principal,2022-07-14 07:00 AM,2022,07,14,07,12.1,51,Moderate,12.0,UG/M3,1 Hr,Valid
Chisinau,PM2.5 - Principal,2022-07-14 08:00 AM,2022,07,14,08,10.6,44,Good,9.0,UG/M3,1 Hr,Valid
Chisinau,PM2.5 - Principal,2022-07-14 09:00 AM,2022,07,14,09,12.7,52,Moderate,15.0,UG/M3,1 Hr,Valid
Chisinau,PM2.5 - Principal,2022-07-14 10:00 AM,2022,07,14,10,10.9,45,Good,9.0,UG/M3,1 Hr,Valid
Chisinau,PM2.5 - Principal,2022-07-14 11:00 AM,2022,07,14,11,10.0,42,Good,9.0,UG/M3,1 Hr,Valid
Chisinau,PM2.5 - Principal,2022-07-14 12:00 PM,2022,07,14,12,12.3,51,Moderate,15.0,UG/M3,1 Hr,Valid
Chisinau,PM2.5 - Principal,2022-07-14 01:00 PM,2022,07,14,13,15.7,59,Moderate,19.0,UG/M3,1 Hr,Valid
Chisinau,PM2.5 - Principal,2022-07-14 02:00 PM,2022,07,14,14,14.3,56,Moderate,13.0,UG/M3,1 Hr,Valid
Chisinau,PM2.5 - Principal,2022-07-14 03:00 PM,2022,07,14,15,14.6,56,Moderate,15.0,UG/M3,1 Hr,Valid
Chisinau,PM2.5 - Principal,2022-07-14 04:00 PM,2022,07,14,16,15.3,58,Moderate,16.0,UG/M3,1 Hr,Valid
Chisinau,PM2.5 - Principal,2022-07-14 05:00 PM,2022,07,14,17,15.6,58,Moderate,16.0,UG/M3,1 Hr,Valid
Chisinau,PM2.5 - Principal,2022-07-14 06:00 PM,2022,07,14,18,14.8,57,Moderate,14.0,UG/M3,1 Hr,Valid
Chisinau,PM2.5 - Principal,2022-07-14 07:00 PM,2022,07,14,19,14.4,56,Moderate,14.0,UG/M3,1 Hr,Valid
Chisinau,PM2.5 - Principal,2022-07-14 08:00 PM,2022,07,14,20,14.2,55,Moderate,14.0,UG/M3,1 Hr,Valid
Chisinau,PM2.5 - Principal,2022-07-14 09:00 PM,2022,07,14,21,16.1,59,Moderate,18.0,UG/M3,1 Hr,Valid
Chisinau,PM2.5 - Principal,2022-07-14 10:00 PM,2022,07,14,22,16.5,60,Moderate,17.0,UG/M3,1 Hr,Valid
Chisinau,PM2.5 - Principal,2022-07-14 11:00 PM,2022,07,14,23,18.0,63,Moderate,21.0,UG/M3,1 Hr,Valid
Chisinau,PM2.5 - Principal,2022-07-15 12:00 AM,2022,07,15,00,18.4,64,Moderate,19.0,UG/M3,1 Hr,Valid
Chisinau,PM2.5 - Principal,2022-07-15 01:00 AM,2022,07,15,01,19.9,67,Moderate,22.0,UG/M3,1 Hr,Valid
Chisinau,PM2.5 - Principal,2022-07-15 02:00 AM,2022,07,15,02,21.0,70,Moderate,23.0,UG/M3,1 Hr,Valid
Chisinau,PM2.5 - Principal,2022-07-15 03:00 AM,2022,07,15,03,22.4,73,Moderate,24.0,UG/M3,1 Hr,Valid
Chisinau,PM2.5 - Principal,2022-07-15 04:00 AM,2022,07,15,04,20.5,69,Moderate,18.0,UG/M3,1 Hr,Valid
Chisinau,PM2.5 - Principal,2022-07-15 05:00 AM,2022,07,15,05,23.6,75,Moderate,27.0,UG/M3,1 Hr,Valid
Chisinau,PM2.5 - Principal,2022-07-15 06:00 AM,2022,07,15,06,22.3,72,Moderate,21.0,UG/M3,1 Hr,Valid
Chisinau,PM2.5 - Principal,2022-07-15 07:00 AM,2022,07,15,07,23.1,74,Moderate,24.0,UG/M3,1 Hr,Valid
Chisinau,PM2.5 - Principal,2022-07-15 08:00 AM,2022,07,15,08,21.8,71,Moderate,20.0,UG/M3,1 Hr,Valid
Chisinau,PM2.5 - Principal,2022-07-15 09:00 AM,2022,07,15,09,24.2,76,Moderate,28.0,UG/M3,1 Hr,Valid
Chisinau,PM2.5 - Principal,2022-07-15 10:00 AM,2022,07,15,10,24.0,76,Moderate,24.0,UG/M3,1 Hr,Valid
Chisinau,PM2.5 - Principal,2022-07-15 11:00 AM,2022,07,15,11,20.7,69,Moderate,16.0,UG/M3,1 Hr,Valid
Chisinau,PM2.5 - Principal,2022-07-15 12:00 PM,2022,07,15,12,15.5,58,Moderate,11.0,UG/M3,1 Hr,Valid
Chisinau,PM2.5 - Principal,2022-07-15 01:00 PM,2022,07,15,13,12.7,52,Moderate,10.0,UG/M3,1 Hr,Valid
Chisinau,PM2.5 - Principal,2022-07-15 02:00 PM,2022,07,15,14,13.3,54,Moderate,14.0,UG/M3,1 Hr,Valid
Chisinau,PM2.5 - Principal,2022-07-15 03:00 PM,2022,07,15,15,13.1,53,Moderate,13.0,UG/M3,1 Hr,Valid
Chisinau,PM2.5 - Principal,2022-07-15 04:00 PM,2022,07,15,16,13.0,53,Moderate,13.0,UG/M3,1 Hr,Valid
Chisinau,PM2.5 - Principal,2022-07-15 05:00 PM,2022,07,15,17,15.0,57,Moderate,17.0,UG/M3,1 Hr,Valid
Chisinau,PM2.5 - Principal,2022-07-15 06:00 PM,2022,07,15,18,15.5,58,Moderate,16.0,UG/M3,1 Hr,Valid
Chisinau,PM2.5 - Principal,2022-07-15 07:00 PM,2022,07,15,19,14.7,56,Moderate,14.0,UG/M3,1 Hr,Valid
Chisinau,PM2.5 - Principal,2022-07-15 08:00 PM,2022,07,15,20,15.3,58,Moderate,16.0,UG/M3,1 Hr,Valid
Chisinau,PM2.5 - Principal,2022-07-15 09:00 PM,2022,07,15,21,15.6,58,Moderate,16.0,UG/M3,1 Hr,Valid
Chisinau,PM2.5 - Principal,2022-07-15 10:00 PM,2022,07,15,22,15.3,58,Moderate,15.0,UG/M3,1 Hr,Valid
Chisinau,PM2.5 - Principal,2022-07-15 11:00 PM,2022,07,15,23,15.1,57,Moderate,15.0,UG/M3,1 Hr,Valid
Chisinau,PM2.5 - Principal,2022-07-16 12:00 AM,2022,07,16,00,15.5,58,Moderate,16.0,UG/M3,1 Hr,Valid
Chisinau,PM2.5 - Principal,2022-07-16 01:00 AM,2022,07,16,01,15.0,57,Moderate,14.0,UG/M3,1 Hr,Valid
Chisinau,PM2.5 - Principal,2022-07-16 02:00 AM,2022,07,16,02,15.8,59,Moderate,18.0,UG/M3,1 Hr,Valid
Chisinau,PM2.5 - Principal,2022-07-16 03:00 AM,2022,07,16,03,15.9,59,Moderate,16.0,UG/M3,1 Hr,Valid
Chisinau,PM2.5 - Principal,2022-07-16 04:00 AM,2022,07,16,04,15.4,58,Moderate,14.0,UG/M3,1 Hr,Valid
Chisinau,PM2.5 - Principal,2022-07-16 05:00 AM,2022,07,16,05,15.3,58,Moderate,15.0,UG/M3,1 Hr,Valid
Chisinau,PM2.5 - Principal,2022-07-16 06:00 AM,2022,07,16,06,15.2,58,Moderate,15.0,UG/M3,1 Hr,Valid
Chisinau,PM2.5 - Principal,2022-07-16 07:00 AM,2022,07,16,07,13.5,54,Moderate,11.0,UG/M3,1 Hr,Valid
Chisinau,PM2.5 - Principal,2022-07-16 08:00 AM,2022,07,16,08,14.0,55,Moderate,15.0,UG/M3,1 Hr,Valid
Chisinau,PM2.5 - Principal,2022-07-16 09:00 AM,2022,07,16,09,14.8,57,Moderate,16.0,UG/M3,1 Hr,Valid
Chisinau,PM2.5 - Principal,2022-07-16 10:00 AM,2022,07,16,10,14.1,55,Moderate,13.0,UG/M3,1 Hr,Valid
Chisinau,PM2.5 - Principal,2022-07-16 11:00 AM,2022,07,16,11,13.6,54,Moderate,13.0,UG/M3,1 Hr,Valid
Chisinau,PM2.5 - Principal,2022-07-16 12:00 PM,2022,07,16,12,13.0,53,Moderate,12.0,UG/M3,1 Hr,Valid
Chisinau,PM2.5 - Principal,2022-07-16 01:00 PM,2022,07,16,13,13.0,53,Moderate,13.0,UG/M3,1 Hr,Valid
Chisinau,PM2.5 - Principal,2022-07-16 02:00 PM,2022,07,16,14,13.7,54,Moderate,15.0,UG/M3,1 Hr,Valid
Chisinau,PM2.5 - Principal,2022-07-16 03:00 PM,2022,07,16,15,13.8,55,Moderate,14.0,UG/M3,1 Hr,Valid
Chisinau,PM2.5 - Principal,2022-07-16 04:00 PM,2022,07,16,16,13.2,53,Moderate,12.0,UG/M3,1 Hr,Valid
Chisinau,PM2.5 - Principal,2022-07-16 05:00 PM,2022,07,16,17,13.4,54,Moderate,14.0,UG/M3,1 Hr,Valid
Chisinau,PM2.5 - Principal,2022-07-16 06:00 PM,2022,07,16,18,13.6,54,Moderate,14.0,UG/M3,1 Hr,Valid
Chisinau,PM2.5 - Principal,2022-07-16 07:00 PM,2022,07,16,19,14.6,56,Moderate,17.0,UG/M3,1 Hr,Valid
Chisinau,PM2.5 - Principal,2022-07-16 08:00 PM,2022,07,16,20,14.7,56,Moderate,15.0,UG/M3,1 Hr,Valid
Chisinau,PM2.5 - Principal,2022-07-16 09:00 PM,2022,07,16,21,14.8,57,Moderate,15.0,UG/M3,1 Hr,Valid
Chisinau,PM2.5 - Principal,2022-07-16 10:00 PM,2022,07,16,22,15.4,58,Moderate,17.0,UG/M3,1 Hr,Valid
Chisinau,PM2.5 - Principal,2022-07-16 11:00 PM,2022,07,16,23,14.4,56,Moderate,12.0,UG/M3,1 Hr,Valid
Chisinau,PM2.5 - Principal,2022-07-17 12:00 AM,2022,07,17,00,14.3,56,Moderate,14.0,UG/M3,1 Hr,Valid
Chisinau,PM2.5 - Principal,2022-07-17 01:00 AM,2022,07,17,01,15.5,58,Moderate,18.0,UG/M3,1 Hr,Valid
Chisinau,PM2.5 - Principal,2022-07-17 02:00 AM,2022,07,17,02,15.3,58,Moderate,15.0,UG/M3,1 Hr,Valid
Chisinau,PM2.5 - Principal,2022-07-17 03:00 AM,2022,07,17,03,15.2,58,Moderate,15.0,UG/M3,1 Hr,Valid
Chisinau,PM2.5 - Principal,2022-07-17 04:00 AM,2022,07,17,04,12.9,53,Moderate,10.0,UG/M3,1 Hr,Valid
Chisinau,PM2.5 - Principal,2022-07-17 05:00 AM,2022,07,17,05,12.5,52,Moderate,12.0,UG/M3,1 Hr,Valid
Chisinau,PM2.5 - Principal,2022-07-17 06:00 AM,2022,07,17,06,14.9,57,Moderate,18.0,UG/M3,1 Hr,Valid
Chisinau,PM2.5 - Principal,2022-07-17 07:00 AM,2022,07,17,07,11.5,48,Good,8.0,UG/M3,1 Hr,Valid
Chisinau,PM2.5 - Principal,2022-07-17 08:00 AM,2022,07,17,08,11.2,47,Good,11.0,UG/M3,1 Hr,Valid
Chisinau,PM2.5 - Principal,2022-07-17 09:00 AM,2022,07,17,09,13.1,53,Moderate,15.0,UG/M3,1 Hr,Valid
Chisinau,PM2.5 - Principal,2022-07-17 10:00 AM,2022,07,17,10,12.5,52,Moderate,12.0,UG/M3,1 Hr,Valid
Chisinau,PM2.5 - Principal,2022-07-17 11:00 AM,2022,07,17,11,13.7,54,Moderate,15.0,UG/M3,1 Hr,Valid
Chisinau,PM2.5 - Principal,2022-07-17 12:00 PM,2022,07,17,12,13.3,54,Moderate,13.0,UG/M3,1 Hr,Valid
Chisinau,PM2.5 - Principal,2022-07-17 01:00 PM,2022,07,17,13,13.1,53,Moderate,13.0,UG/M3,1 Hr,Valid
Chisinau,PM2.5 - Principal,2022-07-17 02:00 PM,2022,07,17,14,12.0,50,Good,11.0,UG/M3,1 Hr,Valid
Chisinau,PM2.5 - Principal,2022-07-17 03:00 PM,2022,07,17,15,11.5,48,Good,11.0,UG/M3,1 Hr,Valid
Chisinau,PM2.5 - Principal,2022-07-17 04:00 PM,2022,07,17,16,10.7,45,Good,10.0,UG/M3,1 Hr,Valid
Chisinau,PM2.5 - Principal,2022-07-17 05:00 PM,2022,07,17,17,9.3,39,Good,8.0,UG/M3,1 Hr,Valid
Chisinau,PM2.5 - Principal,2022-07-17 06:00 PM,2022,07,17,18,11.1,46,Good,13.0,UG/M3,1 Hr,Valid
Chisinau,PM2.5 - Principal,2022-07-17 07:00 PM,2022,07,17,19,10.1,42,Good,9.0,UG/M3,1 Hr,Valid
Chisinau,PM2.5 - Principal,2022-07-17 08:00 PM,2022,07,17,20,10.5,44,Good,11.0,UG/M3,1 Hr,Valid
Chisinau,PM2.5 - Principal,2022-07-17 09:00 PM,2022,07,17,21,11.2,47,Good,12.0,UG/M3,1 Hr,Valid
Chisinau,PM2.5 - Principal,2022-07-17 10:00 PM,2022,07,17,22,12.5,52,Moderate,14.0,UG/M3,1 Hr,Valid
Chisinau,PM2.5 - Principal,2022-07-17 11:00 PM,2022,07,17,23,13.6,54,Moderate,15.0,UG/M3,1 Hr,Valid
Chisinau,PM2.5 - Principal,2022-07-18 12:00 AM,2022,07,18,00,11.4,48,Good,9.0,UG/M3,1 Hr,Valid
Chisinau,PM2.5 - Principal,2022-07-18 01:00 AM,2022,07,18,01,11.2,47,Good,11.0,UG/M3,1 Hr,Valid
Chisinau,PM2.5 - Principal,2022-07-18 02:00 AM,2022,07,18,02,11.1,46,Good,11.0,UG/M3,1 Hr,Valid
Chisinau,PM2.5 - Principal,2022-07-18 03:00 AM,2022,07,18,03,10.1,42,Good,9.0,UG/M3,1 Hr,Valid
Chisinau,PM2.5 - Principal,2022-07-18 04:00 AM,2022,07,18,04,10.5,44,Good,11.0,UG/M3,1 Hr,Valid
Chisinau,PM2.5 - Principal,2022-07-18 05:00 AM,2022,07,18,05,11.9,50,Good,14.0,UG/M3,1 Hr,Valid
Chisinau,PM2.5 - Principal,2022-07-18 06:00 AM,2022,07,18,06,12.3,51,Moderate,13.0,UG/M3,1 Hr,Valid
Chisinau,PM2.5 - Principal,2022-07-18 07:00 AM,2022,07,18,07,11.4,48,Good,10.0,UG/M3,1 Hr,Valid
Chisinau,PM2.5 - Principal,2022-07-18 08:00 AM,2022,07,18,08,11.2,47,Good,11.0,UG/M3,1 Hr,Valid
Chisinau,PM2.5 - Principal,2022-07-18 09:00 AM,2022,07,18,09,11.5,48,Good,12.0,UG/M3,1 Hr,Valid
Chisinau,PM2.5 - Principal,2022-07-18 10:00 AM,2022,07,18,10,10.5,44,Good,9.0,UG/M3,1 Hr,Valid
Chisinau,PM2.5 - Principal,2022-07-18 11:00 AM,2022,07,18,11,10.0,42,Good,9.0,UG/M3,1 Hr,Valid
Chisinau,PM2.5 - Principal,2022-07-18 12:00 PM,2022,07,18,12,9.0,38,Good,8.0,UG/M3,1 Hr,Valid
Chisinau,PM2.5 - Principal,2022-07-18 01:00 PM,2022,07,18,13,9.4,39,Good,10.0,UG/M3,1 Hr,Valid
Chisinau,PM2.5 - Principal,2022-07-18 02:00 PM,2022,07,18,14,8.2,34,Good,7.0,UG/M3,1 Hr,Valid
Chisinau,PM2.5 - Principal,2022-07-18 03:00 PM,2022,07,18,15,8.1,34,Good,8.0,UG/M3,1 Hr,Valid
Chisinau,PM2.5 - Principal,2022-07-18 04:00 PM,2022,07,18,16,7.5,31,Good,7.0,UG/M3,1 Hr,Valid
Chisinau,PM2.5 - Principal,2022-07-18 05:00 PM,2022,07,18,17,8.2,34,Good,9.0,UG/M3,1 Hr,Valid
Chisinau,PM2.5 - Principal,2022-07-18 06:00 PM,2022,07,18,18,10.4,43,Good,13.0,UG/M3,1 Hr,Valid
Chisinau,PM2.5 - Principal,2022-07-18 07:00 PM,2022,07,18,19,10.2,43,Good,10.0,UG/M3,1 Hr,Valid
Chisinau,PM2.5 - Principal,2022-07-18 08:00 PM,2022,07,18,20,10.1,42,Good,10.0,UG/M3,1 Hr,Valid
Chisinau,PM2.5 - Principal,2022-07-18 09:00 PM,2022,07,18,21,10.5,44,Good,11.0,UG/M3,1 Hr,Valid
Chisinau,PM2.5 - Principal,2022-07-18 10:00 PM,2022,07,18,22,9.8,41,Good,9.0,UG/M3,1 Hr,Valid
Chisinau,PM2.5 - Principal,2022-07-18 11:00 PM,2022,07,18,23,12.3,51,Moderate,15.0,UG/M3,1 Hr,Valid
Chisinau,PM2.5 - Principal,2022-07-19 12:00 AM,2022,07,19,00,12.6,52,Moderate,13.0,UG/M3,1 Hr,Valid
Chisinau,PM2.5 - Principal,2022-07-19 01:00 AM,2022,07,19,01,12.3,51,Moderate,12.0,UG/M3,1 Hr,Valid
Chisinau,PM2.5 - Principal,2022-07-19 02:00 AM,2022,07,19,02,14.6,56,Moderate,17.0,UG/M3,1 Hr,Valid
Chisinau,PM2.5 - Principal,2022-07-19 03:00 AM,2022,07,19,03,14.3,56,Moderate,14.0,UG/M3,1 Hr,Valid
Chisinau,PM2.5 - Principal,2022-07-19 04:00 AM,2022,07,19,04,14.1,55,Moderate,14.0,UG/M3,1 Hr,Valid
Chisinau,PM2.5 - Principal,2022-07-19 05:00 AM,2022,07,19,05,12.6,52,Moderate,11.0,UG/M3,1 Hr,Valid
Chisinau,PM2.5 - Principal,2022-07-19 06:00 AM,2022,07,19,06,12.8,52,Moderate,13.0,UG/M3,1 Hr,Valid
Chisinau,PM2.5 - Principal,2022-07-19 07:00 AM,2022,07,19,07,12.9,53,Moderate,13.0,UG/M3,1 Hr,Valid
Chisinau,PM2.5 - Principal,2022-07-19 08:00 AM,2022,07,19,08,13.4,54,Moderate,14.0,UG/M3,1 Hr,Valid
Chisinau,PM2.5 - Principal,2022-07-19 09:00 AM,2022,07,19,09,12.2,51,Moderate,11.0,UG/M3,1 Hr,Valid
Chisinau,PM2.5 - Principal,2022-07-19 10:00 AM,2022,07,19,10,12.6,52,Moderate,13.0,UG/M3,1 Hr,Valid
Chisinau,PM2.5 - Principal,2022-07-19 11:00 AM,2022,07,19,11,12.7,52,Moderate,13.0,UG/M3,1 Hr,Valid
Chisinau,PM2.5 - Principal,2022-07-19 12:00 PM,2022,07,19,12,11.0,46,Good,9.0,UG/M3,1 Hr,Valid
Chisinau,PM2.5 - Principal,2022-07-19 01:00 PM,2022,07,19,13,12.4,52,Moderate,14.0,UG/M3,1 Hr,Valid
Chisinau,PM2.5 - Principal,2022-07-19 02:00 PM,2022,07,19,14,11.5,48,Good,10.0,UG/M3,1 Hr,Valid
Chisinau,PM2.5 - Principal,2022-07-19 03:00 PM,2022,07,19,15,12.0,50,Good,13.0,UG/M3,1 Hr,Valid
Chisinau,PM2.5 - Principal,2022-07-19 04:00 PM,2022,07,19,16,11.6,48,Good,11.0,UG/M3,1 Hr,Valid
Chisinau,PM2.5 - Principal,2022-07-19 05:00 PM,2022,07,19,17,11.0,46,Good,10.0,UG/M3,1 Hr,Valid
Chisinau,PM2.5 - Principal,2022-07-19 06:00 PM,2022,07,19,18,12.5,52,Moderate,15.0,UG/M3,1 Hr,Valid
Chisinau,PM2.5 - Principal,2022-07-19 07:00 PM,2022,07,19,19,13.5,54,Moderate,15.0,UG/M3,1 Hr,Valid
Chisinau,PM2.5 - Principal,2022-07-19 08:00 PM,2022,07,19,20,14.7,56,Moderate,16.0,UG/M3,1 Hr,Valid
Chisinau,PM2.5 - Principal,2022-07-19 09:00 PM,2022,07,19,21,14.4,56,Moderate,14.0,UG/M3,1 Hr,Valid
Chisinau,PM2.5 - Principal,2022-07-19 10:00 PM,2022,07,19,22,15.6,58,Moderate,17.0,UG/M3,1 Hr,Valid
Chisinau,PM2.5 - Principal,2022-07-19 11:00 PM,2022,07,19,23,16.8,61,Moderate,18.0,UG/M3,1 Hr,Valid
Chisinau,PM2.5 - Principal,2022-07-20 12:00 AM,2022,07,20,00,16.8,61,Moderate,17.0,UG/M3,1 Hr,Valid
Chisinau,PM2.5 - Principal,2022-07-20 01:00 AM,2022,07,20,01,17.3,62,Moderate,18.0,UG/M3,1 Hr,Valid
Chisinau,PM2.5 - Principal,2022-07-20 02:00 AM,2022,07,20,02,17.1,62,Moderate,17.0,UG/M3,1 Hr,Valid
Chisinau,PM2.5 - Principal,2022-07-20 03:00 AM,2022,07,20,03,17.1,62,Moderate,17.0,UG/M3,1 Hr,Valid
Chisinau,PM2.5 - Principal,2022-07-20 04:00 AM,2022,07,20,04,15.7,59,Moderate,14.0,UG/M3,1 Hr,Valid
Chisinau,PM2.5 - Principal,2022-07-20 05:00 AM,2022,07,20,05,15.7,59,Moderate,14.0,UG/M3,1 Hr,Valid
Chisinau,PM2.5 - Principal,2022-07-20 06:00 AM,2022,07,20,06,15.3,58,Moderate,14.0,UG/M3,1 Hr,Valid
Chisinau,PM2.5 - Principal,2022-07-20 07:00 AM,2022,07,20,07,14.5,56,Moderate,13.0,UG/M3,1 Hr,Valid
Chisinau,PM2.5 - Principal,2022-07-20 08:00 AM,2022,07,20,08,15.8,59,Moderate,19.0,UG/M3,1 Hr,Valid
Chisinau,PM2.5 - Principal,2022-07-20 09:00 AM,2022,07,20,09,15.5,58,Moderate,15.0,UG/M3,1 Hr,Valid
Chisinau,PM2.5 - Principal,2022-07-20 10:00 AM,2022,07,20,10,14.7,56,Moderate,13.0,UG/M3,1 Hr,Valid
Chisinau,PM2.5 - Principal,2022-07-20 11:00 AM,2022,07,20,11,14.1,55,Moderate,13.0,UG/M3,1 Hr,Valid
Chisinau,PM2.5 - Principal,2022-07-20 12:00 PM,2022,07,20,12,14.1,55,Moderate,14.0,UG/M3,1 Hr,Valid
Chisinau,PM2.5 - Principal,2022-07-20 01:00 PM,2022,07,20,13,14.3,56,Moderate,15.0,UG/M3,1 Hr,Valid
Chisinau,PM2.5 - Principal,2022-07-20 02:00 PM,2022,07,20,14,13.9,55,Moderate,13.0,UG/M3,1 Hr,Valid
Chisinau,PM2.5 - Principal,2022-07-20 03:00 PM,2022,07,20,15,13.1,53,Moderate,12.0,UG/M3,1 Hr,Valid
Chisinau,PM2.5 - Principal,2022-07-20 04:00 PM,2022,07,20,16,11.5,48,Good,10.0,UG/M3,1 Hr,Valid
Chisinau,PM2.5 - Principal,2022-07-20 05:00 PM,2022,07,20,17,13.1,53,Moderate,15.0,UG/M3,1 Hr,Valid
Chisinau,PM2.5 - Principal,2022-07-20 06:00 PM,2022,07,20,18,13.0,53,Moderate,13.0,UG/M3,1 Hr,Valid
Chisinau,PM2.5 - Principal,2022-07-20 07:00 PM,2022,07,20,19,13.9,55,Moderate,15.0,UG/M3,1 Hr,Valid
Chisinau,PM2.5 - Principal,2022-07-20 08:00 PM,2022,07,20,20,13.4,54,Moderate,13.0,UG/M3,1 Hr,Valid
Chisinau,PM2.5 - Principal,2022-07-20 09:00 PM,2022,07,20,21,13.3,54,Moderate,13.0,UG/M3,1 Hr,Valid
Chisinau,PM2.5 - Principal,2022-07-20 10:00 PM,2022,07,20,22,13.2,53,Moderate,13.0,UG/M3,1 Hr,Valid
Chisinau,PM2.5 - Principal,2022-07-20 11:00 PM,2022,07,20,23,17.0,61,Moderate,21.0,UG/M3,1 Hr,Valid
Chisinau,PM2.5 - Principal,2022-07-21 12:00 AM,2022,07,21,00,17.5,62,Moderate,18.0,UG/M3,1 Hr,Valid
Chisinau,PM2.5 - Principal,2022-07-21 01:00 AM,2022,07,21,01,19.2,66,Moderate,21.0,UG/M3,1 Hr,Valid
Chisinau,PM2.5 - Principal,2022-07-21 02:00 AM,2022,07,21,02,17.1,62,Moderate,15.0,UG/M3,1 Hr,Valid
Chisinau,PM2.5 - Principal,2022-07-21 03:00 AM,2022,07,21,03,17.0,61,Moderate,17.0,UG/M3,1 Hr,Valid
Chisinau,PM2.5 - Principal,2022-07-21 04:00 AM,2022,07,21,04,16.6,60,Moderate,16.0,UG/M3,1 Hr,Valid
Chisinau,PM2.5 - Principal,2022-07-21 05:00 AM,2022,07,21,05,16.0,59,Moderate,15.0,UG/M3,1 Hr,Valid
Chisinau,PM2.5 - Principal,2022-07-21 06:00 AM,2022,07,21,06,15.2,58,Moderate,14.0,UG/M3,1 Hr,Valid
Chisinau,PM2.5 - Principal,2022-07-21 07:00 AM,2022,07,21,07,16.3,60,Moderate,18.0,UG/M3,1 Hr,Valid
Chisinau,PM2.5 - Principal,2022-07-21 08:00 AM,2022,07,21,08,15.8,59,Moderate,15.0,UG/M3,1 Hr,Valid
Chisinau,PM2.5 - Principal,2022-07-21 09:00 AM,2022,07,21,09,15.1,57,Moderate,14.0,UG/M3,1 Hr,Valid
Chisinau,PM2.5 - Principal,2022-07-21 10:00 AM,2022,07,21,10,14.3,56,Moderate,13.0,UG/M3,1 Hr,Valid
Chisinau,PM2.5 - Principal,2022-07-21 11:00 AM,2022,07,21,11,14.5,56,Moderate,15.0,UG/M3,1 Hr,Valid
Chisinau,PM2.5 - Principal,2022-07-21 12:00 PM,2022,07,21,12,13.9,55,Moderate,13.0,UG/M3,1 Hr,Valid
Chisinau,PM2.5 - Principal,2022-07-21 01:00 PM,2022,07,21,13,13.8,55,Moderate,13.0,UG/M3,1 Hr,Valid
Chisinau,PM2.5 - Principal,2022-07-21 02:00 PM,2022,07,21,14,13.1,53,Moderate,12.0,UG/M3,1 Hr,Valid
Chisinau,PM2.5 - Principal,2022-07-21 03:00 PM,2022,07,21,15,10.8,45,Good,9.0,UG/M3,1 Hr,Valid
Chisinau,PM2.5 - Principal,2022-07-21 04:00 PM,2022,07,21,16,10.4,43,Good,10.0,UG/M3,1 Hr,Valid
Chisinau,PM2.5 - Principal,2022-07-21 05:00 PM,2022,07,21,17,8.7,36,Good,7.0,UG/M3,1 Hr,Valid
Chisinau,PM2.5 - Principal,2022-07-21 06:00 PM,2022,07,21,18,10.3,43,Good,12.0,UG/M3,1 Hr,Valid
Chisinau,PM2.5 - Principal,2022-07-21 07:00 PM,2022,07,21,19,10.6,44,Good,11.0,UG/M3,1 Hr,Valid
Chisinau,PM2.5 - Principal,2022-07-21 08:00 PM,2022,07,21,20,9.8,41,Good,9.0,UG/M3,1 Hr,Valid
Chisinau,PM2.5 - Principal,2022-07-21 09:00 PM,2022,07,21,21,9.9,41,Good,10.0,UG/M3,1 Hr,Valid
Chisinau,PM2.5 - Principal,2022-07-21 10:00 PM,2022,07,21,22,12.9,53,Moderate,16.0,UG/M3,1 Hr,Valid
Chisinau,PM2.5 - Principal,2022-07-21 11:00 PM,2022,07,21,23,11.4,48,Good,10.0,UG/M3,1 Hr,Valid
Chisinau,PM2.5 - Principal,2022-07-22 12:00 AM,2022,07,22,00,13.7,54,Moderate,16.0,UG/M3,1 Hr,Valid
Chisinau,PM2.5 - Principal,2022-07-22 01:00 AM,2022,07,22,01,12.8,52,Moderate,12.0,UG/M3,1 Hr,Valid
Chisinau,PM2.5 - Principal,2022-07-22 02:00 AM,2022,07,22,02,12.9,53,Moderate,13.0,UG/M3,1 Hr,Valid
Chisinau,PM2.5 - Principal,2022-07-22 03:00 AM,2022,07,22,03,16.4,60,Moderate,20.0,UG/M3,1 Hr,Valid
Chisinau,PM2.5 - Principal,2022-07-22 04:00 AM,2022,07,22,04,13.7,54,Moderate,11.0,UG/M3,1 Hr,Valid
Chisinau,PM2.5 - Principal,2022-07-22 05:00 AM,2022,07,22,05,14.8,57,Moderate,16.0,UG/M3,1 Hr,Valid
Chisinau,PM2.5 - Principal,2022-07-22 06:00 AM,2022,07,22,06,11.9,50,Good,9.0,UG/M3,1 Hr,Valid
Chisinau,PM2.5 - Principal,2022-07-22 07:00 AM,2022,07,22,07,12.9,53,Moderate,14.0,UG/M3,1 Hr,Valid
Chisinau,PM2.5 - Principal,2022-07-22 08:00 AM,2022,07,22,08,12.9,53,Moderate,13.0,UG/M3,1 Hr,Valid
Chisinau,PM2.5 - Principal,2022-07-22 09:00 AM,2022,07,22,09,12.9,53,Moderate,13.0,UG/M3,1 Hr,Valid
Chisinau,PM2.5 - Principal,2022-07-22 10:00 AM,2022,07,22,10,12.9,53,Moderate,13.0,UG/M3,1 Hr,Valid
Chisinau,PM2.5 - Principal,2022-07-22 11:00 AM,2022,07,22,11,12.9,53,Moderate,13.0,UG/M3,1 Hr,Valid
Chisinau,PM2.5 - Principal,2022-07-22 12:00 PM,2022,07,22,12,16.9,61,Moderate,21.0,UG/M3,1 Hr,Valid
Chisinau,PM2.5 - Principal,2022-07-22 01:00 PM,2022,07,22,13,16.5,60,Moderate,16.0,UG/M3,1 Hr,Valid
Chisinau,PM2.5 - Principal,2022-07-22 02:00 PM,2022,07,22,14,14.7,56,Moderate,13.0,UG/M3,1 Hr,Valid
Chisinau,PM2.5 - Principal,2022-07-22 03:00 PM,2022,07,22,15,14.3,56,Moderate,14.0,UG/M3,1 Hr,Valid
Chisinau,PM2.5 - Principal,2022-07-22 04:00 PM,2022,07,22,16,13.6,54,Moderate,13.0,UG/M3,1 Hr,Valid
Chisinau,PM2.5 - Principal,2022-07-22 05:00 PM,2022,07,22,17,13.8,55,Moderate,14.0,UG/M3,1 Hr,Valid
Chisinau,PM2.5 - Principal,2022-07-22 06:00 PM,2022,07,22,18,14.7,56,Moderate,16.0,UG/M3,1 Hr,Valid
Chisinau,PM2.5 - Principal,2022-07-22 07:00 PM,2022,07,22,19,13.0,53,Moderate,11.0,UG/M3,1 Hr,Valid
Chisinau,PM2.5 - Principal,2022-07-22 08:00 PM,2022,07,22,20,13.9,55,Moderate,15.0,UG/M3,1 Hr,Valid
Chisinau,PM2.5 - Principal,2022-07-22 09:00 PM,2022,07,22,21,13.0,53,Moderate,12.0,UG/M3,1 Hr,Valid
Chisinau,PM2.5 - Principal,2022-07-22 10:00 PM,2022,07,22,22,12.5,52,Moderate,12.0,UG/M3,1 Hr,Valid
Chisinau,PM2.5 - Principal,2022-07-22 11:00 PM,2022,07,22,23,13.7,54,Moderate,15.0,UG/M3,1 Hr,Valid
Chisinau,PM2.5 - Principal,2022-07-23 12:00 AM,2022,07,23,00,14.7,56,Moderate,17.0,UG/M3,1 Hr,Valid
Chisinau,PM2.5 - Principal,2022-07-23 01:00 AM,2022,07,23,01,18.6,65,Moderate,22.0,UG/M3,1 Hr,Valid
Chisinau,PM2.5 - Principal,2022-07-23 02:00 AM,2022,07,23,02,17.8,63,Moderate,17.0,UG/M3,1 Hr,Valid
Chisinau,PM2.5 - Principal,2022-07-23 03:00 AM,2022,07,23,03,17.4,62,Moderate,17.0,UG/M3,1 Hr,Valid
Chisinau,PM2.5 - Principal,2022-07-23 04:00 AM,2022,07,23,04,16.2,60,Moderate,15.0,UG/M3,1 Hr,Valid
Chisinau,PM2.5 - Principal,2022-07-23 05:00 AM,2022,07,23,05,15.6,58,Moderate,15.0,UG/M3,1 Hr,Valid
Chisinau,PM2.5 - Principal,2022-07-23 06:00 AM,2022,07,23,06,14.3,56,Moderate,13.0,UG/M3,1 Hr,Valid
Chisinau,PM2.5 - Principal,2022-07-23 07:00 AM,2022,07,23,07,13.8,55,Moderate,13.0,UG/M3,1 Hr,Valid
Chisinau,PM2.5 - Principal,2022-07-23 08:00 AM,2022,07,23,08,14.8,57,Moderate,16.0,UG/M3,1 Hr,Valid
Chisinau,PM2.5 - Principal,2022-07-23 09:00 AM,2022,07,23,09,14.8,57,Moderate,15.0,UG/M3,1 Hr,Valid
Chisinau,PM2.5 - Principal,2022-07-23 10:00 AM,2022,07,23,10,14.5,56,Moderate,14.0,UG/M3,1 Hr,Valid
Chisinau,PM2.5 - Principal,2022-07-23 11:00 AM,2022,07,23,11,20.7,69,Moderate,27.0,UG/M3,1 Hr,Valid
Chisinau,PM2.5 - Principal,2022-07-23 12:00 PM,2022,07,23,12,17.3,62,Moderate,14.0,UG/M3,1 Hr,Valid
Chisinau,PM2.5 - Principal,2022-07-23 01:00 PM,2022,07,23,13,13.6,54,Moderate,10.0,UG/M3,1 Hr,Valid
Chisinau,PM2.5 - Principal,2022-07-23 02:00 PM,2022,07,23,14,11.8,49,Good,10.0,UG/M3,1 Hr,Valid
Chisinau,PM2.5 - Principal,2022-07-23 03:00 PM,2022,07,23,15,12.4,52,Moderate,13.0,UG/M3,1 Hr,Valid
Chisinau,PM2.5 - Principal,2022-07-23 04:00 PM,2022,07,23,16,10.7,45,Good,9.0,UG/M3,1 Hr,Valid
Chisinau,PM2.5 - Principal,2022-07-23 05:00 PM,2022,07,23,17,10.8,45,Good,11.0,UG/M3,1 Hr,Valid
Chisinau,PM2.5 - Principal,2022-07-23 06:00 PM,2022,07,23,18,11.4,48,Good,12.0,UG/M3,1 Hr,Valid
Chisinau,PM2.5 - Principal,2022-07-23 07:00 PM,2022,07,23,19,11.7,49,Good,12.0,UG/M3,1 Hr,Valid
Chisinau,PM2.5 - Principal,2022-07-23 08:00 PM,2022,07,23,20,11.8,49,Good,12.0,UG/M3,1 Hr,Valid
Chisinau,PM2.5 - Principal,2022-07-23 09:00 PM,2022,07,23,21,12.9,53,Moderate,14.0,UG/M3,1 Hr,Valid
Chisinau,PM2.5 - Principal,2022-07-23 10:00 PM,2022,07,23,22,12.4,52,Moderate,12.0,UG/M3,1 Hr,Valid
Chisinau,PM2.5 - Principal,2022-07-23 11:00 PM,2022,07,23,23,14.5,56,Moderate,17.0,UG/M3,1 Hr,Valid
Chisinau,PM2.5 - Principal,2022-07-24 12:00 AM,2022,07,24,00,18.3,64,Moderate,22.0,UG/M3,1 Hr,Valid
Chisinau,PM2.5 - Principal,2022-07-24 01:00 AM,2022,07,24,01,18.1,64,Moderate,18.0,UG/M3,1 Hr,Valid
Chisinau,PM2.5 - Principal,2022-07-24 02:00 AM,2022,07,24,02,19.0,66,Moderate,20.0,UG/M3,1 Hr,Valid
Chisinau,PM2.5 - Principal,2022-07-24 03:00 AM,2022,07,24,03,17.5,62,Moderate,16.0,UG/M3,1 Hr,Valid
Chisinau,PM2.5 - Principal,2022-07-24 04:00 AM,2022,07,24,04,17.2,62,Moderate,17.0,UG/M3,1 Hr,Valid
Chisinau,PM2.5 - Principal,2022-07-24 05:00 AM,2022,07,24,05,16.7,61,Moderate,16.0,UG/M3,1 Hr,Valid
Chisinau,PM2.5 - Principal,2022-07-24 06:00 AM,2022,07,24,06,15.9,59,Moderate,15.0,UG/M3,1 Hr,Valid
Chisinau,PM2.5 - Principal,2022-07-24 07:00 AM,2022,07,24,07,15.0,57,Moderate,14.0,UG/M3,1 Hr,Valid
Chisinau,PM2.5 - Principal,2022-07-24 08:00 AM,2022,07,24,08,17.3,62,Moderate,20.0,UG/M3,1 Hr,Valid
Chisinau,PM2.5 - Principal,2022-07-24 09:00 AM,2022,07,24,09,17.1,62,Moderate,17.0,UG/M3,1 Hr,Valid
Chisinau,PM2.5 - Principal,2022-07-24 10:00 AM,2022,07,24,10,16.3,60,Moderate,15.0,UG/M3,1 Hr,Valid
Chisinau,PM2.5 - Principal,2022-07-24 11:00 AM,2022,07,24,11,15.4,58,Moderate,14.0,UG/M3,1 Hr,Valid
Chisinau,PM2.5 - Principal,2022-07-24 12:00 PM,2022,07,24,12,15.4,58,Moderate,15.0,UG/M3,1 Hr,Valid
Chisinau,PM2.5 - Principal,2022-07-24 01:00 PM,2022,07,24,13,14.4,56,Moderate,13.0,UG/M3,1 Hr,Valid
Chisinau,PM2.5 - Principal,2022-07-24 02:00 PM,2022,07,24,14,15.3,58,Moderate,17.0,UG/M3,1 Hr,Valid
Chisinau,PM2.5 - Principal,2022-07-24 03:00 PM,2022,07,24,15,14.8,57,Moderate,14.0,UG/M3,1 Hr,Valid
Chisinau,PM2.5 - Principal,2022-07-24 04:00 PM,2022,07,24,16,15.2,58,Moderate,16.0,UG/M3,1 Hr,Valid
Chisinau,PM2.5 - Principal,2022-07-24 05:00 PM,2022,07,24,17,15.8,59,Moderate,17.0,UG/M3,1 Hr,Valid
Chisinau,PM2.5 - Principal,2022-07-24 06:00 PM,2022,07,24,18,16.9,61,Moderate,19.0,UG/M3,1 Hr,Valid
Chisinau,PM2.5 - Principal,2022-07-24 07:00 PM,2022,07,24,19,17.3,62,Moderate,18.0,UG/M3,1 Hr,Valid
Chisinau,PM2.5 - Principal,2022-07-24 08:00 PM,2022,07,24,20,16.4,60,Moderate,15.0,UG/M3,1 Hr,Valid
Chisinau,PM2.5 - Principal,2022-07-24 09:00 PM,2022,07,24,21,16.6,60,Moderate,17.0,UG/M3,1 Hr,Valid
Chisinau,PM2.5 - Principal,2022-07-24 10:00 PM,2022,07,24,22,17.0,61,Moderate,18.0,UG/M3,1 Hr,Valid
Chisinau,PM2.5 - Principal,2022-07-24 11:00 PM,2022,07,24,23,17.3,62,Moderate,18.0,UG/M3,1 Hr,Valid
Chisinau,PM2.5 - Principal,2022-07-25 12:00 AM,2022,07,25,00,16.6,60,Moderate,15.0,UG/M3,1 Hr,Valid
Chisinau,PM2.5 - Principal,2022-07-25 01:00 AM,2022,07,25,01,16.2,60,Moderate,15.0,UG/M3,1 Hr,Valid
Chisinau,PM2.5 - Principal,2022-07-25 02:00 AM,2022,07,25,02,14.5,56,Moderate,12.0,UG/M3,1 Hr,Valid
Chisinau,PM2.5 - Principal,2022-07-25 03:00 AM,2022,07,25,03,14.3,56,Moderate,14.0,UG/M3,1 Hr,Valid
Chisinau,PM2.5 - Principal,2022-07-25 04:00 AM,2022,07,25,04,13.8,55,Moderate,13.0,UG/M3,1 Hr,Valid
Chisinau,PM2.5 - Principal,2022-07-25 05:00 AM,2022,07,25,05,11.2,47,Good,9.0,UG/M3,1 Hr,Valid
Chisinau,PM2.5 - Principal,2022-07-25 06:00 AM,2022,07,25,06,12.1,51,Moderate,13.0,UG/M3,1 Hr,Valid
Chisinau,PM2.5 - Principal,2022-07-25 07:00 AM,2022,07,25,07,13.0,53,Moderate,14.0,UG/M3,1 Hr,Valid
Chisinau,PM2.5 - Principal,2022-07-25 08:00 AM,2022,07,25,08,14.5,56,Moderate,16.0,UG/M3,1 Hr,Valid
Chisinau,PM2.5 - Principal,2022-07-25 09:00 AM,2022,07,25,09,16.2,60,Moderate,18.0,UG/M3,1 Hr,Valid
Chisinau,PM2.5 - Principal,2022-07-25 10:00 AM,2022,07,25,10,15.1,57,Moderate,14.0,UG/M3,1 Hr,Valid
Chisinau,PM2.5 - Principal,2022-07-25 11:00 AM,2022,07,25,11,12.0,50,Good,9.0,UG/M3,1 Hr,Valid
Chisinau,PM2.5 - Principal,2022-07-25 12:00 PM,2022,07,25,12,10.0,42,Good,8.0,UG/M3,1 Hr,Valid
Chisinau,PM2.5 - Principal,2022-07-25 01:00 PM,2022,07,25,13,10.0,42,Good,10.0,UG/M3,1 Hr,Valid
Chisinau,PM2.5 - Principal,2022-07-25 02:00 PM,2022,07,25,14,9.5,40,Good,9.0,UG/M3,1 Hr,Valid
Chisinau,PM2.5 - Principal,2022-07-25 03:00 PM,2022,07,25,15,10.2,43,Good,11.0,UG/M3,1 Hr,Valid
Chisinau,PM2.5 - Principal,2022-07-25 04:00 PM,2022,07,25,16,10.6,44,Good,11.0,UG/M3,1 Hr,Valid
Chisinau,PM2.5 - Principal,2022-07-25 05:00 PM,2022,07,25,17,10.3,43,Good,10.0,UG/M3,1 Hr,Valid
Chisinau,PM2.5 - Principal,2022-07-25 06:00 PM,2022,07,25,18,9.6,40,Good,9.0,UG/M3,1 Hr,Valid
Chisinau,PM2.5 - Principal,2022-07-25 07:00 PM,2022,07,25,19,10.8,45,Good,12.0,UG/M3,1 Hr,Valid
Chisinau,PM2.5 - Principal,2022-07-25 08:00 PM,2022,07,25,20,10.4,43,Good,10.0,UG/M3,1 Hr,Valid
Chisinau,PM2.5 - Principal,2022-07-25 09:00 PM,2022,07,25,21,10.2,43,Good,10.0,UG/M3,1 Hr,Valid
Chisinau,PM2.5 - Principal,2022-07-25 10:00 PM,2022,07,25,22,9.8,41,Good,9.0,UG/M3,1 Hr,Valid
Chisinau,PM2.5 - Principal,2022-07-25 11:00 PM,2022,07,25,23,12.1,51,Moderate,15.0,UG/M3,1 Hr,Valid
Chisinau,PM2.5 - Principal,2022-07-26 12:00 AM,2022,07,26,00,13.7,54,Moderate,16.0,UG/M3,1 Hr,Valid
Chisinau,PM2.5 - Principal,2022-07-26 01:00 AM,2022,07,26,01,14.3,56,Moderate,15.0,UG/M3,1 Hr,Valid
Chisinau,PM2.5 - Principal,2022-07-26 02:00 AM,2022,07,26,02,13.7,54,Moderate,13.0,UG/M3,1 Hr,Valid
Chisinau,PM2.5 - Principal,2022-07-26 03:00 AM,2022,07,26,03,15.2,58,Moderate,17.0,UG/M3,1 Hr,Valid
Chisinau,PM2.5 - Principal,2022-07-26 04:00 AM,2022,07,26,04,14.6,56,Moderate,14.0,UG/M3,1 Hr,Valid
Chisinau,PM2.5 - Principal,2022-07-26 05:00 AM,2022,07,26,05,12.9,53,Moderate,11.0,UG/M3,1 Hr,Valid
Chisinau,PM2.5 - Principal,2022-07-26 06:00 AM,2022,07,26,06,12.0,50,Good,11.0,UG/M3,1 Hr,Valid
Chisinau,PM2.5 - Principal,2022-07-26 07:00 AM,2022,07,26,07,12.0,50,Good,12.0,UG/M3,1 Hr,Valid
Chisinau,PM2.5 - Principal,2022-07-26 08:00 AM,2022,07,26,08,13.4,54,Moderate,15.0,UG/M3,1 Hr,Valid
Chisinau,PM2.5 - Principal,2022-07-26 09:00 AM,2022,07,26,09,12.7,52,Moderate,12.0,UG/M3,1 Hr,Valid
Chisinau,PM2.5 - Principal,2022-07-26 10:00 AM,2022,07,26,10,11.6,48,Good,10.0,UG/M3,1 Hr,Valid
Chisinau,PM2.5 - Principal,2022-07-26 11:00 AM,2022,07,26,11,10.2,43,Good,9.0,UG/M3,1 Hr,Valid
Chisinau,PM2.5 - Principal,2022-07-26 12:00 PM,2022,07,26,12,9.6,40,Good,9.0,UG/M3,1 Hr,Valid
Chisinau,PM2.5 - Principal,2022-07-26 01:00 PM,2022,07,26,13,8.7,36,Good,8.0,UG/M3,1 Hr,Valid
Chisinau,PM2.5 - Principal,2022-07-26 02:00 PM,2022,07,26,14,8.3,35,Good,8.0,UG/M3,1 Hr,Valid
Chisinau,PM2.5 - Principal,2022-07-26 03:00 PM,2022,07,26,15,9.6,40,Good,11.0,UG/M3,1 Hr,Valid
Chisinau,PM2.5 - Principal,2022-07-26 04:00 PM,2022,07,26,16,8.8,37,Good,8.0,UG/M3,1 Hr,Valid
Chisinau,PM2.5 - Principal,2022-07-26 05:00 PM,2022,07,26,17,9.8,41,Good,11.0,UG/M3,1 Hr,Valid
Chisinau,PM2.5 - Principal,2022-07-26 06:00 PM,2022,07,26,18,10.8,45,Good,12.0,UG/M3,1 Hr,Valid
Chisinau,PM2.5 - Principal,2022-07-26 07:00 PM,2022,07,26,19,10.9,45,Good,11.0,UG/M3,1 Hr,Valid
Chisinau,PM2.5 - Principal,2022-07-26 08:00 PM,2022,07,26,20,10.4,43,Good,10.0,UG/M3,1 Hr,Valid
Chisinau,PM2.5 - Principal,2022-07-26 09:00 PM,2022,07,26,21,13.2,53,Moderate,16.0,UG/M3,1 Hr,Valid
Chisinau,PM2.5 - Principal,2022-07-26 10:00 PM,2022,07,26,22,13.6,54,Moderate,14.0,UG/M3,1 Hr,Valid
Chisinau,PM2.5 - Principal,2022-07-26 11:00 PM,2022,07,26,23,15.3,58,Moderate,17.0,UG/M3,1 Hr,Valid
Chisinau,PM2.5 - Principal,2022-07-27 12:00 AM,2022,07,27,00,16.6,60,Moderate,18.0,UG/M3,1 Hr,Valid
Chisinau,PM2.5 - Principal,2022-07-27 01:00 AM,2022,07,27,01,18.3,64,Moderate,20.0,UG/M3,1 Hr,Valid
Chisinau,PM2.5 - Principal,2022-07-27 02:00 AM,2022,07,27,02,18.6,65,Moderate,19.0,UG/M3,1 Hr,Valid
Chisinau,PM2.5 - Principal,2022-07-27 03:00 AM,2022,07,27,03,16.8,61,Moderate,15.0,UG/M3,1 Hr,Valid
Chisinau,PM2.5 - Principal,2022-07-27 04:00 AM,2022,07,27,04,17.4,62,Moderate,18.0,UG/M3,1 Hr,Valid
Chisinau,PM2.5 - Principal,2022-07-27 05:00 AM,2022,07,27,05,15.2,58,Moderate,13.0,UG/M3,1 Hr,Valid
Chisinau,PM2.5 - Principal,2022-07-27 06:00 AM,2022,07,27,06,17.1,62,Moderate,19.0,UG/M3,1 Hr,Valid
Chisinau,PM2.5 - Principal,2022-07-27 07:00 AM,2022,07,27,07,15.0,57,Moderate,13.0,UG/M3,1 Hr,Valid
Chisinau,PM2.5 - Principal,2022-07-27 08:00 AM,2022,07,27,08,17.1,62,Moderate,20.0,UG/M3,1 Hr,Valid
Chisinau,PM2.5 - Principal,2022-07-27 09:00 AM,2022,07,27,09,18.6,65,Moderate,21.0,UG/M3,1 Hr,Valid
Chisinau,PM2.5 - Principal,2022-07-27 10:00 AM,2022,07,27,10,19.5,67,Moderate,21.0,UG/M3,1 Hr,Valid
Chisinau,PM2.5 - Principal,2022-07-27 11:00 AM,2022,07,27,11,16.4,60,Moderate,12.0,UG/M3,1 Hr,Valid
Chisinau,PM2.5 - Principal,2022-07-27 12:00 PM,2022,07,27,12,15.8,59,Moderate,15.0,UG/M3,1 Hr,Valid
Chisinau,PM2.5 - Principal,2022-07-27 01:00 PM,2022,07,27,13,15.0,57,Moderate,14.0,UG/M3,1 Hr,Valid
Chisinau,PM2.5 - Principal,2022-07-27 02:00 PM,2022,07,27,14,14.1,55,Moderate,13.0,UG/M3,1 Hr,Valid
Chisinau,PM2.5 - Principal,2022-07-27 03:00 PM,2022,07,27,15,13.2,53,Moderate,12.0,UG/M3,1 Hr,Valid
Chisinau,PM2.5 - Principal,2022-07-27 04:00 PM,2022,07,27,16,12.0,50,Good,11.0,UG/M3,1 Hr,Valid
Chisinau,PM2.5 - Principal,2022-07-27 05:00 PM,2022,07,27,17,13.4,54,Moderate,15.0,UG/M3,1 Hr,Valid
Chisinau,PM2.5 - Principal,2022-07-27 06:00 PM,2022,07,27,18,13.7,54,Moderate,14.0,UG/M3,1 Hr,Valid
Chisinau,PM2.5 - Principal,2022-07-27 07:00 PM,2022,07,27,19,14.8,57,Moderate,16.0,UG/M3,1 Hr,Valid
Chisinau,PM2.5 - Principal,2022-07-27 08:00 PM,2022,07,27,20,16.3,60,Moderate,18.0,UG/M3,1 Hr,Valid
Chisinau,PM2.5 - Principal,2022-07-27 09:00 PM,2022,07,27,21,17.5,62,Moderate,19.0,UG/M3,1 Hr,Valid
Chisinau,PM2.5 - Principal,2022-07-27 10:00 PM,2022,07,27,22,18.0,63,Moderate,19.0,UG/M3,1 Hr,Valid
Chisinau,PM2.5 - Principal,2022-07-27 11:00 PM,2022,07,27,23,18.0,63,Moderate,18.0,UG/M3,1 Hr,Valid
Chisinau,PM2.5 - Principal,2022-07-28 12:00 AM,2022,07,28,00,18.9,65,Moderate,20.0,UG/M3,1 Hr,Valid
Chisinau,PM2.5 - Principal,2022-07-28 01:00 AM,2022,07,28,01,21.0,70,Moderate,23.0,UG/M3,1 Hr,Valid
Chisinau,PM2.5 - Principal,2022-07-28 02:00 AM,2022,07,28,02,18.5,64,Moderate,16.0,UG/M3,1 Hr,Valid
Chisinau,PM2.5 - Principal,2022-07-28 03:00 AM,2022,07,28,03,15.2,58,Moderate,12.0,UG/M3,1 Hr,Valid
Chisinau,PM2.5 - Principal,2022-07-28 04:00 AM,2022,07,28,04,14.7,56,Moderate,14.0,UG/M3,1 Hr,Valid
Chisinau,PM2.5 - Principal,2022-07-28 05:00 AM,2022,07,28,05,13.9,55,Moderate,13.0,UG/M3,1 Hr,Valid
Chisinau,PM2.5 - Principal,2022-07-28 06:00 AM,2022,07,28,06,14.9,57,Moderate,16.0,UG/M3,1 Hr,Valid
Chisinau,PM2.5 - Principal,2022-07-28 07:00 AM,2022,07,28,07,14.4,56,Moderate,14.0,UG/M3,1 Hr,Valid
Chisinau,PM2.5 - Principal,2022-07-28 08:00 AM,2022,07,28,08,12.7,52,Moderate,11.0,UG/M3,1 Hr,Valid
Chisinau,PM2.5 - Principal,2022-07-28 09:00 AM,2022,07,28,09,12.3,51,Moderate,12.0,UG/M3,1 Hr,Valid
Chisinau,PM2.5 - Principal,2022-07-28 10:00 AM,2022,07,28,10,14.6,56,Moderate,17.0,UG/M3,1 Hr,Valid
Chisinau,PM2.5 - Principal,2022-07-28 11:00 AM,2022,07,28,11,14.8,57,Moderate,15.0,UG/M3,1 Hr,Valid
Chisinau,PM2.5 - Principal,2022-07-28 12:00 PM,2022,07,28,12,21.9,72,Moderate,29.0,UG/M3,1 Hr,Valid
Chisinau,PM2.5 - Principal,2022-07-28 01:00 PM,2022,07,28,13,19.9,67,Moderate,18.0,UG/M3,1 Hr,Valid
Chisinau,PM2.5 - Principal,2022-07-28 02:00 PM,2022,07,28,14,17.9,63,Moderate,16.0,UG/M3,1 Hr,Valid
Chisinau,PM2.5 - Principal,2022-07-28 03:00 PM,2022,07,28,15,16.4,60,Moderate,15.0,UG/M3,1 Hr,Valid
Chisinau,PM2.5 - Principal,2022-07-28 04:00 PM,2022,07,28,16,16.2,60,Moderate,16.0,UG/M3,1 Hr,Valid
Chisinau,PM2.5 - Principal,2022-07-28 05:00 PM,2022,07,28,17,16.1,59,Moderate,16.0,UG/M3,1 Hr,Valid
Chisinau,PM2.5 - Principal,2022-07-28 06:00 PM,2022,07,28,18,16.5,60,Moderate,17.0,UG/M3,1 Hr,Valid
Chisinau,PM2.5 - Principal,2022-07-28 07:00 PM,2022,07,28,19,17.7,63,Moderate,19.0,UG/M3,1 Hr,Valid
Chisinau,PM2.5 - Principal,2022-07-28 08:00 PM,2022,07,28,20,15.8,59,Moderate,14.0,UG/M3,1 Hr,Valid
Chisinau,PM2.5 - Principal,2022-07-28 09:00 PM,2022,07,28,21,16.4,60,Moderate,17.0,UG/M3,1 Hr,Valid
Chisinau,PM2.5 - Principal,2022-07-28 10:00 PM,2022,07,28,22,16.7,61,Moderate,17.0,UG/M3,1 Hr,Valid
Chisinau,PM2.5 - Principal,2022-07-28 11:00 PM,2022,07,28,23,15.3,58,Moderate,14.0,UG/M3,1 Hr,Valid
Chisinau,PM2.5 - Principal,2022-07-29 12:00 AM,2022,07,29,00,17.0,61,Moderate,20.0,UG/M3,1 Hr,Valid
Chisinau,PM2.5 - Principal,2022-07-29 01:00 AM,2022,07,29,01,18.9,65,Moderate,22.0,UG/M3,1 Hr,Valid
Chisinau,PM2.5 - Principal,2022-07-29 02:00 AM,2022,07,29,02,18.9,65,Moderate,19.0,UG/M3,1 Hr,Valid
Chisinau,PM2.5 - Principal,2022-07-29 03:00 AM,2022,07,29,03,17.5,62,Moderate,15.0,UG/M3,1 Hr,Valid
Chisinau,PM2.5 - Principal,2022-07-29 04:00 AM,2022,07,29,04,14.1,55,Moderate,11.0,UG/M3,1 Hr,Valid
Chisinau,PM2.5 - Principal,2022-07-29 05:00 AM,2022,07,29,05,15.5,58,Moderate,17.0,UG/M3,1 Hr,Valid
Chisinau,PM2.5 - Principal,2022-07-29 06:00 AM,2022,07,29,06,14.2,55,Moderate,13.0,UG/M3,1 Hr,Valid
Chisinau,PM2.5 - Principal,2022-07-29 07:00 AM,2022,07,29,07,13.6,54,Moderate,13.0,UG/M3,1 Hr,Valid
Chisinau,PM2.5 - Principal,2022-07-29 08:00 AM,2022,07,29,08,13.8,55,Moderate,14.0,UG/M3,1 Hr,Valid
Chisinau,PM2.5 - Principal,2022-07-29 09:00 AM,2022,07,29,09,12.4,52,Moderate,11.0,UG/M3,1 Hr,Valid
Chisinau,PM2.5 - Principal,2022-07-29 10:00 AM,2022,07,29,10,12.7,52,Moderate,13.0,UG/M3,1 Hr,Valid
Chisinau,PM2.5 - Principal,2022-07-29 11:00 AM,2022,07,29,11,14.8,57,Moderate,17.0,UG/M3,1 Hr,Valid
Chisinau,PM2.5 - Principal,2022-07-29 12:00 PM,2022,07,29,12,19.4,66,Moderate,24.0,UG/M3,1 Hr,Valid
Chisinau,PM2.5 - Principal,2022-07-29 01:00 PM,2022,07,29,13,18.7,65,Moderate,18.0,UG/M3,1 Hr,Valid
Chisinau,PM2.5 - Principal,2022-07-29 02:00 PM,2022,07,29,14,17.3,62,Moderate,16.0,UG/M3,1 Hr,Valid
Chisinau,PM2.5 - Principal,2022-07-29 03:00 PM,2022,07,29,15,17.1,62,Moderate,17.0,UG/M3,1 Hr,Valid
Chisinau,PM2.5 - Principal,2022-07-29 04:00 PM,2022,07,29,16,15.5,58,Moderate,14.0,UG/M3,1 Hr,Valid
Chisinau,PM2.5 - Principal,2022-07-29 05:00 PM,2022,07,29,17,15.7,59,Moderate,16.0,UG/M3,1 Hr,Valid
Chisinau,PM2.5 - Principal,2022-07-29 06:00 PM,2022,07,29,18,16.3,60,Moderate,17.0,UG/M3,1 Hr,Valid
Chisinau,PM2.5 - Principal,2022-07-29 07:00 PM,2022,07,29,19,18.6,65,Moderate,21.0,UG/M3,1 Hr,Valid
Chisinau,PM2.5 - Principal,2022-07-29 08:00 PM,2022,07,29,20,18.8,65,Moderate,19.0,UG/M3,1 Hr,Valid
Chisinau,PM2.5 - Principal,2022-07-29 09:00 PM,2022,07,29,21,16.1,59,Moderate,13.0,UG/M3,1 Hr,Valid
Chisinau,PM2.5 - Principal,2022-07-29 10:00 PM,2022,07,29,22,16.0,59,Moderate,16.0,UG/M3,1 Hr,Valid
Chisinau,PM2.5 - Principal,2022-07-29 11:00 PM,2022,07,29,23,14.6,56,Moderate,13.0,UG/M3,1 Hr,Valid
Chisinau,PM2.5 - Principal,2022-07-30 12:00 AM,2022,07,30,00,15.3,58,Moderate,16.0,UG/M3,1 Hr,Valid
Chisinau,PM2.5 - Principal,2022-07-30 01:00 AM,2022,07,30,01,17.1,62,Moderate,20.0,UG/M3,1 Hr,Valid
Chisinau,PM2.5 - Principal,2022-07-30 02:00 AM,2022,07,30,02,15.9,59,Moderate,14.0,UG/M3,1 Hr,Valid
Chisinau,PM2.5 - Principal,2022-07-30 03:00 AM,2022,07,30,03,17.4,62,Moderate,20.0,UG/M3,1 Hr,Valid
Chisinau,PM2.5 - Principal,2022-07-30 04:00 AM,2022,07,30,04,17.3,62,Moderate,17.0,UG/M3,1 Hr,Valid
Chisinau,PM2.5 - Principal,2022-07-30 05:00 AM,2022,07,30,05,17.9,63,Moderate,19.0,UG/M3,1 Hr,Valid
Chisinau,PM2.5 - Principal,2022-07-30 06:00 AM,2022,07,30,06,16.8,61,Moderate,15.0,UG/M3,1 Hr,Valid
Chisinau,PM2.5 - Principal,2022-07-30 07:00 AM,2022,07,30,07,17.2,62,Moderate,18.0,UG/M3,1 Hr,Valid
Chisinau,PM2.5 - Principal,2022-07-30 08:00 AM,2022,07,30,08,17.5,62,Moderate,18.0,UG/M3,1 Hr,Valid
Chisinau,PM2.5 - Principal,2022-07-30 09:00 AM,2022,07,30,09,17.3,62,Moderate,17.0,UG/M3,1 Hr,Valid
Chisinau,PM2.5 - Principal,2022-07-30 10:00 AM,2022,07,30,10,17.5,62,Moderate,18.0,UG/M3,1 Hr,Valid
Chisinau,PM2.5 - Principal,2022-07-30 11:00 AM,2022,07,30,11,19.2,66,Moderate,22.0,UG/M3,1 Hr,Valid
Chisinau,PM2.5 - Principal,2022-07-30 12:00 PM,2022,07,30,12,18.0,63,Moderate,16.0,UG/M3,1 Hr,Valid
Chisinau,PM2.5 - Principal,2022-07-30 01:00 PM,2022,07,30,13,17.6,63,Moderate,17.0,UG/M3,1 Hr,Valid
Chisinau,PM2.5 - Principal,2022-07-30 02:00 PM,2022,07,30,14,18.4,64,Moderate,20.0,UG/M3,1 Hr,Valid
Chisinau,PM2.5 - Principal,2022-07-30 03:00 PM,2022,07,30,15,17.9,63,Moderate,17.0,UG/M3,1 Hr,Valid
Chisinau,PM2.5 - Principal,2022-07-30 04:00 PM,2022,07,30,16,17.0,61,Moderate,15.0,UG/M3,1 Hr,Valid
Chisinau,PM2.5 - Principal,2022-07-30 05:00 PM,2022,07,30,17,14.4,56,Moderate,12.0,UG/M3,1 Hr,Valid
Chisinau,PM2.5 - Principal,2022-07-30 06:00 PM,2022,07,30,18,13.3,54,Moderate,12.0,UG/M3,1 Hr,Valid
Chisinau,PM2.5 - Principal,2022-07-30 07:00 PM,2022,07,30,19,13.1,53,Moderate,13.0,UG/M3,1 Hr,Valid
Chisinau,PM2.5 - Principal,2022-07-30 08:00 PM,2022,07,30,20,14.9,57,Moderate,17.0,UG/M3,1 Hr,Valid
Chisinau,PM2.5 - Principal,2022-07-30 09:00 PM,2022,07,30,21,15.8,59,Moderate,17.0,UG/M3,1 Hr,Valid
Chisinau,PM2.5 - Principal,2022-07-30 10:00 PM,2022,07,30,22,17.7,63,Moderate,20.0,UG/M3,1 Hr,Valid
Chisinau,PM2.5 - Principal,2022-07-30 11:00 PM,2022,07,30,23,18.0,63,Moderate,19.0,UG/M3,1 Hr,Valid
Chisinau,PM2.5 - Principal,2022-07-31 12:00 AM,2022,07,31,00,21.2,70,Moderate,24.0,UG/M3,1 Hr,Valid
Chisinau,PM2.5 - Principal,2022-07-31 01:00 AM,2022,07,31,01,21.6,71,Moderate,22.0,UG/M3,1 Hr,Valid
Chisinau,PM2.5 - Principal,2022-07-31 02:00 AM,2022,07,31,02,21.3,70,Moderate,21.0,UG/M3,1 Hr,Valid
Chisinau,PM2.5 - Principal,2022-07-31 03:00 AM,2022,07,31,03,21.1,70,Moderate,21.0,UG/M3,1 Hr,Valid
Chisinau,PM2.5 - Principal,2022-07-31 04:00 AM,2022,07,31,04,20.0,68,Moderate,19.0,UG/M3,1 Hr,Valid
Chisinau,PM2.5 - Principal,2022-07-31 05:00 AM,2022,07,31,05,21.0,70,Moderate,22.0,UG/M3,1 Hr,Valid
Chisinau,PM2.5 - Principal,2022-07-31 06:00 AM,2022,07,31,06,18.7,65,Moderate,16.0,UG/M3,1 Hr,Valid
Chisinau,PM2.5 - Principal,2022-07-31 07:00 AM,2022,07,31,07,18.5,64,Moderate,17.0,UG/M3,1 Hr,Valid
Chisinau,PM2.5 - Principal,2022-07-31 08:00 AM,2022,07,31,08,20.3,68,Moderate,24.0,UG/M3,1 Hr,Valid
Chisinau,PM2.5 - Principal,2022-07-31 09:00 AM,2022,07,31,09,21.5,71,Moderate,24.0,UG/M3,1 Hr,Valid
Chisinau,PM2.5 - Principal,2022-07-31 10:00 AM,2022,07,31,10,25.2,79,Moderate,29.0,UG/M3,1 Hr,Valid
Chisinau,PM2.5 - Principal,2022-07-31 11:00 AM,2022,07,31,11,26.4,81,Moderate,28.0,UG/M3,1 Hr,Valid
Chisinau,PM2.5 - Principal,2022-07-31 12:00 PM,2022,07,31,12,29.4,87,Moderate,32.0,UG/M3,1 Hr,Valid
Chisinau,PM2.5 - Principal,2022-07-31 01:00 PM,2022,07,31,13,28.2,85,Moderate,27.0,UG/M3,1 Hr,Valid
Chisinau,PM2.5 - Principal,2022-07-31 02:00 PM,2022,07,31,14,26.6,81,Moderate,25.0,UG/M3,1 Hr,Valid
Chisinau,PM2.5 - Principal,2022-07-31 03:00 PM,2022,07,31,15,26.8,82,Moderate,27.0,UG/M3,1 Hr,Valid
Chisinau,PM2.5 - Principal,2022-07-31 04:00 PM,2022,07,31,16,22.9,74,Moderate,19.0,UG/M3,1 Hr,Valid
Chisinau,PM2.5 - Principal,2022-07-31 05:00 PM,2022,07,31,17,21.9,72,Moderate,21.0,UG/M3,1 Hr,Valid
Chisinau,PM2.5 - Principal,2022-07-31 06:00 PM,2022,07,31,18,21.6,71,Moderate,21.0,UG/M3,1 Hr,Valid
Chisinau,PM2.5 - Principal,2022-07-31 07:00 PM,2022,07,31,19,19.4,66,Moderate,17.0,UG/M3,1 Hr,Valid
Chisinau,PM2.5 - Principal,2022-07-31 08:00 PM,2022,07,31,20,17.1,62,Moderate,15.0,UG/M3,1 Hr,Valid
Chisinau,PM2.5 - Principal,2022-07-31 09:00 PM,2022,07,31,21,17.5,62,Moderate,18.0,UG/M3,1 Hr,Valid
Chisinau,PM2.5 - Principal,2022-07-31 10:00 PM,2022,07,31,22,15.7,59,Moderate,14.0,UG/M3,1 Hr,Valid
Chisinau,PM2.5 - Principal,2022-07-31 11:00 PM,2022,07,31,23,13.8,55,Moderate,12.0,UG/M3,1 Hr,Valid
Chisinau,PM2.5 - Principal,2022-08-01 12:00 AM,2022,08,01,00,14.4,56,Moderate,15.0,UG/M3,1 Hr,Valid
Chisinau,PM2.5 - Principal,2022-08-01 01:00 AM,2022,08,01,01,16.7,61,Moderate,19.0,UG/M3,1 Hr,Valid
Chisinau,PM2.5 - Principal,2022-08-01 02:00 AM,2022,08,01,02,17.8,63,Moderate,19.0,UG/M3,1 Hr,Valid
Chisinau,PM2.5 - Principal,2022-08-01 03:00 AM,2022,08,01,03,17.3,62,Moderate,17.0,UG/M3,1 Hr,Valid
Chisinau,PM2.5 - Principal,2022-08-01 04:00 AM,2022,08,01,04,18.0,63,Moderate,19.0,UG/M3,1 Hr,Valid
Chisinau,PM2.5 - Principal,2022-08-01 05:00 AM,2022,08,01,05,16.3,60,Moderate,14.0,UG/M3,1 Hr,Valid
Chisinau,PM2.5 - Principal,2022-08-01 06:00 AM,2022,08,01,06,16.2,60,Moderate,16.0,UG/M3,1 Hr,Valid
Chisinau,PM2.5 - Principal,2022-08-01 07:00 AM,2022,08,01,07,15.4,58,Moderate,14.0,UG/M3,1 Hr,Valid
Chisinau,PM2.5 - Principal,2022-08-01 08:00 AM,2022,08,01,08,14.5,56,Moderate,13.0,UG/M3,1 Hr,Valid
Chisinau,PM2.5 - Principal,2022-08-01 09:00 AM,2022,08,01,09,14.3,56,Moderate,14.0,UG/M3,1 Hr,Valid
Chisinau,PM2.5 - Principal,2022-08-01 10:00 AM,2022,08,01,10,14.9,57,Moderate,16.0,UG/M3,1 Hr,Valid
Chisinau,PM2.5 - Principal,2022-08-01 11:00 AM,2022,08,01,11,15.6,58,Moderate,17.0,UG/M3,1 Hr,Valid
Chisinau,PM2.5 - Principal,2022-08-01 12:00 PM,2022,08,01,12,13.1,53,Moderate,10.0,UG/M3,1 Hr,Valid
Chisinau,PM2.5 - Principal,2022-08-01 01:00 PM,2022,08,01,13,13.0,53,Moderate,13.0,UG/M3,1 Hr,Valid
Chisinau,PM2.5 - Principal,2022-08-01 02:00 PM,2022,08,01,14,13.0,53,Moderate,13.0,UG/M3,1 Hr,Valid
Chisinau,PM2.5 - Principal,2022-08-01 03:00 PM,2022,08,01,15,11.5,48,Good,10.0,UG/M3,1 Hr,Valid
Chisinau,PM2.5 - Principal,2022-08-01 04:00 PM,2022,08,01,16,11.0,46,Good,10.0,UG/M3,1 Hr,Valid
Chisinau,PM2.5 - Principal,2022-08-01 05:00 PM,2022,08,01,17,12.2,51,Moderate,14.0,UG/M3,1 Hr,Valid
Chisinau,PM2.5 - Principal,2022-08-01 06:00 PM,2022,08,01,18,12.1,51,Moderate,12.0,UG/M3,1 Hr,Valid
Chisinau,PM2.5 - Principal,2022-08-01 07:00 PM,2022,08,01,19,12.0,50,Good,12.0,UG/M3,1 Hr,Valid
Chisinau,PM2.5 - Principal,2022-08-01 08:00 PM,2022,08,01,20,12.0,50,Good,12.0,UG/M3,1 Hr,Valid
Chisinau,PM2.5 - Principal,2022-08-01 09:00 PM,2022,08,01,21,11.6,48,Good,11.0,UG/M3,1 Hr,Valid
Chisinau,PM2.5 - Principal,2022-08-01 10:00 PM,2022,08,01,22,11.3,47,Good,11.0,UG/M3,1 Hr,Valid
Chisinau,PM2.5 - Principal,2022-08-01 11:00 PM,2022,08,01,23,11.6,48,Good,12.0,UG/M3,1 Hr,Valid
Chisinau,PM2.5 - Principal,2022-08-02 12:00 AM,2022,08,02,00,12.0,50,Good,13.0,UG/M3,1 Hr,Valid
Chisinau,PM2.5 - Principal,2022-08-02 01:00 AM,2022,08,02,01,11.7,49,Good,11.0,UG/M3,1 Hr,Valid
Chisinau,PM2.5 - Principal,2022-08-02 02:00 AM,2022,08,02,02,12.3,51,Moderate,14.0,UG/M3,1 Hr,Valid
Chisinau,PM2.5 - Principal,2022-08-02 03:00 AM,2022,08,02,03,12.2,51,Moderate,12.0,UG/M3,1 Hr,Valid
Chisinau,PM2.5 - Principal,2022-08-02 04:00 AM,2022,08,02,04,11.6,48,Good,10.0,UG/M3,1 Hr,Valid
Chisinau,PM2.5 - Principal,2022-08-02 05:00 AM,2022,08,02,05,11.1,46,Good,10.0,UG/M3,1 Hr,Valid
Chisinau,PM2.5 - Principal,2022-08-02 06:00 AM,2022,08,02,06,11.3,47,Good,12.0,UG/M3,1 Hr,Valid
Chisinau,PM2.5 - Principal,2022-08-02 07:00 AM,2022,08,02,07,11.2,47,Good,11.0,UG/M3,1 Hr,Valid
Chisinau,PM2.5 - Principal,2022-08-02 08:00 AM,2022,08,02,08,11.1,46,Good,11.0,UG/M3,1 Hr,Valid
Chisinau,PM2.5 - Principal,2022-08-02 09:00 AM,2022,08,02,09,12.4,52,Moderate,15.0,UG/M3,1 Hr,Valid
Chisinau,PM2.5 - Principal,2022-08-02 10:00 AM,2022,08,02,10,13.8,55,Moderate,16.0,UG/M3,1 Hr,Valid
Chisinau,PM2.5 - Principal,2022-08-02 11:00 AM,2022,08,02,11,15.2,58,Moderate,17.0,UG/M3,1 Hr,Valid
Chisinau,PM2.5 - Principal,2022-08-02 12:00 PM,2022,08,02,12,15.9,59,Moderate,17.0,UG/M3,1 Hr,Valid
Chisinau,PM2.5 - Principal,2022-08-02 01:00 PM,2022,08,02,13,16.4,60,Moderate,17.0,UG/M3,1 Hr,Valid
Chisinau,PM2.5 - Principal,2022-08-02 02:00 PM,2022,08,02,14,14.5,56,Moderate,12.0,UG/M3,1 Hr,Valid
Chisinau,PM2.5 - Principal,2022-08-02 03:00 PM,2022,08,02,15,13.9,55,Moderate,13.0,UG/M3,1 Hr,Valid
Chisinau,PM2.5 - Principal,2022-08-02 04:00 PM,2022,08,02,16,13.9,55,Moderate,14.0,UG/M3,1 Hr,Valid
Chisinau,PM2.5 - Principal,2022-08-02 05:00 PM,2022,08,02,17,12.9,53,Moderate,11.0,UG/M3,1 Hr,Valid
Chisinau,PM2.5 - Principal,2022-08-02 06:00 PM,2022,08,02,18,12.2,51,Moderate,11.0,UG/M3,1 Hr,Valid
Chisinau,PM2.5 - Principal,2022-08-02 07:00 PM,2022,08,02,19,13.6,54,Moderate,16.0,UG/M3,1 Hr,Valid
Chisinau,PM2.5 - Principal,2022-08-02 08:00 PM,2022,08,02,20,14.1,55,Moderate,15.0,UG/M3,1 Hr,Valid
Chisinau,PM2.5 - Principal,2022-08-02 09:00 PM,2022,08,02,21,13.3,54,Moderate,12.0,UG/M3,1 Hr,Valid
Chisinau,PM2.5 - Principal,2022-08-02 10:00 PM,2022,08,02,22,11.9,50,Good,10.0,UG/M3,1 Hr,Valid
Chisinau,PM2.5 - Principal,2022-08-02 11:00 PM,2022,08,02,23,11.9,50,Good,12.0,UG/M3,1 Hr,Valid
Chisinau,PM2.5 - Principal,2022-08-03 12:00 AM,2022,08,03,00,10.5,44,Good,9.0,UG/M3,1 Hr,Valid
Chisinau,PM2.5 - Principal,2022-08-03 01:00 AM,2022,08,03,01,9.1,38,Good,8.0,UG/M3,1 Hr,Valid
Chisinau,PM2.5 - Principal,2022-08-03 02:00 AM,2022,08,03,02,10.0,42,Good,11.0,UG/M3,1 Hr,Valid
Chisinau,PM2.5 - Principal,2022-08-03 03:00 AM,2022,08,03,03,10.0,42,Good,10.0,UG/M3,1 Hr,Valid
Chisinau,PM2.5 - Principal,2022-08-03 04:00 AM,2022,08,03,04,10.0,42,Good,10.0,UG/M3,1 Hr,Valid
Chisinau,PM2.5 - Principal,2022-08-03 05:00 AM,2022,08,03,05,9.5,40,Good,9.0,UG/M3,1 Hr,Valid
Chisinau,PM2.5 - Principal,2022-08-03 06:00 AM,2022,08,03,06,11.7,49,Good,14.0,UG/M3,1 Hr,Valid
Chisinau,PM2.5 - Principal,2022-08-03 07:00 AM,2022,08,03,07,11.8,49,Good,12.0,UG/M3,1 Hr,Valid
Chisinau,PM2.5 - Principal,2022-08-03 08:00 AM,2022,08,03,08,12.6,52,Moderate,14.0,UG/M3,1 Hr,Valid
Chisinau,PM2.5 - Principal,2022-08-03 09:00 AM,2022,08,03,09,13.8,55,Moderate,15.0,UG/M3,1 Hr,Valid
Chisinau,PM2.5 - Principal,2022-08-03 10:00 AM,2022,08,03,10,12.0,50,Good,10.0,UG/M3,1 Hr,Valid
Chisinau,PM2.5 - Principal,2022-08-03 11:00 AM,2022,08,03,11,15.4,58,Moderate,19.0,UG/M3,1 Hr,Valid
Chisinau,PM2.5 - Principal,2022-08-03 12:00 PM,2022,08,03,12,18.7,65,Moderate,22.0,UG/M3,1 Hr,Valid
Chisinau,PM2.5 - Principal,2022-08-03 01:00 PM,2022,08,03,13,16.8,61,Moderate,15.0,UG/M3,1 Hr,Valid
Chisinau,PM2.5 - Principal,2022-08-03 02:00 PM,2022,08,03,14,16.4,60,Moderate,16.0,UG/M3,1 Hr,Valid
Chisinau,PM2.5 - Principal,2022-08-03 03:00 PM,2022,08,03,15,17.2,62,Moderate,18.0,UG/M3,1 Hr,Valid
Chisinau,PM2.5 - Principal,2022-08-03 04:00 PM,2022,08,03,16,16.6,60,Moderate,16.0,UG/M3,1 Hr,Valid
Chisinau,PM2.5 - Principal,2022-08-03 05:00 PM,2022,08,03,17,15.8,59,Moderate,15.0,UG/M3,1 Hr,Valid
Chisinau,PM2.5 - Principal,2022-08-03 06:00 PM,2022,08,03,18,17.4,62,Moderate,19.0,UG/M3,1 Hr,Valid
Chisinau,PM2.5 - Principal,2022-08-03 07:00 PM,2022,08,03,19,17.7,63,Moderate,18.0,UG/M3,1 Hr,Valid
Chisinau,PM2.5 - Principal,2022-08-03 08:00 PM,2022,08,03,20,16.8,61,Moderate,16.0,UG/M3,1 Hr,Valid
Chisinau,PM2.5 - Principal,2022-08-03 09:00 PM,2022,08,03,21,14.4,56,Moderate,12.0,UG/M3,1 Hr,Valid
Chisinau,PM2.5 - Principal,2022-08-03 10:00 PM,2022,08,03,22,14.3,56,Moderate,14.0,UG/M3,1 Hr,Valid
Chisinau,PM2.5 - Principal,2022-08-03 11:00 PM,2022,08,03,23,14.1,55,Moderate,14.0,UG/M3,1 Hr,Valid
Chisinau,PM2.5 - Principal,2022-08-04 12:00 AM,2022,08,04,00,14.2,55,Moderate,14.0,UG/M3,1 Hr,Valid
Chisinau,PM2.5 - Principal,2022-08-04 01:00 AM,2022,08,04,01,13.7,54,Moderate,13.0,UG/M3,1 Hr,Valid
Chisinau,PM2.5 - Principal,2022-08-04 02:00 AM,2022,08,04,02,13.4,54,Moderate,13.0,UG/M3,1 Hr,Valid
Chisinau,PM2.5 - Principal,2022-08-04 03:00 AM,2022,08,04,03,13.3,54,Moderate,13.0,UG/M3,1 Hr,Valid
Chisinau,PM2.5 - Principal,2022-08-04 04:00 AM,2022,08,04,04,13.9,55,Moderate,15.0,UG/M3,1 Hr,Valid
Chisinau,PM2.5 - Principal,2022-08-04 05:00 AM,2022,08,04,05,15.4,58,Moderate,18.0,UG/M3,1 Hr,Valid
Chisinau,PM2.5 - Principal,2022-08-04 06:00 AM,2022,08,04,06,14.8,57,Moderate,14.0,UG/M3,1 Hr,Valid
Chisinau,PM2.5 - Principal,2022-08-04 07:00 AM,2022,08,04,07,14.8,57,Moderate,15.0,UG/M3,1 Hr,Valid
Chisinau,PM2.5 - Principal,2022-08-04 08:00 AM,2022,08,04,08,14.9,57,Moderate,15.0,UG/M3,1 Hr,Valid
Chisinau,PM2.5 - Principal,2022-08-04 09:00 AM,2022,08,04,09,15.1,57,Moderate,16.0,UG/M3,1 Hr,Valid
Chisinau,PM2.5 - Principal,2022-08-04 10:00 AM,2022,08,04,10,15.4,58,Moderate,16.0,UG/M3,1 Hr,Valid
Chisinau,PM2.5 - Principal,2022-08-04 11:00 AM,2022,08,04,11,16.1,59,Moderate,18.0,UG/M3,1 Hr,Valid
Chisinau,PM2.5 - Principal,2022-08-04 12:00 PM,2022,08,04,12,15.2,58,Moderate,13.0,UG/M3,1 Hr,Valid
Chisinau,PM2.5 - Principal,2022-08-04 01:00 PM,2022,08,04,13,14.9,57,Moderate,14.0,UG/M3,1 Hr,Valid
Chisinau,PM2.5 - Principal,2022-08-04 02:00 PM,2022,08,04,14,14.3,56,Moderate,13.0,UG/M3,1 Hr,Valid
Chisinau,PM2.5 - Principal,2022-08-04 03:00 PM,2022,08,04,15,14.5,56,Moderate,15.0,UG/M3,1 Hr,Valid
Chisinau,PM2.5 - Principal,2022-08-04 04:00 PM,2022,08,04,16,12.4,52,Moderate,10.0,UG/M3,1 Hr,Valid
Chisinau,PM2.5 - Principal,2022-08-04 05:00 PM,2022,08,04,17,12.6,52,Moderate,13.0,UG/M3,1 Hr,Valid
Chisinau,PM2.5 - Principal,2022-08-04 06:00 PM,2022,08,04,18,13.2,53,Moderate,14.0,UG/M3,1 Hr,Valid
Chisinau,PM2.5 - Principal,2022-08-04 07:00 PM,2022,08,04,19,14.0,55,Moderate,15.0,UG/M3,1 Hr,Valid
Chisinau,PM2.5 - Principal,2022-08-04 08:00 PM,2022,08,04,20,13.5,54,Moderate,13.0,UG/M3,1 Hr,Valid
Chisinau,PM2.5 - Principal,2022-08-04 09:00 PM,2022,08,04,21,13.7,54,Moderate,14.0,UG/M3,1 Hr,Valid
Chisinau,PM2.5 - Principal,2022-08-04 10:00 PM,2022,08,04,22,13.8,55,Moderate,14.0,UG/M3,1 Hr,Valid
Chisinau,PM2.5 - Principal,2022-08-04 11:00 PM,2022,08,04,23,13.5,54,Moderate,13.0,UG/M3,1 Hr,Valid
Chisinau,PM2.5 - Principal,2022-08-05 12:00 AM,2022,08,05,00,15.4,58,Moderate,18.0,UG/M3,1 Hr,Valid
Chisinau,PM2.5 - Principal,2022-08-05 01:00 AM,2022,08,05,01,17.2,62,Moderate,19.0,UG/M3,1 Hr,Valid
Chisinau,PM2.5 - Principal,2022-08-05 02:00 AM,2022,08,05,02,17.5,62,Moderate,18.0,UG/M3,1 Hr,Valid
Chisinau,PM2.5 - Principal,2022-08-05 03:00 AM,2022,08,05,03,17.3,62,Moderate,17.0,UG/M3,1 Hr,Valid
Chisinau,PM2.5 - Principal,2022-08-05 04:00 AM,2022,08,05,04,18.0,63,Moderate,20.0,UG/M3,1 Hr,Valid
Chisinau,PM2.5 - Principal,2022-08-05 05:00 AM,2022,08,05,05,18.0,63,Moderate,18.0,UG/M3,1 Hr,Valid
Chisinau,PM2.5 - Principal,2022-08-05 06:00 AM,2022,08,05,06,17.3,62,Moderate,16.0,UG/M3,1 Hr,Valid
Chisinau,PM2.5 - Principal,2022-08-05 07:00 AM,2022,08,05,07,17.9,63,Moderate,19.0,UG/M3,1 Hr,Valid
Chisinau,PM2.5 - Principal,2022-08-05 08:00 AM,2022,08,05,08,19.1,66,Moderate,21.0,UG/M3,1 Hr,Valid
Chisinau,PM2.5 - Principal,2022-08-05 09:00 AM,2022,08,05,09,18.7,65,Moderate,18.0,UG/M3,1 Hr,Valid
Chisinau,PM2.5 - Principal,2022-08-05 10:00 AM,2022,08,05,10,16.9,61,Moderate,14.0,UG/M3,1 Hr,Valid
Chisinau,PM2.5 - Principal,2022-08-05 11:00 AM,2022,08,05,11,17.4,62,Moderate,18.0,UG/M3,1 Hr,Valid
Chisinau,PM2.5 - Principal,2022-08-05 12:00 PM,2022,08,05,12,17.9,63,Moderate,19.0,UG/M3,1 Hr,Valid
Chisinau,PM2.5 - Principal,2022-08-05 01:00 PM,2022,08,05,13,16.9,61,Moderate,15.0,UG/M3,1 Hr,Valid
Chisinau,PM2.5 - Principal,2022-08-05 02:00 PM,2022,08,05,14,16.6,60,Moderate,16.0,UG/M3,1 Hr,Valid
Chisinau,PM2.5 - Principal,2022-08-05 03:00 PM,2022,08,05,15,17.7,63,Moderate,20.0,UG/M3,1 Hr,Valid
Chisinau,PM2.5 - Principal,2022-08-05 04:00 PM,2022,08,05,16,17.4,62,Moderate,17.0,UG/M3,1 Hr,Valid
Chisinau,PM2.5 - Principal,2022-08-05 05:00 PM,2022,08,05,17,18.0,63,Moderate,19.0,UG/M3,1 Hr,Valid
Chisinau,PM2.5 - Principal,2022-08-05 06:00 PM,2022,08,05,18,17.3,62,Moderate,16.0,UG/M3,1 Hr,Valid
Chisinau,PM2.5 - Principal,2022-08-05 07:00 PM,2022,08,05,19,16.8,61,Moderate,16.0,UG/M3,1 Hr,Valid
Chisinau,PM2.5 - Principal,2022-08-05 08:00 PM,2022,08,05,20,17.8,63,Moderate,20.0,UG/M3,1 Hr,Valid
Chisinau,PM2.5 - Principal,2022-08-05 09:00 PM,2022,08,05,21,17.2,62,Moderate,16.0,UG/M3,1 Hr,Valid
Chisinau,PM2.5 - Principal,2022-08-05 10:00 PM,2022,08,05,22,18.0,63,Moderate,20.0,UG/M3,1 Hr,Valid
Chisinau,PM2.5 - Principal,2022-08-05 11:00 PM,2022,08,05,23,18.5,64,Moderate,20.0,UG/M3,1 Hr,Valid
Chisinau,PM2.5 - Principal,2022-08-06 12:00 AM,2022,08,06,00,17.6,63,Moderate,15.0,UG/M3,1 Hr,Valid
Chisinau,PM2.5 - Principal,2022-08-06 01:00 AM,2022,08,06,01,19.9,67,Moderate,24.0,UG/M3,1 Hr,Valid
Chisinau,PM2.5 - Principal,2022-08-06 02:00 AM,2022,08,06,02,21.0,70,Moderate,23.0,UG/M3,1 Hr,Valid
Chisinau,PM2.5 - Principal,2022-08-06 03:00 AM,2022,08,06,03,21.8,71,Moderate,23.0,UG/M3,1 Hr,Valid
Chisinau,PM2.5 - Principal,2022-08-06 04:00 AM,2022,08,06,04,22.2,72,Moderate,23.0,UG/M3,1 Hr,Valid
Chisinau,PM2.5 - Principal,2022-08-06 05:00 AM,2022,08,06,05,20.6,69,Moderate,18.0,UG/M3,1 Hr,Valid
Chisinau,PM2.5 - Principal,2022-08-06 06:00 AM,2022,08,06,06,20.0,68,Moderate,19.0,UG/M3,1 Hr,Valid
Chisinau,PM2.5 - Principal,2022-08-06 07:00 AM,2022,08,06,07,20.4,68,Moderate,21.0,UG/M3,1 Hr,Valid
Chisinau,PM2.5 - Principal,2022-08-06 08:00 AM,2022,08,06,08,19.5,67,Moderate,18.0,UG/M3,1 Hr,Valid
Chisinau,PM2.5 - Principal,2022-08-06 09:00 AM,2022,08,06,09,19.3,66,Moderate,19.0,UG/M3,1 Hr,Valid
Chisinau,PM2.5 - Principal,2022-08-06 10:00 AM,2022,08,06,10,20.7,69,Moderate,23.0,UG/M3,1 Hr,Valid
Chisinau,PM2.5 - Principal,2022-08-06 11:00 AM,2022,08,06,11,22.4,73,Moderate,25.0,UG/M3,1 Hr,Valid
Chisinau,PM2.5 - Principal,2022-08-06 12:00 PM,2022,08,06,12,21.9,72,Moderate,22.0,UG/M3,1 Hr,Valid
Chisinau,PM2.5 - Principal,2022-08-06 01:00 PM,2022,08,06,13,21.9,72,Moderate,22.0,UG/M3,1 Hr,Valid
Chisinau,PM2.5 - Principal,2022-08-06 02:00 PM,2022,08,06,14,19.8,67,Moderate,16.0,UG/M3,1 Hr,Valid
Chisinau,PM2.5 - Principal,2022-08-06 03:00 PM,2022,08,06,15,17.8,63,Moderate,15.0,UG/M3,1 Hr,Valid
Chisinau,PM2.5 - Principal,2022-08-06 04:00 PM,2022,08,06,16,19.4,66,Moderate,22.0,UG/M3,1 Hr,Valid
Chisinau,PM2.5 - Principal,2022-08-06 05:00 PM,2022,08,06,17,18.0,63,Moderate,16.0,UG/M3,1 Hr,Valid
Chisinau,PM2.5 - Principal,2022-08-06 06:00 PM,2022,08,06,18,18.8,65,Moderate,20.0,UG/M3,1 Hr,Valid
Chisinau,PM2.5 - Principal,2022-08-06 07:00 PM,2022,08,06,19,18.9,65,Moderate,19.0,UG/M3,1 Hr,Valid
Chisinau,PM2.5 - Principal,2022-08-06 08:00 PM,2022,08,06,20,21.3,70,Moderate,25.0,UG/M3,1 Hr,Valid
Chisinau,PM2.5 - Principal,2022-08-06 09:00 PM,2022,08,06,21,23.4,75,Moderate,26.0,UG/M3,1 Hr,Valid
Chisinau,PM2.5 - Principal,2022-08-06 10:00 PM,2022,08,06,22,24.0,76,Moderate,25.0,UG/M3,1 Hr,Valid
Chisinau,PM2.5 - Principal,2022-08-06 11:00 PM,2022,08,06,23,21.9,72,Moderate,19.0,UG/M3,1 Hr,Valid
Chisinau,PM2.5 - Principal,2022-08-07 12:00 AM,2022,08,07,00,23.6,75,Moderate,26.0,UG/M3,1 Hr,Valid
Chisinau,PM2.5 - Principal,2022-08-07 01:00 AM,2022,08,07,01,26.3,81,Moderate,29.0,UG/M3,1 Hr,Valid
Chisinau,PM2.5 - Principal,2022-08-07 02:00 AM,2022,08,07,02,24.2,76,Moderate,22.0,UG/M3,1 Hr,Valid
Chisinau,PM2.5 - Principal,2022-08-07 03:00 AM,2022,08,07,03,23.6,75,Moderate,23.0,UG/M3,1 Hr,Valid
Chisinau,PM2.5 - Principal,2022-08-07 04:00 AM,2022,08,07,04,22.9,74,Moderate,22.0,UG/M3,1 Hr,Valid
Chisinau,PM2.5 - Principal,2022-08-07 05:00 AM,2022,08,07,05,22.7,73,Moderate,22.0,UG/M3,1 Hr,Valid
Chisinau,PM2.5 - Principal,2022-08-07 06:00 AM,2022,08,07,06,23.2,74,Moderate,24.0,UG/M3,1 Hr,Valid
Chisinau,PM2.5 - Principal,2022-08-07 07:00 AM,2022,08,07,07,21.2,70,Moderate,18.0,UG/M3,1 Hr,Valid
Chisinau,PM2.5 - Principal,2022-08-07 08:00 AM,2022,08,07,08,21.1,70,Moderate,21.0,UG/M3,1 Hr,Valid
Chisinau,PM2.5 - Principal,2022-08-07 09:00 AM,2022,08,07,09,20.6,69,Moderate,20.0,UG/M3,1 Hr,Valid
Chisinau,PM2.5 - Principal,2022-08-07 10:00 AM,2022,08,07,10,20.0,68,Moderate,19.0,UG/M3,1 Hr,Valid
Chisinau,PM2.5 - Principal,2022-08-07 11:00 AM,2022,08,07,11,19.6,67,Moderate,19.0,UG/M3,1 Hr,Valid
Chisinau,PM2.5 - Principal,2022-08-07 12:00 PM,2022,08,07,12,20.1,68,Moderate,21.0,UG/M3,1 Hr,Valid
Chisinau,PM2.5 - Principal,2022-08-07 01:00 PM,2022,08,07,13,24.6,77,Moderate,31.0,UG/M3,1 Hr,Valid
Chisinau,PM2.5 - Principal,2022-08-07 02:00 PM,2022,08,07,14,19.7,67,Moderate,14.0,UG/M3,1 Hr,Valid
Chisinau,PM2.5 - Principal,2022-08-07 03:00 PM,2022,08,07,15,15.8,59,Moderate,12.0,UG/M3,1 Hr,Valid
Chisinau,PM2.5 - Principal,2022-08-07 04:00 PM,2022,08,07,16,14.4,56,Moderate,13.0,UG/M3,1 Hr,Valid
Chisinau,PM2.5 - Principal,2022-08-07 05:00 PM,2022,08,07,17,16.2,60,Moderate,18.0,UG/M3,1 Hr,Valid
Chisinau,PM2.5 - Principal,2022-08-07 06:00 PM,2022,08,07,18,19.6,67,Moderate,23.0,UG/M3,1 Hr,Valid
Chisinau,PM2.5 - Principal,2022-08-07 07:00 PM,2022,08,07,19,25.8,80,Moderate,32.0,UG/M3,1 Hr,Valid
Chisinau,PM2.5 - Principal,2022-08-07 08:00 PM,2022,08,07,20,21.4,71,Moderate,17.0,UG/M3,1 Hr,Valid
Chisinau,PM2.5 - Principal,2022-08-07 09:00 PM,2022,08,07,21,20.2,68,Moderate,19.0,UG/M3,1 Hr,Valid
Chisinau,PM2.5 - Principal,2022-08-07 10:00 PM,2022,08,07,22,18.6,65,Moderate,17.0,UG/M3,1 Hr,Valid
Chisinau,PM2.5 - Principal,2022-08-07 11:00 PM,2022,08,07,23,18.8,65,Moderate,19.0,UG/M3,1 Hr,Valid
Chisinau,PM2.5 - Principal,2022-08-08 12:00 AM,2022,08,08,00,19.4,66,Moderate,20.0,UG/M3,1 Hr,Valid
Chisinau,PM2.5 - Principal,2022-08-08 01:00 AM,2022,08,08,01,20.6,69,Moderate,22.0,UG/M3,1 Hr,Valid
Chisinau,PM2.5 - Principal,2022-08-08 02:00 AM,2022,08,08,02,16.3,60,Moderate,12.0,UG/M3,1 Hr,Valid
Chisinau,PM2.5 - Principal,2022-08-08 03:00 AM,2022,08,08,03,12.6,52,Moderate,9.0,UG/M3,1 Hr,Valid
Chisinau,PM2.5 - Principal,2022-08-08 04:00 AM,2022,08,08,04,11.8,49,Good,11.0,UG/M3,1 Hr,Valid
Chisinau,PM2.5 - Principal,2022-08-08 05:00 AM,2022,08,08,05,11.9,50,Good,12.0,UG/M3,1 Hr,Valid
Chisinau,PM2.5 - Principal,2022-08-08 06:00 AM,2022,08,08,06,11.9,50,Good,12.0,UG/M3,1 Hr,Valid
Chisinau,PM2.5 - Principal,2022-08-08 07:00 AM,2022,08,08,07,12.4,52,Moderate,13.0,UG/M3,1 Hr,Valid
Chisinau,PM2.5 - Principal,2022-08-08 08:00 AM,2022,08,08,08,12.7,52,Moderate,13.0,UG/M3,1 Hr,Valid
Chisinau,PM2.5 - Principal,2022-08-08 09:00 AM,2022,08,08,09,15.3,58,Moderate,18.0,UG/M3,1 Hr,Valid
Chisinau,PM2.5 - Principal,2022-08-08 10:00 AM,2022,08,08,10,15.1,57,Moderate,15.0,UG/M3,1 Hr,Valid
Chisinau,PM2.5 - Principal,2022-08-08 11:00 AM,2022,08,08,11,34.0,97,Moderate,53.0,UG/M3,1 Hr,Valid
Chisinau,PM2.5 - Principal,2022-08-08 12:00 PM,2022,08,08,12,32.5,94,Moderate,31.0,UG/M3,1 Hr,Valid
Chisinau,PM2.5 - Principal,2022-08-08 01:00 PM,2022,08,08,13,26.2,81,Moderate,20.0,UG/M3,1 Hr,Valid
Chisinau,PM2.5 - Principal,2022-08-08 02:00 PM,2022,08,08,14,22.6,73,Moderate,19.0,UG/M3,1 Hr,Valid
Chisinau,PM2.5 - Principal,2022-08-08 03:00 PM,2022,08,08,15,22.3,72,Moderate,22.0,UG/M3,1 Hr,Valid
Chisinau,PM2.5 - Principal,2022-08-08 04:00 PM,2022,08,08,16,19.1,66,Moderate,16.0,UG/M3,1 Hr,Valid
Chisinau,PM2.5 - Principal,2022-08-08 05:00 PM,2022,08,08,17,18.0,63,Moderate,17.0,UG/M3,1 Hr,Valid
Chisinau,PM2.5 - Principal,2022-08-08 06:00 PM,2022,08,08,18,18.0,63,Moderate,18.0,UG/M3,1 Hr,Valid
Chisinau,PM2.5 - Principal,2022-08-08 07:00 PM,2022,08,08,19,17.0,61,Moderate,16.0,UG/M3,1 Hr,Valid
Chisinau,PM2.5 - Principal,2022-08-08 08:00 PM,2022,08,08,20,16.5,60,Moderate,16.0,UG/M3,1 Hr,Valid
Chisinau,PM2.5 - Principal,2022-08-08 09:00 PM,2022,08,08,21,17.7,63,Moderate,19.0,UG/M3,1 Hr,Valid
Chisinau,PM2.5 - Principal,2022-08-08 10:00 PM,2022,08,08,22,19.3,66,Moderate,21.0,UG/M3,1 Hr,Valid
Chisinau,PM2.5 - Principal,2022-08-08 11:00 PM,2022,08,08,23,19.1,66,Moderate,19.0,UG/M3,1 Hr,Valid
Chisinau,PM2.5 - Principal,2022-08-09 12:00 AM,2022,08,09,00,18.2,64,Moderate,17.0,UG/M3,1 Hr,Valid
Chisinau,PM2.5 - Principal,2022-08-09 01:00 AM,2022,08,09,01,17.8,63,Moderate,17.0,UG/M3,1 Hr,Valid
Chisinau,PM2.5 - Principal,2022-08-09 02:00 AM,2022,08,09,02,18.1,64,Moderate,19.0,UG/M3,1 Hr,Valid
Chisinau,PM2.5 - Principal,2022-08-09 03:00 AM,2022,08,09,03,18.5,64,Moderate,20.0,UG/M3,1 Hr,Valid
Chisinau,PM2.5 - Principal,2022-08-09 04:00 AM,2022,08,09,04,17.1,62,Moderate,14.0,UG/M3,1 Hr,Valid
Chisinau,PM2.5 - Principal,2022-08-09 05:00 AM,2022,08,09,05,16.4,60,Moderate,15.0,UG/M3,1 Hr,Valid
Chisinau,PM2.5 - Principal,2022-08-09 06:00 AM,2022,08,09,06,16.6,60,Moderate,17.0,UG/M3,1 Hr,Valid
Chisinau,PM2.5 - Principal,2022-08-09 07:00 AM,2022,08,09,07,16.7,61,Moderate,17.0,UG/M3,1 Hr,Valid
Chisinau,PM2.5 - Principal,2022-08-09 08:00 AM,2022,08,09,08,16.8,61,Moderate,17.0,UG/M3,1 Hr,Valid
Chisinau,PM2.5 - Principal,2022-08-09 09:00 AM,2022,08,09,09,18.2,64,Moderate,21.0,UG/M3,1 Hr,Valid
Chisinau,PM2.5 - Principal,2022-08-09 10:00 AM,2022,08,09,10,17.4,62,Moderate,16.0,UG/M3,1 Hr,Valid
Chisinau,PM2.5 - Principal,2022-08-09 11:00 AM,2022,08,09,11,19.1,66,Moderate,22.0,UG/M3,1 Hr,Valid
Chisinau,PM2.5 - Principal,2022-08-09 12:00 PM,2022,08,09,12,18.3,64,Moderate,17.0,UG/M3,1 Hr,Valid
Chisinau,PM2.5 - Principal,2022-08-09 01:00 PM,2022,08,09,13,18.9,65,Moderate,20.0,UG/M3,1 Hr,Valid
Chisinau,PM2.5 - Principal,2022-08-09 02:00 PM,2022,08,09,14,17.8,63,Moderate,16.0,UG/M3,1 Hr,Valid
Chisinau,PM2.5 - Principal,2022-08-09 03:00 PM,2022,08,09,15,17.5,62,Moderate,17.0,UG/M3,1 Hr,Valid
Chisinau,PM2.5 - Principal,2022-08-09 04:00 PM,2022,08,09,16,16.2,60,Moderate,14.0,UG/M3,1 Hr,Valid
Chisinau,PM2.5 - Principal,2022-08-09 05:00 PM,2022,08,09,17,17.2,62,Moderate,19.0,UG/M3,1 Hr,Valid
Chisinau,PM2.5 - Principal,2022-08-09 06:00 PM,2022,08,09,18,16.8,61,Moderate,16.0,UG/M3,1 Hr,Valid
Chisinau,PM2.5 - Principal,2022-08-09 07:00 PM,2022,08,09,19,17.6,63,Moderate,19.0,UG/M3,1 Hr,Valid
Chisinau,PM2.5 - Principal,2022-08-09 08:00 PM,2022,08,09,20,17.0,61,Moderate,16.0,UG/M3,1 Hr,Valid
Chisinau,PM2.5 - Principal,2022-08-09 09:00 PM,2022,08,09,21,15.9,59,Moderate,14.0,UG/M3,1 Hr,Valid
Chisinau,PM2.5 - Principal,2022-08-09 10:00 PM,2022,08,09,22,16.3,60,Moderate,17.0,UG/M3,1 Hr,Valid
Chisinau,PM2.5 - Principal,2022-08-09 11:00 PM,2022,08,09,23,14.5,56,Moderate,12.0,UG/M3,1 Hr,Valid
Chisinau,PM2.5 - Principal,2022-08-10 12:00 AM,2022,08,10,00,13.9,55,Moderate,13.0,UG/M3,1 Hr,Valid
Chisinau,PM2.5 - Principal,2022-08-10 01:00 AM,2022,08,10,01,13.2,53,Moderate,12.0,UG/M3,1 Hr,Valid
Chisinau,PM2.5 - Principal,2022-08-10 02:00 AM,2022,08,10,02,13.1,53,Moderate,13.0,UG/M3,1 Hr,Valid
Chisinau,PM2.5 - Principal,2022-08-10 03:00 AM,2022,08,10,03,12.7,52,Moderate,12.0,UG/M3,1 Hr,Valid
Chisinau,PM2.5 - Principal,2022-08-10 04:00 AM,2022,08,10,04,13.5,54,Moderate,15.0,UG/M3,1 Hr,Valid
Chisinau,PM2.5 - Principal,2022-08-10 05:00 AM,2022,08,10,05,13.3,54,Moderate,13.0,UG/M3,1 Hr,Valid
Chisinau,PM2.5 - Principal,2022-08-10 06:00 AM,2022,08,10,06,12.3,51,Moderate,11.0,UG/M3,1 Hr,Valid
Chisinau,PM2.5 - Principal,2022-08-10 07:00 AM,2022,08,10,07,12.3,51,Moderate,12.0,UG/M3,1 Hr,Valid
Chisinau,PM2.5 - Principal,2022-08-10 08:00 AM,2022,08,10,08,12.1,51,Moderate,12.0,UG/M3,1 Hr,Valid
Chisinau,PM2.5 - Principal,2022-08-10 09:00 AM,2022,08,10,09,12.1,51,Moderate,12.0,UG/M3,1 Hr,Valid
Chisinau,PM2.5 - Principal,2022-08-10 10:00 AM,2022,08,10,10,14.3,56,Moderate,18.0,UG/M3,1 Hr,Valid
Chisinau,PM2.5 - Principal,2022-08-10 11:00 AM,2022,08,10,11,15.0,57,Moderate,16.0,UG/M3,1 Hr,Valid
Chisinau,PM2.5 - Principal,2022-08-10 12:00 PM,2022,08,10,12,14.6,56,Moderate,14.0,UG/M3,1 Hr,Valid
Chisinau,PM2.5 - Principal,2022-08-10 01:00 PM,2022,08,10,13,14.3,56,Moderate,14.0,UG/M3,1 Hr,Valid
Chisinau,PM2.5 - Principal,2022-08-10 02:00 PM,2022,08,10,14,14.2,55,Moderate,14.0,UG/M3,1 Hr,Valid
Chisinau,PM2.5 - Principal,2022-08-10 03:00 PM,2022,08,10,15,14.1,55,Moderate,14.0,UG/M3,1 Hr,Valid
Chisinau,PM2.5 - Principal,2022-08-10 04:00 PM,2022,08,10,16,12.9,53,Moderate,11.0,UG/M3,1 Hr,Valid
Chisinau,PM2.5 - Principal,2022-08-10 05:00 PM,2022,08,10,17,12.5,52,Moderate,12.0,UG/M3,1 Hr,Valid
Chisinau,PM2.5 - Principal,2022-08-10 06:00 PM,2022,08,10,18,13.5,54,Moderate,15.0,UG/M3,1 Hr,Valid
Chisinau,PM2.5 - Principal,2022-08-10 07:00 PM,2022,08,10,19,12.5,52,Moderate,11.0,UG/M3,1 Hr,Valid
Chisinau,PM2.5 - Principal,2022-08-10 08:00 PM,2022,08,10,20,12.7,52,Moderate,13.0,UG/M3,1 Hr,Valid
Chisinau,PM2.5 - Principal,2022-08-10 09:00 PM,2022,08,10,21,14.7,56,Moderate,18.0,UG/M3,1 Hr,Valid
Chisinau,PM2.5 - Principal,2022-08-10 10:00 PM,2022,08,10,22,13.3,54,Moderate,11.0,UG/M3,1 Hr,Valid
Chisinau,PM2.5 - Principal,2022-08-10 11:00 PM,2022,08,10,23,11.8,49,Good,10.0,UG/M3,1 Hr,Valid
Chisinau,PM2.5 - Principal,2022-08-11 12:00 AM,2022,08,11,00,13.2,53,Moderate,15.0,UG/M3,1 Hr,Valid
Chisinau,PM2.5 - Principal,2022-08-11 01:00 AM,2022,08,11,01,12.2,51,Moderate,11.0,UG/M3,1 Hr,Valid
Chisinau,PM2.5 - Principal,2022-08-11 02:00 AM,2022,08,11,02,11.6,48,Good,11.0,UG/M3,1 Hr,Valid
Chisinau,PM2.5 - Principal,2022-08-11 03:00 AM,2022,08,11,03,11.3,47,Good,11.0,UG/M3,1 Hr,Valid
Chisinau,PM2.5 - Principal,2022-08-11 04:00 AM,2022,08,11,04,11.2,47,Good,11.0,UG/M3,1 Hr,Valid
Chisinau,PM2.5 - Principal,2022-08-11 05:00 AM,2022,08,11,05,11.1,46,Good,11.0,UG/M3,1 Hr,Valid
Chisinau,PM2.5 - Principal,2022-08-11 06:00 AM,2022,08,11,06,11.0,46,Good,11.0,UG/M3,1 Hr,Valid
Chisinau,PM2.5 - Principal,2022-08-11 07:00 AM,2022,08,11,07,10.0,42,Good,9.0,UG/M3,1 Hr,Valid
Chisinau,PM2.5 - Principal,2022-08-11 08:00 AM,2022,08,11,08,10.0,42,Good,10.0,UG/M3,1 Hr,Valid
Chisinau,PM2.5 - Principal,2022-08-11 09:00 AM,2022,08,11,09,11.6,48,Good,14.0,UG/M3,1 Hr,Valid
Chisinau,PM2.5 - Principal,2022-08-11 10:00 AM,2022,08,11,10,12.2,51,Moderate,13.0,UG/M3,1 Hr,Valid
Chisinau,PM2.5 - Principal,2022-08-11 11:00 AM,2022,08,11,11,12.1,51,Moderate,12.0,UG/M3,1 Hr,Valid
Chisinau,PM2.5 - Principal,2022-08-11 12:00 PM,2022,08,11,12,13.8,55,Moderate,16.0,UG/M3,1 Hr,Valid
Chisinau,PM2.5 - Principal,2022-08-11 01:00 PM,2022,08,11,13,23.0,74,Moderate,32.0,UG/M3,1 Hr,Valid
Chisinau,PM2.5 - Principal,2022-08-11 02:00 PM,2022,08,11,14,18.0,63,Moderate,13.0,UG/M3,1 Hr,Valid
Chisinau,PM2.5 - Principal,2022-08-11 03:00 PM,2022,08,11,15,14.0,55,Moderate,10.0,UG/M3,1 Hr,Valid
Chisinau,PM2.5 - Principal,2022-08-11 04:00 PM,2022,08,11,16,17.5,62,Moderate,21.0,UG/M3,1 Hr,Valid
Chisinau,PM2.5 - Principal,2022-08-11 05:00 PM,2022,08,11,17,16.7,61,Moderate,16.0,UG/M3,1 Hr,Valid
Chisinau,PM2.5 - Principal,2022-08-11 06:00 PM,2022,08,11,18,16.8,61,Moderate,17.0,UG/M3,1 Hr,Valid
Chisinau,PM2.5 - Principal,2022-08-11 07:00 PM,2022,08,11,19,16.9,61,Moderate,17.0,UG/M3,1 Hr,Valid
Chisinau,PM2.5 - Principal,2022-08-11 08:00 PM,2022,08,11,20,17.4,62,Moderate,18.0,UG/M3,1 Hr,Valid
Chisinau,PM2.5 - Principal,2022-08-11 09:00 PM,2022,08,11,21,17.2,62,Moderate,17.0,UG/M3,1 Hr,Valid
Chisinau,PM2.5 - Principal,2022-08-11 10:00 PM,2022,08,11,22,17.1,62,Moderate,17.0,UG/M3,1 Hr,Valid
Chisinau,PM2.5 - Principal,2022-08-11 11:00 PM,2022,08,11,23,19.0,66,Moderate,21.0,UG/M3,1 Hr,Valid
Chisinau,PM2.5 - Principal,2022-08-12 12:00 AM,2022,08,12,00,17.0,61,Moderate,15.0,UG/M3,1 Hr,Valid
Chisinau,PM2.5 - Principal,2022-08-12 01:00 AM,2022,08,12,01,17.5,62,Moderate,18.0,UG/M3,1 Hr,Valid
Chisinau,PM2.5 - Principal,2022-08-12 02:00 AM,2022,08,12,02,19.2,66,Moderate,21.0,UG/M3,1 Hr,Valid
Chisinau,PM2.5 - Principal,2022-08-12 03:00 AM,2022,08,12,03,18.1,64,Moderate,17.0,UG/M3,1 Hr,Valid
Chisinau,PM2.5 - Principal,2022-08-12 04:00 AM,2022,08,12,04,17.7,63,Moderate,17.0,UG/M3,1 Hr,Valid
Chisinau,PM2.5 - Principal,2022-08-12 05:00 AM,2022,08,12,05,17.5,62,Moderate,17.0,UG/M3,1 Hr,Valid
Chisinau,PM2.5 - Principal,2022-08-12 06:00 AM,2022,08,12,06,17.1,62,Moderate,16.0,UG/M3,1 Hr,Valid
Chisinau,PM2.5 - Principal,2022-08-12 07:00 AM,2022,08,12,07,17.9,63,Moderate,20.0,UG/M3,1 Hr,Valid
Chisinau,PM2.5 - Principal,2022-08-12 08:00 AM,2022,08,12,08,18.5,64,Moderate,20.0,UG/M3,1 Hr,Valid
Chisinau,PM2.5 - Principal,2022-08-12 09:00 AM,2022,08,12,09,19.2,66,Moderate,21.0,UG/M3,1 Hr,Valid
Chisinau,PM2.5 - Principal,2022-08-12 10:00 AM,2022,08,12,10,18.6,65,Moderate,17.0,UG/M3,1 Hr,Valid
Chisinau,PM2.5 - Principal,2022-08-12 11:00 AM,2022,08,12,11,19.0,66,Moderate,20.0,UG/M3,1 Hr,Valid
Chisinau,PM2.5 - Principal,2022-08-12 12:00 PM,2022,08,12,12,19.2,66,Moderate,20.0,UG/M3,1 Hr,Valid
Chisinau,PM2.5 - Principal,2022-08-12 01:00 PM,2022,08,12,13,20.0,68,Moderate,22.0,UG/M3,1 Hr,Valid
Chisinau,PM2.5 - Principal,2022-08-12 02:00 PM,2022,08,12,14,21.0,70,Moderate,23.0,UG/M3,1 Hr,Valid
Chisinau,PM2.5 - Principal,2022-08-12 03:00 PM,2022,08,12,15,29.4,87,Moderate,37.0,UG/M3,1 Hr,Valid
Chisinau,PM2.5 - Principal,2022-08-12 04:00 PM,2022,08,12,16,25.2,79,Moderate,21.0,UG/M3,1 Hr,Valid
Chisinau,PM2.5 - Principal,2022-08-12 05:00 PM,2022,08,12,17,24.6,77,Moderate,24.0,UG/M3,1 Hr,Valid
Chisinau,PM2.5 - Principal,2022-08-12 06:00 PM,2022,08,12,18,22.8,74,Moderate,21.0,UG/M3,1 Hr,Valid
Chisinau,PM2.5 - Principal,2022-08-12 07:00 PM,2022,08,12,19,20.9,70,Moderate,19.0,UG/M3,1 Hr,Valid
Chisinau,PM2.5 - Principal,2022-08-12 08:00 PM,2022,08,12,20,21.4,71,Moderate,22.0,UG/M3,1 Hr,Valid
Chisinau,PM2.5 - Principal,2022-08-12 09:00 PM,2022,08,12,21,18.2,64,Moderate,15.0,UG/M3,1 Hr,Valid
Chisinau,PM2.5 - Principal,2022-08-12 10:00 PM,2022,08,12,22,17.6,63,Moderate,17.0,UG/M3,1 Hr,Valid
Chisinau,PM2.5 - Principal,2022-08-12 11:00 PM,2022,08,12,23,19.3,66,Moderate,21.0,UG/M3,1 Hr,Valid
Chisinau,PM2.5 - Principal,2022-08-13 12:00 AM,2022,08,13,00,19.6,67,Moderate,20.0,UG/M3,1 Hr,Valid
Chisinau,PM2.5 - Principal,2022-08-13 01:00 AM,2022,08,13,01,20.3,68,Moderate,21.0,UG/M3,1 Hr,Valid
Chisinau,PM2.5 - Principal,2022-08-13 02:00 AM,2022,08,13,02,21.1,70,Moderate,22.0,UG/M3,1 Hr,Valid
Chisinau,PM2.5 - Principal,2022-08-13 03:00 AM,2022,08,13,03,23.0,74,Moderate,26.0,UG/M3,1 Hr,Valid
Chisinau,PM2.5 - Principal,2022-08-13 04:00 AM,2022,08,13,04,23.4,75,Moderate,24.0,UG/M3,1 Hr,Valid
Chisinau,PM2.5 - Principal,2022-08-13 05:00 AM,2022,08,13,05,22.8,74,Moderate,22.0,UG/M3,1 Hr,Valid
Chisinau,PM2.5 - Principal,2022-08-13 06:00 AM,2022,08,13,06,23.3,75,Moderate,24.0,UG/M3,1 Hr,Valid
Chisinau,PM2.5 - Principal,2022-08-13 07:00 AM,2022,08,13,07,22.7,73,Moderate,22.0,UG/M3,1 Hr,Valid
Chisinau,PM2.5 - Principal,2022-08-13 08:00 AM,2022,08,13,08,24.6,77,Moderate,27.0,UG/M3,1 Hr,Valid
Chisinau,PM2.5 - Principal,2022-08-13 09:00 AM,2022,08,13,09,23.1,74,Moderate,21.0,UG/M3,1 Hr,Valid
Chisinau,PM2.5 - Principal,2022-08-13 10:00 AM,2022,08,13,10,22.5,73,Moderate,21.0,UG/M3,1 Hr,Valid
Chisinau,PM2.5 - Principal,2022-08-13 11:00 AM,2022,08,13,11,22.9,74,Moderate,24.0,UG/M3,1 Hr,Valid
Chisinau,PM2.5 - Principal,2022-08-13 12:00 PM,2022,08,13,12,22.7,73,Moderate,22.0,UG/M3,1 Hr,Valid
Chisinau,PM2.5 - Principal,2022-08-13 01:00 PM,2022,08,13,13,22.6,73,Moderate,22.0,UG/M3,1 Hr,Valid
Chisinau,PM2.5 - Principal,2022-08-13 02:00 PM,2022,08,13,14,22.4,73,Moderate,22.0,UG/M3,1 Hr,Valid
Chisinau,PM2.5 - Principal,2022-08-13 03:00 PM,2022,08,13,15,23.5,75,Moderate,27.0,UG/M3,1 Hr,Valid
Chisinau,PM2.5 - Principal,2022-08-13 04:00 PM,2022,08,13,16,24.0,76,Moderate,26.0,UG/M3,1 Hr,Valid
Chisinau,PM2.5 - Principal,2022-08-13 05:00 PM,2022,08,13,17,24.3,77,Moderate,25.0,UG/M3,1 Hr,Valid
Chisinau,PM2.5 - Principal,2022-08-13 06:00 PM,2022,08,13,18,24.2,76,Moderate,24.0,UG/M3,1 Hr,Valid
Chisinau,PM2.5 - Principal,2022-08-13 07:00 PM,2022,08,13,19,24.9,78,Moderate,27.0,UG/M3,1 Hr,Valid
Chisinau,PM2.5 - Principal,2022-08-13 08:00 PM,2022,08,13,20,25.1,78,Moderate,26.0,UG/M3,1 Hr,Valid
Chisinau,PM2.5 - Principal,2022-08-13 09:00 PM,2022,08,13,21,24.9,78,Moderate,24.0,UG/M3,1 Hr,Valid
Chisinau,PM2.5 - Principal,2022-08-13 10:00 PM,2022,08,13,22,23.2,74,Moderate,19.0,UG/M3,1 Hr,Valid
Chisinau,PM2.5 - Principal,2022-08-13 11:00 PM,2022,08,13,23,23.7,75,Moderate,25.0,UG/M3,1 Hr,Valid
Chisinau,PM2.5 - Principal,2022-08-14 12:00 AM,2022,08,14,00,21.7,71,Moderate,18.0,UG/M3,1 Hr,Valid
Chisinau,PM2.5 - Principal,2022-08-14 01:00 AM,2022,08,14,01,16.3,60,Moderate,12.0,UG/M3,1 Hr,Valid
Chisinau,PM2.5 - Principal,2022-08-14 02:00 AM,2022,08,14,02,18.1,64,Moderate,20.0,UG/M3,1 Hr,Valid
Chisinau,PM2.5 - Principal,2022-08-14 03:00 AM,2022,08,14,03,18.0,63,Moderate,18.0,UG/M3,1 Hr,Valid
Chisinau,PM2.5 - Principal,2022-08-14 04:00 AM,2022,08,14,04,18.0,63,Moderate,18.0,UG/M3,1 Hr,Valid
Chisinau,PM2.5 - Principal,2022-08-14 05:00 AM,2022,08,14,05,22.0,72,Moderate,26.0,UG/M3,1 Hr,Valid
Chisinau,PM2.5 - Principal,2022-08-14 06:00 AM,2022,08,14,06,21.0,70,Moderate,20.0,UG/M3,1 Hr,Valid
Chisinau,PM2.5 - Principal,2022-08-14 07:00 AM,2022,08,14,07,21.5,71,Moderate,22.0,UG/M3,1 Hr,Valid
Chisinau,PM2.5 - Principal,2022-08-14 08:00 AM,2022,08,14,08,19.2,66,Moderate,17.0,UG/M3,1 Hr,Valid
Chisinau,PM2.5 - Principal,2022-08-14 09:00 AM,2022,08,14,09,17.6,63,Moderate,16.0,UG/M3,1 Hr,Valid
Chisinau,PM2.5 - Principal,2022-08-14 10:00 AM,2022,08,14,10,19.3,66,Moderate,21.0,UG/M3,1 Hr,Valid
Chisinau,PM2.5 - Principal,2022-08-14 11:00 AM,2022,08,14,11,21.6,71,Moderate,24.0,UG/M3,1 Hr,Valid
Chisinau,PM2.5 - Principal,2022-08-14 12:00 PM,2022,08,14,12,23.8,76,Moderate,26.0,UG/M3,1 Hr,Valid
Chisinau,PM2.5 - Principal,2022-08-14 01:00 PM,2022,08,14,13,24.7,77,Moderate,27.0,UG/M3,1 Hr,Valid
Chisinau,PM2.5 - Principal,2022-08-14 02:00 PM,2022,08,14,14,24.8,78,Moderate,25.0,UG/M3,1 Hr,Valid
Chisinau,PM2.5 - Principal,2022-08-14 03:00 PM,2022,08,14,15,24.5,77,Moderate,24.0,UG/M3,1 Hr,Valid
Chisinau,PM2.5 - Principal,2022-08-14 04:00 PM,2022,08,14,16,22.2,72,Moderate,19.0,UG/M3,1 Hr,Valid
Chisinau,PM2.5 - Principal,2022-08-14 05:00 PM,2022,08,14,17,20.5,69,Moderate,18.0,UG/M3,1 Hr,Valid
Chisinau,PM2.5 - Principal,2022-08-14 06:00 PM,2022,08,14,18,19.0,66,Moderate,17.0,UG/M3,1 Hr,Valid
Chisinau,PM2.5 - Principal,2022-08-14 07:00 PM,2022,08,14,19,18.2,64,Moderate,17.0,UG/M3,1 Hr,Valid
Chisinau,PM2.5 - Principal,2022-08-14 08:00 PM,2022,08,14,20,19.7,67,Moderate,22.0,UG/M3,1 Hr,Valid
Chisinau,PM2.5 - Principal,2022-08-14 09:00 PM,2022,08,14,21,21.3,70,Moderate,24.0,UG/M3,1 Hr,Valid
Chisinau,PM2.5 - Principal,2022-08-14 10:00 PM,2022,08,14,22,20.1,68,Moderate,18.0,UG/M3,1 Hr,Valid
Chisinau,PM2.5 - Principal,2022-08-14 11:00 PM,2022,08,14,23,19.3,66,Moderate,18.0,UG/M3,1 Hr,Valid
Chisinau,PM2.5 - Principal,2022-08-15 12:00 AM,2022,08,15,00,20.3,68,Moderate,22.0,UG/M3,1 Hr,Valid
Chisinau,PM2.5 - Principal,2022-08-15 01:00 AM,2022,08,15,01,19.8,67,Moderate,19.0,UG/M3,1 Hr,Valid
Chisinau,PM2.5 - Principal,2022-08-15 02:00 AM,2022,08,15,02,17.3,62,Moderate,14.0,UG/M3,1 Hr,Valid
Chisinau,PM2.5 - Principal,2022-08-15 03:00 AM,2022,08,15,03,15.9,59,Moderate,14.0,UG/M3,1 Hr,Valid
Chisinau,PM2.5 - Principal,2022-08-15 04:00 AM,2022,08,15,04,15.1,57,Moderate,14.0,UG/M3,1 Hr,Valid
Chisinau,PM2.5 - Principal,2022-08-15 05:00 AM,2022,08,15,05,15.4,58,Moderate,16.0,UG/M3,1 Hr,Valid
Chisinau,PM2.5 - Principal,2022-08-15 06:00 AM,2022,08,15,06,16.1,59,Moderate,17.0,UG/M3,1 Hr,Valid
Chisinau,PM2.5 - Principal,2022-08-15 07:00 AM,2022,08,15,07,17.7,63,Moderate,20.0,UG/M3,1 Hr,Valid
Chisinau,PM2.5 - Principal,2022-08-15 08:00 AM,2022,08,15,08,17.8,63,Moderate,18.0,UG/M3,1 Hr,Valid
Chisinau,PM2.5 - Principal,2022-08-15 09:00 AM,2022,08,15,09,18.1,64,Moderate,19.0,UG/M3,1 Hr,Valid
Chisinau,PM2.5 - Principal,2022-08-15 10:00 AM,2022,08,15,10,20.1,68,Moderate,23.0,UG/M3,1 Hr,Valid
Chisinau,PM2.5 - Principal,2022-08-15 11:00 AM,2022,08,15,11,20.4,68,Moderate,21.0,UG/M3,1 Hr,Valid
Chisinau,PM2.5 - Principal,2022-08-15 12:00 PM,2022,08,15,12,21.4,71,Moderate,23.0,UG/M3,1 Hr,Valid
Chisinau,PM2.5 - Principal,2022-08-15 01:00 PM,2022,08,15,13,22.0,72,Moderate,23.0,UG/M3,1 Hr,Valid
Chisinau,PM2.5 - Principal,2022-08-15 02:00 PM,2022,08,15,14,22.0,72,Moderate,22.0,UG/M3,1 Hr,Valid
Chisinau,PM2.5 - Principal,2022-08-15 03:00 PM,2022,08,15,15,22.9,74,Moderate,24.0,UG/M3,1 Hr,Valid
Chisinau,PM2.5 - Principal,2022-08-15 04:00 PM,2022,08,15,16,21.7,71,Moderate,20.0,UG/M3,1 Hr,Valid
Chisinau,PM2.5 - Principal,2022-08-15 05:00 PM,2022,08,15,17,21.8,71,Moderate,22.0,UG/M3,1 Hr,Valid
Chisinau,PM2.5 - Principal,2022-08-15 06:00 PM,2022,08,15,18,21.6,71,Moderate,21.0,UG/M3,1 Hr,Valid
Chisinau,PM2.5 - Principal,2022-08-15 07:00 PM,2022,08,15,19,22.9,74,Moderate,26.0,UG/M3,1 Hr,Valid
Chisinau,PM2.5 - Principal,2022-08-15 08:00 PM,2022,08,15,20,23.1,74,Moderate,24.0,UG/M3,1 Hr,Valid
Chisinau,PM2.5 - Principal,2022-08-15 09:00 PM,2022,08,15,21,23.5,75,Moderate,25.0,UG/M3,1 Hr,Valid
Chisinau,PM2.5 - Principal,2022-08-15 10:00 PM,2022,08,15,22,24.5,77,Moderate,27.0,UG/M3,1 Hr,Valid
Chisinau,PM2.5 - Principal,2022-08-15 11:00 PM,2022,08,15,23,25.2,79,Moderate,27.0,UG/M3,1 Hr,Valid
Chisinau,PM2.5 - Principal,2022-08-16 12:00 AM,2022,08,16,00,23.5,75,Moderate,19.0,UG/M3,1 Hr,Valid
Chisinau,PM2.5 - Principal,2022-08-16 01:00 AM,2022,08,16,01,20.2,68,Moderate,16.0,UG/M3,1 Hr,Valid
Chisinau,PM2.5 - Principal,2022-08-16 02:00 AM,2022,08,16,02,16.1,59,Moderate,13.0,UG/M3,1 Hr,Valid
Chisinau,PM2.5 - Principal,2022-08-16 03:00 AM,2022,08,16,03,13.5,54,Moderate,11.0,UG/M3,1 Hr,Valid
Chisinau,PM2.5 - Principal,2022-08-16 04:00 AM,2022,08,16,04,12.7,52,Moderate,12.0,UG/M3,1 Hr,Valid
Chisinau,PM2.5 - Principal,2022-08-16 05:00 AM,2022,08,16,05,13.3,54,Moderate,14.0,UG/M3,1 Hr,Valid
Chisinau,PM2.5 - Principal,2022-08-16 06:00 AM,2022,08,16,06,14.6,56,Moderate,16.0,UG/M3,1 Hr,Valid
Chisinau,PM2.5 - Principal,2022-08-16 07:00 AM,2022,08,16,07,13.8,55,Moderate,13.0,UG/M3,1 Hr,Valid
Chisinau,PM2.5 - Principal,2022-08-16 08:00 AM,2022,08,16,08,14.4,56,Moderate,15.0,UG/M3,1 Hr,Valid
Chisinau,PM2.5 - Principal,2022-08-16 09:00 AM,2022,08,16,09,13.2,53,Moderate,12.0,UG/M3,1 Hr,Valid
Chisinau,PM2.5 - Principal,2022-08-16 10:00 AM,2022,08,16,10,15.1,57,Moderate,17.0,UG/M3,1 Hr,Valid
Chisinau,PM2.5 - Principal,2022-08-16 11:00 AM,2022,08,16,11,15.7,59,Moderate,17.0,UG/M3,1 Hr,Valid
Chisinau,PM2.5 - Principal,2022-08-16 12:00 PM,2022,08,16,12,17.1,62,Moderate,19.0,UG/M3,1 Hr,Valid
Chisinau,PM2.5 - Principal,2022-08-16 01:00 PM,2022,08,16,13,17.9,63,Moderate,19.0,UG/M3,1 Hr,Valid
Chisinau,PM2.5 - Principal,2022-08-16 02:00 PM,2022,08,16,14,17.5,62,Moderate,17.0,UG/M3,1 Hr,Valid
Chisinau,PM2.5 - Principal,2022-08-16 03:00 PM,2022,08,16,15,19.0,66,Moderate,21.0,UG/M3,1 Hr,Valid
Chisinau,PM2.5 - Principal,2022-08-16 04:00 PM,2022,08,16,16,18.5,64,Moderate,18.0,UG/M3,1 Hr,Valid
Chisinau,PM2.5 - Principal,2022-08-16 05:00 PM,2022,08,16,17,16.6,60,Moderate,14.0,UG/M3,1 Hr,Valid
Chisinau,PM2.5 - Principal,2022-08-16 06:00 PM,2022,08,16,18,17.2,62,Moderate,18.0,UG/M3,1 Hr,Valid
Chisinau,PM2.5 - Principal,2022-08-16 07:00 PM,2022,08,16,19,19.9,67,Moderate,23.0,UG/M3,1 Hr,Valid
Chisinau,PM2.5 - Principal,2022-08-16 08:00 PM,2022,08,16,20,20.9,70,Moderate,22.0,UG/M3,1 Hr,Valid
Chisinau,PM2.5 - Principal,2022-08-16 09:00 PM,2022,08,16,21,18.3,64,Moderate,15.0,UG/M3,1 Hr,Valid
Chisinau,PM2.5 - Principal,2022-08-16 10:00 PM,2022,08,16,22,18.2,64,Moderate,18.0,UG/M3,1 Hr,Valid
Chisinau,PM2.5 - Principal,2022-08-16 11:00 PM,2022,08,16,23,18.5,64,Moderate,19.0,UG/M3,1 Hr,Valid
Chisinau,PM2.5 - Principal,2022-08-17 12:00 AM,2022,08,17,00,19.4,66,Moderate,21.0,UG/M3,1 Hr,Valid
Chisinau,PM2.5 - Principal,2022-08-17 01:00 AM,2022,08,17,01,20.8,69,Moderate,23.0,UG/M3,1 Hr,Valid
Chisinau,PM2.5 - Principal,2022-08-17 02:00 AM,2022,08,17,02,22.8,74,Moderate,25.0,UG/M3,1 Hr,Valid
Chisinau,PM2.5 - Principal,2022-08-17 03:00 AM,2022,08,17,03,19.3,66,Moderate,15.0,UG/M3,1 Hr,Valid
Chisinau,PM2.5 - Principal,2022-08-17 04:00 AM,2022,08,17,04,19.2,66,Moderate,19.0,UG/M3,1 Hr,Valid
Chisinau,PM2.5 - Principal,2022-08-17 05:00 AM,2022,08,17,05,18.7,65,Moderate,18.0,UG/M3,1 Hr,Valid
Chisinau,PM2.5 - Principal,2022-08-17 06:00 AM,2022,08,17,06,19.6,67,Moderate,21.0,UG/M3,1 Hr,Valid
Chisinau,PM2.5 - Principal,2022-08-17 07:00 AM,2022,08,17,07,19.8,67,Moderate,20.0,UG/M3,1 Hr,Valid
Chisinau,PM2.5 - Principal,2022-08-17 08:00 AM,2022,08,17,08,24.9,78,Moderate,30.0,UG/M3,1 Hr,Valid
Chisinau,PM2.5 - Principal,2022-08-17 09:00 AM,2022,08,17,09,23.4,75,Moderate,22.0,UG/M3,1 Hr,Valid
Chisinau,PM2.5 - Principal,2022-08-17 10:00 AM,2022,08,17,10,24.7,77,Moderate,26.0,UG/M3,1 Hr,Valid
Chisinau,PM2.5 - Principal,2022-08-17 11:00 AM,2022,08,17,11,23.8,76,Moderate,23.0,UG/M3,1 Hr,Valid
Chisinau,PM2.5 - Principal,2022-08-17 12:00 PM,2022,08,17,12,20.9,70,Moderate,18.0,UG/M3,1 Hr,Valid
Chisinau,PM2.5 - Principal,2022-08-17 01:00 PM,2022,08,17,13,20.4,68,Moderate,20.0,UG/M3,1 Hr,Valid
Chisinau,PM2.5 - Principal,2022-08-17 02:00 PM,2022,08,17,14,21.7,71,Moderate,23.0,UG/M3,1 Hr,Valid
Chisinau,PM2.5 - Principal,2022-08-17 03:00 PM,2022,08,17,15,20.6,69,Moderate,19.0,UG/M3,1 Hr,Valid
Chisinau,PM2.5 - Principal,2022-08-17 04:00 PM,2022,08,17,16,20.3,68,Moderate,20.0,UG/M3,1 Hr,Valid
Chisinau,PM2.5 - Principal,2022-08-17 05:00 PM,2022,08,17,17,21.0,70,Moderate,22.0,UG/M3,1 Hr,Valid
Chisinau,PM2.5 - Principal,2022-08-17 06:00 PM,2022,08,17,18,21.8,71,Moderate,23.0,UG/M3,1 Hr,Valid
Chisinau,PM2.5 - Principal,2022-08-17 07:00 PM,2022,08,17,19,22.2,72,Moderate,23.0,UG/M3,1 Hr,Valid
Chisinau,PM2.5 - Principal,2022-08-17 08:00 PM,2022,08,17,20,21.7,71,Moderate,21.0,UG/M3,1 Hr,Valid
Chisinau,PM2.5 - Principal,2022-08-17 09:00 PM,2022,08,17,21,20.8,69,Moderate,19.0,UG/M3,1 Hr,Valid
Chisinau,PM2.5 - Principal,2022-08-17 10:00 PM,2022,08,17,22,20.2,68,Moderate,18.0,UG/M3,1 Hr,Valid
Chisinau,PM2.5 - Principal,2022-08-17 11:00 PM,2022,08,17,23,18.1,64,Moderate,15.0,UG/M3,1 Hr,Valid
Chisinau,PM2.5 - Principal,2022-08-18 12:00 AM,2022,08,18,00,13.5,54,Moderate,10.0,UG/M3,1 Hr,Valid
Chisinau,PM2.5 - Principal,2022-08-18 01:00 AM,2022,08,18,01,13.7,54,Moderate,14.0,UG/M3,1 Hr,Valid
Chisinau,PM2.5 - Principal,2022-08-18 02:00 AM,2022,08,18,02,14.3,56,Moderate,15.0,UG/M3,1 Hr,Valid
Chisinau,PM2.5 - Principal,2022-08-18 03:00 AM,2022,08,18,03,13.6,54,Moderate,13.0,UG/M3,1 Hr,Valid
Chisinau,PM2.5 - Principal,2022-08-18 04:00 AM,2022,08,18,04,14.3,56,Moderate,15.0,UG/M3,1 Hr,Valid
Chisinau,PM2.5 - Principal,2022-08-18 05:00 AM,2022,08,18,05,14.6,56,Moderate,15.0,UG/M3,1 Hr,Valid
Chisinau,PM2.5 - Principal,2022-08-18 06:00 AM,2022,08,18,06,14.3,56,Moderate,14.0,UG/M3,1 Hr,Valid
Chisinau,PM2.5 - Principal,2022-08-18 07:00 AM,2022,08,18,07,15.1,57,Moderate,16.0,UG/M3,1 Hr,Valid
Chisinau,PM2.5 - Principal,2022-08-18 08:00 AM,2022,08,18,08,14.1,55,Moderate,13.0,UG/M3,1 Hr,Valid
Chisinau,PM2.5 - Principal,2022-08-18 09:00 AM,2022,08,18,09,15.8,59,Moderate,18.0,UG/M3,1 Hr,Valid
Chisinau,PM2.5 - Principal,2022-08-18 10:00 AM,2022,08,18,10,16.8,61,Moderate,18.0,UG/M3,1 Hr,Valid
Chisinau,PM2.5 - Principal,2022-08-18 11:00 AM,2022,08,18,11,21.0,70,Moderate,25.0,UG/M3,1 Hr,Valid
Chisinau,PM2.5 - Principal,2022-08-18 12:00 PM,2022,08,18,12,21.3,70,Moderate,22.0,UG/M3,1 Hr,Valid
Chisinau,PM2.5 - Principal,2022-08-18 01:00 PM,2022,08,18,13,22.1,72,Moderate,23.0,UG/M3,1 Hr,Valid
Chisinau,PM2.5 - Principal,2022-08-18 02:00 PM,2022,08,18,14,20.6,69,Moderate,19.0,UG/M3,1 Hr,Valid
Chisinau,PM2.5 - Principal,2022-08-18 03:00 PM,2022,08,18,15,18.4,64,Moderate,16.0,UG/M3,1 Hr,Valid
Chisinau,PM2.5 - Principal,2022-08-18 04:00 PM,2022,08,18,16,18.6,65,Moderate,19.0,UG/M3,1 Hr,Valid
Chisinau,PM2.5 - Principal,2022-08-18 05:00 PM,2022,08,18,17,16.9,61,Moderate,15.0,UG/M3,1 Hr,Valid
Chisinau,PM2.5 - Principal,2022-08-18 06:00 PM,2022,08,18,18,18.8,65,Moderate,21.0,UG/M3,1 Hr,Valid
Chisinau,PM2.5 - Principal,2022-08-18 07:00 PM,2022,08,18,19,17.9,63,Moderate,17.0,UG/M3,1 Hr,Valid
Chisinau,PM2.5 - Principal,2022-08-18 08:00 PM,2022,08,18,20,18.0,63,Moderate,18.0,UG/M3,1 Hr,Valid
Chisinau,PM2.5 - Principal,2022-08-18 09:00 PM,2022,08,18,21,17.6,63,Moderate,17.0,UG/M3,1 Hr,Valid
Chisinau,PM2.5 - Principal,2022-08-18 10:00 PM,2022,08,18,22,17.3,62,Moderate,17.0,UG/M3,1 Hr,Valid
Chisinau,PM2.5 - Principal,2022-08-18 11:00 PM,2022,08,18,23,17.2,62,Moderate,17.0,UG/M3,1 Hr,Valid
Chisinau,PM2.5 - Principal,2022-08-19 12:00 AM,2022,08,19,00,19.2,66,Moderate,23.0,UG/M3,1 Hr,Valid
Chisinau,PM2.5 - Principal,2022-08-19 01:00 AM,2022,08,19,01,19.1,66,Moderate,19.0,UG/M3,1 Hr,Valid
Chisinau,PM2.5 - Principal,2022-08-19 02:00 AM,2022,08,19,02,18.4,64,Moderate,17.0,UG/M3,1 Hr,Valid
Chisinau,PM2.5 - Principal,2022-08-19 03:00 AM,2022,08,19,03,20.0,68,Moderate,23.0,UG/M3,1 Hr,Valid
Chisinau,PM2.5 - Principal,2022-08-19 04:00 AM,2022,08,19,04,19.3,66,Moderate,18.0,UG/M3,1 Hr,Valid
Chisinau,PM2.5 - Principal,2022-08-19 05:00 AM,2022,08,19,05,17.8,63,Moderate,15.0,UG/M3,1 Hr,Valid
Chisinau,PM2.5 - Principal,2022-08-19 06:00 AM,2022,08,19,06,17.8,63,Moderate,18.0,UG/M3,1 Hr,Valid
Chisinau,PM2.5 - Principal,2022-08-19 07:00 AM,2022,08,19,07,17.9,63,Moderate,18.0,UG/M3,1 Hr,Valid
Chisinau,PM2.5 - Principal,2022-08-19 08:00 AM,2022,08,19,08,17.2,62,Moderate,16.0,UG/M3,1 Hr,Valid
Chisinau,PM2.5 - Principal,2022-08-19 09:00 AM,2022,08,19,09,17.5,62,Moderate,18.0,UG/M3,1 Hr,Valid
Chisinau,PM2.5 - Principal,2022-08-19 10:00 AM,2022,08,19,10,18.7,65,Moderate,21.0,UG/M3,1 Hr,Valid
Chisinau,PM2.5 - Principal,2022-08-19 11:00 AM,2022,08,19,11,19.8,67,Moderate,22.0,UG/M3,1 Hr,Valid
Chisinau,PM2.5 - Principal,2022-08-19 12:00 PM,2022,08,19,12,19.9,67,Moderate,20.0,UG/M3,1 Hr,Valid
Chisinau,PM2.5 - Principal,2022-08-19 01:00 PM,2022,08,19,13,19.2,66,Moderate,18.0,UG/M3,1 Hr,Valid
Chisinau,PM2.5 - Principal,2022-08-19 02:00 PM,2022,08,19,14,18.8,65,Moderate,18.0,UG/M3,1 Hr,Valid
Chisinau,PM2.5 - Principal,2022-08-19 03:00 PM,2022,08,19,15,18.2,64,Moderate,17.0,UG/M3,1 Hr,Valid
Chisinau,PM2.5 - Principal,2022-08-19 04:00 PM,2022,08,19,16,18.4,64,Moderate,19.0,UG/M3,1 Hr,Valid
Chisinau,PM2.5 - Principal,2022-08-19 05:00 PM,2022,08,19,17,18.6,65,Moderate,19.0,UG/M3,1 Hr,Valid
Chisinau,PM2.5 - Principal,2022-08-19 06:00 PM,2022,08,19,18,18.7,65,Moderate,19.0,UG/M3,1 Hr,Valid
Chisinau,PM2.5 - Principal,2022-08-19 07:00 PM,2022,08,19,19,18.8,65,Moderate,19.0,UG/M3,1 Hr,Valid
Chisinau,PM2.5 - Principal,2022-08-19 08:00 PM,2022,08,19,20,18.0,63,Moderate,16.0,UG/M3,1 Hr,Valid
Chisinau,PM2.5 - Principal,2022-08-19 09:00 PM,2022,08,19,21,18.6,65,Moderate,20.0,UG/M3,1 Hr,Valid
Chisinau,PM2.5 - Principal,2022-08-19 10:00 PM,2022,08,19,22,18.6,65,Moderate,19.0,UG/M3,1 Hr,Valid
Chisinau,PM2.5 - Principal,2022-08-19 11:00 PM,2022,08,19,23,21.0,70,Moderate,25.0,UG/M3,1 Hr,Valid
Chisinau,PM2.5 - Principal,2022-08-20 12:00 AM,2022,08,20,00,20.2,68,Moderate,19.0,UG/M3,1 Hr,Valid
Chisinau,PM2.5 - Principal,2022-08-20 01:00 AM,2022,08,20,01,20.1,68,Moderate,20.0,UG/M3,1 Hr,Valid
Chisinau,PM2.5 - Principal,2022-08-20 02:00 AM,2022,08,20,02,19.0,66,Moderate,17.0,UG/M3,1 Hr,Valid
Chisinau,PM2.5 - Principal,2022-08-20 03:00 AM,2022,08,20,03,17.9,63,Moderate,16.0,UG/M3,1 Hr,Valid
Chisinau,PM2.5 - Principal,2022-08-20 04:00 AM,2022,08,20,04,18.6,65,Moderate,20.0,UG/M3,1 Hr,Valid
Chisinau,PM2.5 - Principal,2022-08-20 05:00 AM,2022,08,20,05,19.5,67,Moderate,21.0,UG/M3,1 Hr,Valid
Chisinau,PM2.5 - Principal,2022-08-20 06:00 AM,2022,08,20,06,18.9,65,Moderate,18.0,UG/M3,1 Hr,Valid
Chisinau,PM2.5 - Principal,2022-08-20 07:00 AM,2022,08,20,07,18.9,65,Moderate,19.0,UG/M3,1 Hr,Valid
Chisinau,PM2.5 - Principal,2022-08-20 08:00 AM,2022,08,20,08,19.7,67,Moderate,21.0,UG/M3,1 Hr,Valid
Chisinau,PM2.5 - Principal,2022-08-20 09:00 AM,2022,08,20,09,19.4,66,Moderate,19.0,UG/M3,1 Hr,Valid
Chisinau,PM2.5 - Principal,2022-08-20 10:00 AM,2022,08,20,10,18.9,65,Moderate,18.0,UG/M3,1 Hr,Valid
Chisinau,PM2.5 - Principal,2022-08-20 11:00 AM,2022,08,20,11,20.6,69,Moderate,24.0,UG/M3,1 Hr,Valid
Chisinau,PM2.5 - Principal,2022-08-20 12:00 PM,2022,08,20,12,20.4,68,Moderate,20.0,UG/M3,1 Hr,Valid
Chisinau,PM2.5 - Principal,2022-08-20 01:00 PM,2022,08,20,13,20.2,68,Moderate,20.0,UG/M3,1 Hr,Valid
Chisinau,PM2.5 - Principal,2022-08-20 02:00 PM,2022,08,20,14,19.5,67,Moderate,18.0,UG/M3,1 Hr,Valid
Chisinau,PM2.5 - Principal,2022-08-20 03:00 PM,2022,08,20,15,20.0,68,Moderate,21.0,UG/M3,1 Hr,Valid
Chisinau,PM2.5 - Principal,2022-08-20 04:00 PM,2022,08,20,16,19.7,67,Moderate,19.0,UG/M3,1 Hr,Valid
Chisinau,PM2.5 - Principal,2022-08-20 05:00 PM,2022,08,20,17,19.5,67,Moderate,19.0,UG/M3,1 Hr,Valid
Chisinau,PM2.5 - Principal,2022-08-20 06:00 PM,2022,08,20,18,19.6,67,Moderate,20.0,UG/M3,1 Hr,Valid
Chisinau,PM2.5 - Principal,2022-08-20 07:00 PM,2022,08,20,19,19.2,66,Moderate,18.0,UG/M3,1 Hr,Valid
Chisinau,PM2.5 - Principal,2022-08-20 08:00 PM,2022,08,20,20,20.2,68,Moderate,23.0,UG/M3,1 Hr,Valid
Chisinau,PM2.5 - Principal,2022-08-20 09:00 PM,2022,08,20,21,21.6,71,Moderate,25.0,UG/M3,1 Hr,Valid
Chisinau,PM2.5 - Principal,2022-08-20 10:00 PM,2022,08,20,22,22.6,73,Moderate,25.0,UG/M3,1 Hr,Valid
Chisinau,PM2.5 - Principal,2022-08-20 11:00 PM,2022,08,20,23,21.8,71,Moderate,20.0,UG/M3,1 Hr,Valid
Chisinau,PM2.5 - Principal,2022-08-21 12:00 AM,2022,08,21,00,22.1,72,Moderate,23.0,UG/M3,1 Hr,Valid
Chisinau,PM2.5 - Principal,2022-08-21 01:00 AM,2022,08,21,01,21.5,71,Moderate,20.0,UG/M3,1 Hr,Valid
Chisinau,PM2.5 - Principal,2022-08-21 02:00 AM,2022,08,21,02,17.3,62,Moderate,13.0,UG/M3,1 Hr,Valid
Chisinau,PM2.5 - Principal,2022-08-21 03:00 AM,2022,08,21,03,17.1,62,Moderate,17.0,UG/M3,1 Hr,Valid
Chisinau,PM2.5 - Principal,2022-08-21 04:00 AM,2022,08,21,04,15.1,57,Moderate,13.0,UG/M3,1 Hr,Valid
Chisinau,PM2.5 - Principal,2022-08-21 05:00 AM,2022,08,21,05,14.6,56,Moderate,14.0,UG/M3,1 Hr,Valid
Chisinau,PM2.5 - Principal,2022-08-21 06:00 AM,2022,08,21,06,15.2,58,Moderate,16.0,UG/M3,1 Hr,Valid
Chisinau,PM2.5 - Principal,2022-08-21 07:00 AM,2022,08,21,07,14.6,56,Moderate,14.0,UG/M3,1 Hr,Valid
Chisinau,PM2.5 - Principal,2022-08-21 08:00 AM,2022,08,21,08,15.3,58,Moderate,16.0,UG/M3,1 Hr,Valid
Chisinau,PM2.5 - Principal,2022-08-21 09:00 AM,2022,08,21,09,15.1,57,Moderate,15.0,UG/M3,1 Hr,Valid
Chisinau,PM2.5 - Principal,2022-08-21 10:00 AM,2022,08,21,10,15.9,59,Moderate,17.0,UG/M3,1 Hr,Valid
Chisinau,PM2.5 - Principal,2022-08-21 11:00 AM,2022,08,21,11,17.7,63,Moderate,20.0,UG/M3,1 Hr,Valid
Chisinau,PM2.5 - Principal,2022-08-21 12:00 PM,2022,08,21,12,17.5,62,Moderate,18.0,UG/M3,1 Hr,Valid
Chisinau,PM2.5 - Principal,2022-08-21 01:00 PM,2022,08,21,13,18.9,65,Moderate,21.0,UG/M3,1 Hr,Valid
Chisinau,PM2.5 - Principal,2022-08-21 02:00 PM,2022,08,21,14,18.9,65,Moderate,19.0,UG/M3,1 Hr,Valid
Chisinau,PM2.5 - Principal,2022-08-21 03:00 PM,2022,08,21,15,18.5,64,Moderate,18.0,UG/M3,1 Hr,Valid
Chisinau,PM2.5 - Principal,2022-08-21 04:00 PM,2022,08,21,16,19.8,67,Moderate,22.0,UG/M3,1 Hr,Valid
Chisinau,PM2.5 - Principal,2022-08-21 05:00 PM,2022,08,21,17,21.1,70,Moderate,23.0,UG/M3,1 Hr,Valid
Chisinau,PM2.5 - Principal,2022-08-21 06:00 PM,2022,08,21,18,20.3,68,Moderate,19.0,UG/M3,1 Hr,Valid
Chisinau,PM2.5 - Principal,2022-08-21 07:00 PM,2022,08,21,19,17.8,63,Moderate,14.0,UG/M3,1 Hr,Valid
Chisinau,PM2.5 - Principal,2022-08-21 08:00 PM,2022,08,21,20,17.9,63,Moderate,18.0,UG/M3,1 Hr,Valid
Chisinau,PM2.5 - Principal,2022-08-21 09:00 PM,2022,08,21,21,17.5,62,Moderate,17.0,UG/M3,1 Hr,Valid
Chisinau,PM2.5 - Principal,2022-08-21 10:00 PM,2022,08,21,22,17.3,62,Moderate,17.0,UG/M3,1 Hr,Valid
Chisinau,PM2.5 - Principal,2022-08-21 11:00 PM,2022,08,21,23,17.5,62,Moderate,18.0,UG/M3,1 Hr,Valid
Chisinau,PM2.5 - Principal,2022-08-22 12:00 AM,2022,08,22,00,18.9,65,Moderate,21.0,UG/M3,1 Hr,Valid
Chisinau,PM2.5 - Principal,2022-08-22 01:00 AM,2022,08,22,01,19.3,66,Moderate,20.0,UG/M3,1 Hr,Valid
Chisinau,PM2.5 - Principal,2022-08-22 02:00 AM,2022,08,22,02,19.2,66,Moderate,19.0,UG/M3,1 Hr,Valid
Chisinau,PM2.5 - Principal,2022-08-22 03:00 AM,2022,08,22,03,18.7,65,Moderate,18.0,UG/M3,1 Hr,Valid
Chisinau,PM2.5 - Principal,2022-08-22 04:00 AM,2022,08,22,04,18.4,64,Moderate,18.0,UG/M3,1 Hr,Valid
Chisinau,PM2.5 - Principal,2022-08-22 05:00 AM,2022,08,22,05,17.6,63,Moderate,16.0,UG/M3,1 Hr,Valid
Chisinau,PM2.5 - Principal,2022-08-22 06:00 AM,2022,08,22,06,16.7,61,Moderate,15.0,UG/M3,1 Hr,Valid
Chisinau,PM2.5 - Principal,2022-08-22 07:00 AM,2022,08,22,07,18.1,64,Moderate,21.0,UG/M3,1 Hr,Valid
Chisinau,PM2.5 - Principal,2022-08-22 08:00 AM,2022,08,22,08,17.5,62,Moderate,16.0,UG/M3,1 Hr,Valid
Chisinau,PM2.5 - Principal,2022-08-22 09:00 AM,2022,08,22,09,19.8,67,Moderate,24.0,UG/M3,1 Hr,Valid
Chisinau,PM2.5 - Principal,2022-08-22 10:00 AM,2022,08,22,10,25.3,79,Moderate,30.0,UG/M3,1 Hr,Valid
Chisinau,PM2.5 - Principal,2022-08-22 11:00 AM,2022,08,22,11,29.6,88,Moderate,34.0,UG/M3,1 Hr,Valid
Chisinau,PM2.5 - Principal,2022-08-22 12:00 PM,2022,08,22,12,32.8,95,Moderate,36.0,UG/M3,1 Hr,Valid
Chisinau,PM2.5 - Principal,2022-08-22 01:00 PM,2022,08,22,13,32.9,95,Moderate,33.0,UG/M3,1 Hr,Valid
Chisinau,PM2.5 - Principal,2022-08-22 02:00 PM,2022,08,22,14,31.4,92,Moderate,30.0,UG/M3,1 Hr,Valid
Chisinau,PM2.5 - Principal,2022-08-22 03:00 PM,2022,08,22,15,33.2,95,Moderate,35.0,UG/M3,1 Hr,Valid
Chisinau,PM2.5 - Principal,2022-08-22 04:00 PM,2022,08,22,16,30.1,89,Moderate,27.0,UG/M3,1 Hr,Valid
Chisinau,PM2.5 - Principal,2022-08-22 05:00 PM,2022,08,22,17,27.5,83,Moderate,25.0,UG/M3,1 Hr,Valid
Chisinau,PM2.5 - Principal,2022-08-22 06:00 PM,2022,08,22,18,25.2,79,Moderate,23.0,UG/M3,1 Hr,Valid
Chisinau,PM2.5 - Principal,2022-08-22 07:00 PM,2022,08,22,19,24.1,76,Moderate,23.0,UG/M3,1 Hr,Valid
Chisinau,PM2.5 - Principal,2022-08-22 08:00 PM,2022,08,22,20,22.5,73,Moderate,20.0,UG/M3,1 Hr,Valid
Chisinau,PM2.5 - Principal,2022-08-22 09:00 PM,2022,08,22,21,23.1,74,Moderate,24.0,UG/M3,1 Hr,Valid
Chisinau,PM2.5 - Principal,2022-08-22 10:00 PM,2022,08,22,22,23.0,74,Moderate,23.0,UG/M3,1 Hr,Valid
Chisinau,PM2.5 - Principal,2022-08-22 11:00 PM,2022,08,22,23,28.3,85,Moderate,35.0,UG/M3,1 Hr,Valid
Chisinau,PM2.5 - Principal,2022-08-23 12:00 AM,2022,08,23,00,36.5,103,Unhealthy for Sensitive Groups,44.0,UG/M3,1 Hr,Valid
Chisinau,PM2.5 - Principal,2022-08-23 01:00 AM,2022,08,23,01,42.7,119,Unhealthy for Sensitive Groups,49.0,UG/M3,1 Hr,Valid
Chisinau,PM2.5 - Principal,2022-08-23 02:00 AM,2022,08,23,02,47.3,130,Unhealthy for Sensitive Groups,52.0,UG/M3,1 Hr,Valid
Chisinau,PM2.5 - Principal,2022-08-23 03:00 AM,2022,08,23,03,53.1,144,Unhealthy for Sensitive Groups,59.0,UG/M3,1 Hr,Valid
Chisinau,PM2.5 - Principal,2022-08-23 04:00 AM,2022,08,23,04,54.6,148,Unhealthy for Sensitive Groups,56.0,UG/M3,1 Hr,Valid
Chisinau,PM2.5 - Principal,2022-08-23 05:00 AM,2022,08,23,05,52.8,144,Unhealthy for Sensitive Groups,51.0,UG/M3,1 Hr,Valid
Chisinau,PM2.5 - Principal,2022-08-23 06:00 AM,2022,08,23,06,47.9,132,Unhealthy for Sensitive Groups,43.0,UG/M3,1 Hr,Valid
Chisinau,PM2.5 - Principal,2022-08-23 07:00 AM,2022,08,23,07,43.4,120,Unhealthy for Sensitive Groups,39.0,UG/M3,1 Hr,Valid
Chisinau,PM2.5 - Principal,2022-08-23 08:00 AM,2022,08,23,08,38.7,109,Unhealthy for Sensitive Groups,34.0,UG/M3,1 Hr,Valid
Chisinau,PM2.5 - Principal,2022-08-23 09:00 AM,2022,08,23,09,40.8,114,Unhealthy for Sensitive Groups,43.0,UG/M3,1 Hr,Valid
Chisinau,PM2.5 - Principal,2022-08-23 10:00 AM,2022,08,23,10,43.7,121,Unhealthy for Sensitive Groups,47.0,UG/M3,1 Hr,Valid
Chisinau,PM2.5 - Principal,2022-08-23 11:00 AM,2022,08,23,11,48.5,133,Unhealthy for Sensitive Groups,55.0,UG/M3,1 Hr,Valid
Chisinau,PM2.5 - Principal,2022-08-23 12:00 PM,2022,08,23,12,47.8,131,Unhealthy for Sensitive Groups,47.0,UG/M3,1 Hr,Valid
Chisinau,PM2.5 - Principal,2022-08-23 01:00 PM,2022,08,23,13,47.0,129,Unhealthy for Sensitive Groups,46.0,UG/M3,1 Hr,Valid
Chisinau,PM2.5 - Principal,2022-08-23 02:00 PM,2022,08,23,14,42.7,119,Unhealthy for Sensitive Groups,37.0,UG/M3,1 Hr,Valid
Chisinau,PM2.5 - Principal,2022-08-23 03:00 PM,2022,08,23,15,40.2,113,Unhealthy for Sensitive Groups,36.0,UG/M3,1 Hr,Valid
Chisinau,PM2.5 - Principal,2022-08-23 04:00 PM,2022,08,23,16,35.1,99,Moderate,30.0,UG/M3,1 Hr,Valid
Chisinau,PM2.5 - Principal,2022-08-23 05:00 PM,2022,08,23,17,31.3,91,Moderate,28.0,UG/M3,1 Hr,Valid
Chisinau,PM2.5 - Principal,2022-08-23 06:00 PM,2022,08,23,18,26.6,81,Moderate,22.0,UG/M3,1 Hr,Valid
Chisinau,PM2.5 - Principal,2022-08-23 07:00 PM,2022,08,23,19,25.8,80,Moderate,25.0,UG/M3,1 Hr,Valid
Chisinau,PM2.5 - Principal,2022-08-23 08:00 PM,2022,08,23,20,30.4,89,Moderate,35.0,UG/M3,1 Hr,Valid
Chisinau,PM2.5 - Principal,2022-08-23 09:00 PM,2022,08,23,21,47.2,130,Unhealthy for Sensitive Groups,64.0,UG/M3,1 Hr,Valid
Chisinau,PM2.5 - Principal,2022-08-23 10:00 PM,2022,08,23,22,60.1,153,Unhealthy,73.0,UG/M3,1 Hr,Valid
Chisinau,PM2.5 - Principal,2022-08-23 11:00 PM,2022,08,23,23,57.5,152,Unhealthy,55.0,UG/M3,1 Hr,Valid
Chisinau,PM2.5 - Principal,2022-08-24 12:00 AM,2022,08,24,00,52.2,142,Unhealthy for Sensitive Groups,47.0,UG/M3,1 Hr,Valid
Chisinau,PM2.5 - Principal,2022-08-24 01:00 AM,2022,08,24,01,45.6,126,Unhealthy for Sensitive Groups,39.0,UG/M3,1 Hr,Valid
Chisinau,PM2.5 - Principal,2022-08-24 02:00 AM,2022,08,24,02,40.8,114,Unhealthy for Sensitive Groups,36.0,UG/M3,1 Hr,Valid
Chisinau,PM2.5 - Principal,2022-08-24 03:00 AM,2022,08,24,03,33.4,96,Moderate,26.0,UG/M3,1 Hr,Valid
Chisinau,PM2.5 - Principal,2022-08-24 04:00 AM,2022,08,24,04,30.2,89,Moderate,27.0,UG/M3,1 Hr,Valid
Chisinau,PM2.5 - Principal,2022-08-24 05:00 AM,2022,08,24,05,29.1,87,Moderate,28.0,UG/M3,1 Hr,Valid
Chisinau,PM2.5 - Principal,2022-08-24 06:00 AM,2022,08,24,06,30.0,89,Moderate,31.0,UG/M3,1 Hr,Valid
Chisinau,PM2.5 - Principal,2022-08-24 07:00 AM,2022,08,24,07,30.0,89,Moderate,30.0,UG/M3,1 Hr,Valid
Chisinau,PM2.5 - Principal,2022-08-24 08:00 AM,2022,08,24,08,28.5,85,Moderate,27.0,UG/M3,1 Hr,Valid
Chisinau,PM2.5 - Principal,2022-08-24 09:00 AM,2022,08,24,09,27.7,84,Moderate,27.0,UG/M3,1 Hr,Valid
Chisinau,PM2.5 - Principal,2022-08-24 10:00 AM,2022,08,24,10,27.3,83,Moderate,27.0,UG/M3,1 Hr,Valid
Chisinau,PM2.5 - Principal,2022-08-24 11:00 AM,2022,08,24,11,27.4,83,Moderate,-999.0,UG/M3,1 Hr,Missing
Chisinau,PM2.5 - Principal,2022-08-24 12:00 PM,2022,08,24,12,28.3,85,Moderate,29.0,UG/M3,1 Hr,Valid
Chisinau,PM2.5 - Principal,2022-08-24 01:00 PM,2022,08,24,13,30.5,90,Moderate,35.0,UG/M3,1 Hr,Valid
Chisinau,PM2.5 - Principal,2022-08-24 02:00 PM,2022,08,24,14,32.2,93,Moderate,36.0,UG/M3,1 Hr,Valid
Chisinau,PM2.5 - Principal,2022-08-24 03:00 PM,2022,08,24,15,35.8,102,Unhealthy for Sensitive Groups,41.0,UG/M3,1 Hr,Valid
Chisinau,PM2.5 - Principal,2022-08-24 04:00 PM,2022,08,24,16,38.9,109,Unhealthy for Sensitive Groups,43.0,UG/M3,1 Hr,Valid
Chisinau,PM2.5 - Principal,2022-08-24 05:00 PM,2022,08,24,17,42.2,117,Unhealthy for Sensitive Groups,46.0,UG/M3,1 Hr,Valid
Chisinau,PM2.5 - Principal,2022-08-24 06:00 PM,2022,08,24,18,43.3,120,Unhealthy for Sensitive Groups,45.0,UG/M3,1 Hr,Valid
Chisinau,PM2.5 - Principal,2022-08-24 07:00 PM,2022,08,24,19,37.8,107,Unhealthy for Sensitive Groups,30.0,UG/M3,1 Hr,Valid
Chisinau,PM2.5 - Principal,2022-08-24 08:00 PM,2022,08,24,20,28.5,85,Moderate,20.0,UG/M3,1 Hr,Valid
Chisinau,PM2.5 - Principal,2022-08-24 09:00 PM,2022,08,24,21,27.2,83,Moderate,26.0,UG/M3,1 Hr,Valid
Chisinau,PM2.5 - Principal,2022-08-24 10:00 PM,2022,08,24,22,26.1,80,Moderate,25.0,UG/M3,1 Hr,Valid
Chisinau,PM2.5 - Principal,2022-08-24 11:00 PM,2022,08,24,23,27.0,82,Moderate,28.0,UG/M3,1 Hr,Valid
Chisinau,PM2.5 - Principal,2022-08-25 12:00 AM,2022,08,25,00,22.0,72,Moderate,17.0,UG/M3,1 Hr,Valid
Chisinau,PM2.5 - Principal,2022-08-25 01:00 AM,2022,08,25,01,21.0,70,Moderate,20.0,UG/M3,1 Hr,Valid
Chisinau,PM2.5 - Principal,2022-08-25 02:00 AM,2022,08,25,02,20.5,69,Moderate,20.0,UG/M3,1 Hr,Valid
Chisinau,PM2.5 - Principal,2022-08-25 03:00 AM,2022,08,25,03,19.7,67,Moderate,19.0,UG/M3,1 Hr,Valid
Chisinau,PM2.5 - Principal,2022-08-25 04:00 AM,2022,08,25,04,18.3,64,Moderate,17.0,UG/M3,1 Hr,Valid
Chisinau,PM2.5 - Principal,2022-08-25 05:00 AM,2022,08,25,05,16.1,59,Moderate,14.0,UG/M3,1 Hr,Valid
Chisinau,PM2.5 - Principal,2022-08-25 06:00 AM,2022,08,25,06,15.0,57,Moderate,14.0,UG/M3,1 Hr,Valid
Chisinau,PM2.5 - Principal,2022-08-25 07:00 AM,2022,08,25,07,18.0,63,Moderate,21.0,UG/M3,1 Hr,Valid
Chisinau,PM2.5 - Principal,2022-08-25 08:00 AM,2022,08,25,08,17.5,62,Moderate,17.0,UG/M3,1 Hr,Valid
Chisinau,PM2.5 - Principal,2022-08-25 09:00 AM,2022,08,25,09,18.7,65,Moderate,20.0,UG/M3,1 Hr,Valid
Chisinau,PM2.5 - Principal,2022-08-25 10:00 AM,2022,08,25,10,19.3,66,Moderate,20.0,UG/M3,1 Hr,Valid
Chisinau,PM2.5 - Principal,2022-08-25 11:00 AM,2022,08,25,11,18.8,65,Moderate,-999.0,UG/M3,1 Hr,Missing
Chisinau,PM2.5 - Principal,2022-08-25 01:00 PM,2022,08,25,13,-999.0,-999,N/A,17.0,UG/M3,1 Hr,Valid
Chisinau,PM2.5 - Principal,2022-08-25 02:00 PM,2022,08,25,14,25.1,78,Moderate,30.0,UG/M3,1 Hr,Valid
Chisinau,PM2.5 - Principal,2022-08-25 03:00 PM,2022,08,25,15,26.1,80,Moderate,27.0,UG/M3,1 Hr,Valid
Chisinau,PM2.5 - Principal,2022-08-25 04:00 PM,2022,08,25,16,22.4,73,Moderate,19.0,UG/M3,1 Hr,Valid
Chisinau,PM2.5 - Principal,2022-08-25 05:00 PM,2022,08,25,17,20.1,68,Moderate,18.0,UG/M3,1 Hr,Valid
Chisinau,PM2.5 - Principal,2022-08-25 06:00 PM,2022,08,25,18,17.5,62,Moderate,15.0,UG/M3,1 Hr,Valid
Chisinau,PM2.5 - Principal,2022-08-25 07:00 PM,2022,08,25,19,16.7,61,Moderate,16.0,UG/M3,1 Hr,Valid
Chisinau,PM2.5 - Principal,2022-08-25 08:00 PM,2022,08,25,20,16.8,61,Moderate,17.0,UG/M3,1 Hr,Valid
Chisinau,PM2.5 - Principal,2022-08-25 09:00 PM,2022,08,25,21,15.9,59,Moderate,15.0,UG/M3,1 Hr,Valid
Chisinau,PM2.5 - Principal,2022-08-25 10:00 PM,2022,08,25,22,18.9,65,Moderate,22.0,UG/M3,1 Hr,Valid
Chisinau,PM2.5 - Principal,2022-08-25 11:00 PM,2022,08,25,23,20.4,68,Moderate,22.0,UG/M3,1 Hr,Valid
Chisinau,PM2.5 - Principal,2022-08-26 12:00 AM,2022,08,26,00,20.4,68,Moderate,-999.0,UG/M3,1 Hr,Missing
Chisinau,PM2.5 - Principal,2022-08-26 01:00 AM,2022,08,26,01,17.4,62,Moderate,16.0,UG/M3,1 Hr,Valid
Chisinau,PM2.5 - Principal,2022-08-26 02:00 AM,2022,08,26,02,15.5,58,Moderate,14.0,UG/M3,1 Hr,Valid
Chisinau,PM2.5 - Principal,2022-08-26 03:00 AM,2022,08,26,03,16.9,61,Moderate,18.0,UG/M3,1 Hr,Valid
Chisinau,PM2.5 - Principal,2022-08-26 04:00 AM,2022,08,26,04,14.5,56,Moderate,12.0,UG/M3,1 Hr,Valid
Chisinau,PM2.5 - Principal,2022-08-26 05:00 AM,2022,08,26,05,14.7,56,Moderate,15.0,UG/M3,1 Hr,Valid
Chisinau,PM2.5 - Principal,2022-08-26 06:00 AM,2022,08,26,06,15.7,59,Moderate,17.0,UG/M3,1 Hr,Valid
Chisinau,PM2.5 - Principal,2022-08-26 07:00 AM,2022,08,26,07,17.2,62,Moderate,19.0,UG/M3,1 Hr,Valid
Chisinau,PM2.5 - Principal,2022-08-26 08:00 AM,2022,08,26,08,16.6,60,Moderate,16.0,UG/M3,1 Hr,Valid
Chisinau,PM2.5 - Principal,2022-08-26 09:00 AM,2022,08,26,09,16.8,61,Moderate,17.0,UG/M3,1 Hr,Valid
Chisinau,PM2.5 - Principal,2022-08-26 10:00 AM,2022,08,26,10,16.9,61,Moderate,17.0,UG/M3,1 Hr,Valid
Chisinau,PM2.5 - Principal,2022-08-26 11:00 AM,2022,08,26,11,19.8,67,Moderate,23.0,UG/M3,1 Hr,Valid
Chisinau,PM2.5 - Principal,2022-08-26 12:00 PM,2022,08,26,12,19.4,66,Moderate,19.0,UG/M3,1 Hr,Valid
Chisinau,PM2.5 - Principal,2022-08-26 01:00 PM,2022,08,26,13,21.1,70,Moderate,23.0,UG/M3,1 Hr,Valid
Chisinau,PM2.5 - Principal,2022-08-26 02:00 PM,2022,08,26,14,24.6,77,Moderate,28.0,UG/M3,1 Hr,Valid
Chisinau,PM2.5 - Principal,2022-08-26 03:00 PM,2022,08,26,15,30.8,90,Moderate,37.0,UG/M3,1 Hr,Valid
Chisinau,PM2.5 - Principal,2022-08-26 04:00 PM,2022,08,26,16,44.4,123,Unhealthy for Sensitive Groups,58.0,UG/M3,1 Hr,Valid
Chisinau,PM2.5 - Principal,2022-08-26 05:00 PM,2022,08,26,17,49.2,135,Unhealthy for Sensitive Groups,54.0,UG/M3,1 Hr,Valid
Chisinau,PM2.5 - Principal,2022-08-26 06:00 PM,2022,08,26,18,48.6,133,Unhealthy for Sensitive Groups,48.0,UG/M3,1 Hr,Valid
Chisinau,PM2.5 - Principal,2022-08-26 07:00 PM,2022,08,26,19,50.8,139,Unhealthy for Sensitive Groups,53.0,UG/M3,1 Hr,Valid
Chisinau,PM2.5 - Principal,2022-08-26 08:00 PM,2022,08,26,20,48.9,134,Unhealthy for Sensitive Groups,47.0,UG/M3,1 Hr,Valid
Chisinau,PM2.5 - Principal,2022-08-26 09:00 PM,2022,08,26,21,44.9,124,Unhealthy for Sensitive Groups,41.0,UG/M3,1 Hr,Valid
Chisinau,PM2.5 - Principal,2022-08-26 10:00 PM,2022,08,26,22,43.4,120,Unhealthy for Sensitive Groups,42.0,UG/M3,1 Hr,Valid
Chisinau,PM2.5 - Principal,2022-08-26 11:00 PM,2022,08,26,23,38.7,109,Unhealthy for Sensitive Groups,34.0,UG/M3,1 Hr,Valid
Chisinau,PM2.5 - Principal,2022-08-27 12:00 AM,2022,08,27,00,31.8,92,Moderate,25.0,UG/M3,1 Hr,Valid
Chisinau,PM2.5 - Principal,2022-08-27 01:00 AM,2022,08,27,01,26.4,81,Moderate,21.0,UG/M3,1 Hr,Valid
Chisinau,PM2.5 - Principal,2022-08-27 02:00 AM,2022,08,27,02,23.7,75,Moderate,21.0,UG/M3,1 Hr,Valid
Chisinau,PM2.5 - Principal,2022-08-27 03:00 AM,2022,08,27,03,19.8,67,Moderate,16.0,UG/M3,1 Hr,Valid
Chisinau,PM2.5 - Principal,2022-08-27 04:00 AM,2022,08,27,04,21.4,71,Moderate,23.0,UG/M3,1 Hr,Valid
Chisinau,PM2.5 - Principal,2022-08-27 05:00 AM,2022,08,27,05,21.2,70,Moderate,21.0,UG/M3,1 Hr,Valid
Chisinau,PM2.5 - Principal,2022-08-27 06:00 AM,2022,08,27,06,19.6,67,Moderate,18.0,UG/M3,1 Hr,Valid
Chisinau,PM2.5 - Principal,2022-08-27 07:00 AM,2022,08,27,07,18.7,65,Moderate,18.0,UG/M3,1 Hr,Valid
Chisinau,PM2.5 - Principal,2022-08-27 08:00 AM,2022,08,27,08,19.3,66,Moderate,20.0,UG/M3,1 Hr,Valid
Chisinau,PM2.5 - Principal,2022-08-27 09:00 AM,2022,08,27,09,20.1,68,Moderate,21.0,UG/M3,1 Hr,Valid
Chisinau,PM2.5 - Principal,2022-08-27 10:00 AM,2022,08,27,10,21.0,70,Moderate,22.0,UG/M3,1 Hr,Valid
Chisinau,PM2.5 - Principal,2022-08-27 11:00 AM,2022,08,27,11,19.3,66,Moderate,17.0,UG/M3,1 Hr,Valid
Chisinau,PM2.5 - Principal,2022-08-27 12:00 PM,2022,08,27,12,20.2,68,Moderate,22.0,UG/M3,1 Hr,Valid
Chisinau,PM2.5 - Principal,2022-08-27 01:00 PM,2022,08,27,13,18.4,64,Moderate,15.0,UG/M3,1 Hr,Valid
Chisinau,PM2.5 - Principal,2022-08-27 02:00 PM,2022,08,27,14,19.6,67,Moderate,22.0,UG/M3,1 Hr,Valid
Chisinau,PM2.5 - Principal,2022-08-27 03:00 PM,2022,08,27,15,18.7,65,Moderate,17.0,UG/M3,1 Hr,Valid
Chisinau,PM2.5 - Principal,2022-08-27 04:00 PM,2022,08,27,16,18.8,65,Moderate,19.0,UG/M3,1 Hr,Valid
Chisinau,PM2.5 - Principal,2022-08-27 05:00 PM,2022,08,27,17,19.2,66,Moderate,20.0,UG/M3,1 Hr,Valid
Chisinau,PM2.5 - Principal,2022-08-27 06:00 PM,2022,08,27,18,18.1,64,Moderate,16.0,UG/M3,1 Hr,Valid
Chisinau,PM2.5 - Principal,2022-08-27 07:00 PM,2022,08,27,19,19.4,66,Moderate,22.0,UG/M3,1 Hr,Valid
Chisinau,PM2.5 - Principal,2022-08-27 08:00 PM,2022,08,27,20,19.9,67,Moderate,21.0,UG/M3,1 Hr,Valid
Chisinau,PM2.5 - Principal,2022-08-27 09:00 PM,2022,08,27,21,19.3,66,Moderate,18.0,UG/M3,1 Hr,Valid
Chisinau,PM2.5 - Principal,2022-08-27 10:00 PM,2022,08,27,22,20.5,69,Moderate,23.0,UG/M3,1 Hr,Valid
Chisinau,PM2.5 - Principal,2022-08-27 11:00 PM,2022,08,27,23,23.0,74,Moderate,26.0,UG/M3,1 Hr,Valid
Chisinau,PM2.5 - Principal,2022-08-28 12:00 AM,2022,08,28,00,25.4,79,Moderate,28.0,UG/M3,1 Hr,Valid
Chisinau,PM2.5 - Principal,2022-08-28 01:00 AM,2022,08,28,01,25.9,80,Moderate,27.0,UG/M3,1 Hr,Valid
Chisinau,PM2.5 - Principal,2022-08-28 02:00 AM,2022,08,28,02,25.5,79,Moderate,25.0,UG/M3,1 Hr,Valid
Chisinau,PM2.5 - Principal,2022-08-28 03:00 AM,2022,08,28,03,28.2,85,Moderate,31.0,UG/M3,1 Hr,Valid
Chisinau,PM2.5 - Principal,2022-08-28 04:00 AM,2022,08,28,04,27.1,83,Moderate,26.0,UG/M3,1 Hr,Valid
Chisinau,PM2.5 - Principal,2022-08-28 05:00 AM,2022,08,28,05,25.1,78,Moderate,23.0,UG/M3,1 Hr,Valid
Chisinau,PM2.5 - Principal,2022-08-28 06:00 AM,2022,08,28,06,26.4,81,Moderate,28.0,UG/M3,1 Hr,Valid
Chisinau,PM2.5 - Principal,2022-08-28 07:00 AM,2022,08,28,07,25.4,79,Moderate,24.0,UG/M3,1 Hr,Valid
Chisinau,PM2.5 - Principal,2022-08-28 08:00 AM,2022,08,28,08,24.8,78,Moderate,24.0,UG/M3,1 Hr,Valid
Chisinau,PM2.5 - Principal,2022-08-28 09:00 AM,2022,08,28,09,23.7,75,Moderate,21.0,UG/M3,1 Hr,Valid
Chisinau,PM2.5 - Principal,2022-08-28 10:00 AM,2022,08,28,10,24.8,78,Moderate,27.0,UG/M3,1 Hr,Valid
Chisinau,PM2.5 - Principal,2022-08-28 11:00 AM,2022,08,28,11,25.2,79,Moderate,26.0,UG/M3,1 Hr,Valid
Chisinau,PM2.5 - Principal,2022-08-28 12:00 PM,2022,08,28,12,25.1,78,Moderate,25.0,UG/M3,1 Hr,Valid
Chisinau,PM2.5 - Principal,2022-08-28 01:00 PM,2022,08,28,13,26.0,80,Moderate,28.0,UG/M3,1 Hr,Valid
Chisinau,PM2.5 - Principal,2022-08-28 02:00 PM,2022,08,28,14,24.4,77,Moderate,21.0,UG/M3,1 Hr,Valid
Chisinau,PM2.5 - Principal,2022-08-28 03:00 PM,2022,08,28,15,24.4,77,Moderate,24.0,UG/M3,1 Hr,Valid
Chisinau,PM2.5 - Principal,2022-08-28 04:00 PM,2022,08,28,16,24.2,76,Moderate,24.0,UG/M3,1 Hr,Valid
Chisinau,PM2.5 - Principal,2022-08-28 05:00 PM,2022,08,28,17,23.0,74,Moderate,20.0,UG/M3,1 Hr,Valid
Chisinau,PM2.5 - Principal,2022-08-28 06:00 PM,2022,08,28,18,19.5,67,Moderate,16.0,UG/M3,1 Hr,Valid
Chisinau,PM2.5 - Principal,2022-08-28 07:00 PM,2022,08,28,19,18.9,65,Moderate,18.0,UG/M3,1 Hr,Valid
Chisinau,PM2.5 - Principal,2022-08-28 08:00 PM,2022,08,28,20,18.0,63,Moderate,17.0,UG/M3,1 Hr,Valid
Chisinau,PM2.5 - Principal,2022-08-28 09:00 PM,2022,08,28,21,18.4,64,Moderate,19.0,UG/M3,1 Hr,Valid
Chisinau,PM2.5 - Principal,2022-08-28 10:00 PM,2022,08,28,22,19.5,67,Moderate,21.0,UG/M3,1 Hr,Valid
Chisinau,PM2.5 - Principal,2022-08-28 11:00 PM,2022,08,28,23,21.4,71,Moderate,24.0,UG/M3,1 Hr,Valid
Chisinau,PM2.5 - Principal,2022-08-29 12:00 AM,2022,08,29,00,22.5,73,Moderate,24.0,UG/M3,1 Hr,Valid
Chisinau,PM2.5 - Principal,2022-08-29 01:00 AM,2022,08,29,01,21.6,71,Moderate,21.0,UG/M3,1 Hr,Valid
Chisinau,PM2.5 - Principal,2022-08-29 02:00 AM,2022,08,29,02,21.4,71,Moderate,21.0,UG/M3,1 Hr,Valid
Chisinau,PM2.5 - Principal,2022-08-29 03:00 AM,2022,08,29,03,21.2,70,Moderate,21.0,UG/M3,1 Hr,Valid
Chisinau,PM2.5 - Principal,2022-08-29 04:00 AM,2022,08,29,04,20.5,69,Moderate,19.0,UG/M3,1 Hr,Valid
Chisinau,PM2.5 - Principal,2022-08-29 05:00 AM,2022,08,29,05,19.6,67,Moderate,18.0,UG/M3,1 Hr,Valid
Chisinau,PM2.5 - Principal,2022-08-29 06:00 AM,2022,08,29,06,19.8,67,Moderate,20.0,UG/M3,1 Hr,Valid
Chisinau,PM2.5 - Principal,2022-08-29 07:00 AM,2022,08,29,07,19.3,66,Moderate,18.0,UG/M3,1 Hr,Valid
Chisinau,PM2.5 - Principal,2022-08-29 08:00 AM,2022,08,29,08,20.4,68,Moderate,23.0,UG/M3,1 Hr,Valid
Chisinau,PM2.5 - Principal,2022-08-29 09:00 AM,2022,08,29,09,19.8,67,Moderate,18.0,UG/M3,1 Hr,Valid
Chisinau,PM2.5 - Principal,2022-08-29 10:00 AM,2022,08,29,10,22.1,72,Moderate,27.0,UG/M3,1 Hr,Valid
Chisinau,PM2.5 - Principal,2022-08-29 11:00 AM,2022,08,29,11,22.4,73,Moderate,23.0,UG/M3,1 Hr,Valid
Chisinau,PM2.5 - Principal,2022-08-29 12:00 PM,2022,08,29,12,21.9,72,Moderate,21.0,UG/M3,1 Hr,Valid
Chisinau,PM2.5 - Principal,2022-08-29 01:00 PM,2022,08,29,13,20.6,69,Moderate,18.0,UG/M3,1 Hr,Valid
Chisinau,PM2.5 - Principal,2022-08-29 02:00 PM,2022,08,29,14,19.7,67,Moderate,18.0,UG/M3,1 Hr,Valid
Chisinau,PM2.5 - Principal,2022-08-29 03:00 PM,2022,08,29,15,18.6,65,Moderate,17.0,UG/M3,1 Hr,Valid
Chisinau,PM2.5 - Principal,2022-08-29 04:00 PM,2022,08,29,16,19.1,66,Moderate,20.0,UG/M3,1 Hr,Valid
Chisinau,PM2.5 - Principal,2022-08-29 05:00 PM,2022,08,29,17,18.7,65,Moderate,18.0,UG/M3,1 Hr,Valid
Chisinau,PM2.5 - Principal,2022-08-29 06:00 PM,2022,08,29,18,18.4,64,Moderate,18.0,UG/M3,1 Hr,Valid
Chisinau,PM2.5 - Principal,2022-08-29 07:00 PM,2022,08,29,19,18.6,65,Moderate,19.0,UG/M3,1 Hr,Valid
Chisinau,PM2.5 - Principal,2022-08-29 08:00 PM,2022,08,29,20,18.4,64,Moderate,18.0,UG/M3,1 Hr,Valid
Chisinau,PM2.5 - Principal,2022-08-29 09:00 PM,2022,08,29,21,22.7,73,Moderate,29.0,UG/M3,1 Hr,Valid
Chisinau,PM2.5 - Principal,2022-08-29 10:00 PM,2022,08,29,22,22.0,72,Moderate,21.0,UG/M3,1 Hr,Valid
Chisinau,PM2.5 - Principal,2022-08-29 11:00 PM,2022,08,29,23,26.8,82,Moderate,32.0,UG/M3,1 Hr,Valid
Chisinau,PM2.5 - Principal,2022-08-30 12:00 AM,2022,08,30,00,26.4,81,Moderate,26.0,UG/M3,1 Hr,Valid
Chisinau,PM2.5 - Principal,2022-08-30 01:00 AM,2022,08,30,01,25.2,79,Moderate,24.0,UG/M3,1 Hr,Valid
Chisinau,PM2.5 - Principal,2022-08-30 02:00 AM,2022,08,30,02,25.6,79,Moderate,26.0,UG/M3,1 Hr,Valid
Chisinau,PM2.5 - Principal,2022-08-30 03:00 AM,2022,08,30,03,25.7,80,Moderate,26.0,UG/M3,1 Hr,Valid
Chisinau,PM2.5 - Principal,2022-08-30 04:00 AM,2022,08,30,04,24.1,76,Moderate,22.0,UG/M3,1 Hr,Valid
Chisinau,PM2.5 - Principal,2022-08-30 05:00 AM,2022,08,30,05,23.6,75,Moderate,23.0,UG/M3,1 Hr,Valid
Chisinau,PM2.5 - Principal,2022-08-30 06:00 AM,2022,08,30,06,22.4,73,Moderate,21.0,UG/M3,1 Hr,Valid
Chisinau,PM2.5 - Principal,2022-08-30 07:00 AM,2022,08,30,07,19.8,67,Moderate,17.0,UG/M3,1 Hr,Valid
Chisinau,PM2.5 - Principal,2022-08-30 08:00 AM,2022,08,30,08,19.4,66,Moderate,19.0,UG/M3,1 Hr,Valid
Chisinau,PM2.5 - Principal,2022-08-30 09:00 AM,2022,08,30,09,18.7,65,Moderate,18.0,UG/M3,1 Hr,Valid
Chisinau,PM2.5 - Principal,2022-08-30 10:00 AM,2022,08,30,10,21.6,71,Moderate,25.0,UG/M3,1 Hr,Valid
Chisinau,PM2.5 - Principal,2022-08-30 11:00 AM,2022,08,30,11,23.4,75,Moderate,27.0,UG/M3,1 Hr,Valid
Chisinau,PM2.5 - Principal,2022-08-30 12:00 PM,2022,08,30,12,23.2,74,Moderate,23.0,UG/M3,1 Hr,Valid
Chisinau,PM2.5 - Principal,2022-08-30 01:00 PM,2022,08,30,13,23.1,74,Moderate,23.0,UG/M3,1 Hr,Valid
Chisinau,PM2.5 - Principal,2022-08-30 02:00 PM,2022,08,30,14,22.3,72,Moderate,21.0,UG/M3,1 Hr,Valid
Chisinau,PM2.5 - Principal,2022-08-30 03:00 PM,2022,08,30,15,20.7,69,Moderate,18.0,UG/M3,1 Hr,Valid
Chisinau,PM2.5 - Principal,2022-08-30 04:00 PM,2022,08,30,16,20.4,68,Moderate,20.0,UG/M3,1 Hr,Valid
Chisinau,PM2.5 - Principal,2022-08-30 05:00 PM,2022,08,30,17,19.5,67,Moderate,18.0,UG/M3,1 Hr,Valid
Chisinau,PM2.5 - Principal,2022-08-30 06:00 PM,2022,08,30,18,17.9,63,Moderate,16.0,UG/M3,1 Hr,Valid
Chisinau,PM2.5 - Principal,2022-08-30 07:00 PM,2022,08,30,19,19.6,67,Moderate,22.0,UG/M3,1 Hr,Valid
Chisinau,PM2.5 - Principal,2022-08-30 08:00 PM,2022,08,30,20,19.7,67,Moderate,20.0,UG/M3,1 Hr,Valid
Chisinau,PM2.5 - Principal,2022-08-30 09:00 PM,2022,08,30,21,19.8,67,Moderate,20.0,UG/M3,1 Hr,Valid
Chisinau,PM2.5 - Principal,2022-08-30 10:00 PM,2022,08,30,22,19.5,67,Moderate,19.0,UG/M3,1 Hr,Valid
Chisinau,PM2.5 - Principal,2022-08-30 11:00 PM,2022,08,30,23,19.0,66,Moderate,18.0,UG/M3,1 Hr,Valid
Chisinau,PM2.5 - Principal,2022-08-31 12:00 AM,2022,08,31,00,17.5,62,Moderate,15.0,UG/M3,1 Hr,Valid
Chisinau,PM2.5 - Principal,2022-08-31 01:00 AM,2022,08,31,01,16.8,61,Moderate,15.0,UG/M3,1 Hr,Valid
Chisinau,PM2.5 - Principal,2022-08-31 02:00 AM,2022,08,31,02,14.2,55,Moderate,12.0,UG/M3,1 Hr,Valid
Chisinau,PM2.5 - Principal,2022-08-31 03:00 AM,2022,08,31,03,13.2,53,Moderate,12.0,UG/M3,1 Hr,Valid
Chisinau,PM2.5 - Principal,2022-08-31 04:00 AM,2022,08,31,04,12.6,52,Moderate,12.0,UG/M3,1 Hr,Valid
Chisinau,PM2.5 - Principal,2022-08-31 05:00 AM,2022,08,31,05,13.7,54,Moderate,15.0,UG/M3,1 Hr,Valid
Chisinau,PM2.5 - Principal,2022-08-31 06:00 AM,2022,08,31,06,13.8,55,Moderate,14.0,UG/M3,1 Hr,Valid
Chisinau,PM2.5 - Principal,2022-08-31 07:00 AM,2022,08,31,07,13.9,55,Moderate,14.0,UG/M3,1 Hr,Valid
Chisinau,PM2.5 - Principal,2022-08-31 08:00 AM,2022,08,31,08,16.3,60,Moderate,20.0,UG/M3,1 Hr,Valid
Chisinau,PM2.5 - Principal,2022-08-31 09:00 AM,2022,08,31,09,16.2,60,Moderate,16.0,UG/M3,1 Hr,Valid
Chisinau,PM2.5 - Principal,2022-08-31 10:00 AM,2022,08,31,10,17.3,62,Moderate,19.0,UG/M3,1 Hr,Valid
Chisinau,PM2.5 - Principal,2022-08-31 11:00 AM,2022,08,31,11,18.9,65,Moderate,21.0,UG/M3,1 Hr,Valid
Chisinau,PM2.5 - Principal,2022-08-31 12:00 PM,2022,08,31,12,16.4,60,Moderate,13.0,UG/M3,1 Hr,Valid
Chisinau,PM2.5 - Principal,2022-08-31 01:00 PM,2022,08,31,13,15.8,59,Moderate,15.0,UG/M3,1 Hr,Valid
Chisinau,PM2.5 - Principal,2022-08-31 02:00 PM,2022,08,31,14,14.6,56,Moderate,13.0,UG/M3,1 Hr,Valid
Chisinau,PM2.5 - Principal,2022-08-31 03:00 PM,2022,08,31,15,13.9,55,Moderate,13.0,UG/M3,1 Hr,Valid
Chisinau,PM2.5 - Principal,2022-08-31 04:00 PM,2022,08,31,16,14.0,55,Moderate,14.0,UG/M3,1 Hr,Valid
Chisinau,PM2.5 - Principal,2022-08-31 05:00 PM,2022,08,31,17,14.0,55,Moderate,14.0,UG/M3,1 Hr,Valid
Chisinau,PM2.5 - Principal,2022-08-31 06:00 PM,2022,08,31,18,13.6,54,Moderate,13.0,UG/M3,1 Hr,Valid
Chisinau,PM2.5 - Principal,2022-08-31 07:00 PM,2022,08,31,19,16.0,59,Moderate,20.0,UG/M3,1 Hr,Valid
Chisinau,PM2.5 - Principal,2022-08-31 08:00 PM,2022,08,31,20,16.4,60,Moderate,17.0,UG/M3,1 Hr,Valid
Chisinau,PM2.5 - Principal,2022-08-31 09:00 PM,2022,08,31,21,16.6,60,Moderate,17.0,UG/M3,1 Hr,Valid
Chisinau,PM2.5 - Principal,2022-08-31 10:00 PM,2022,08,31,22,16.3,60,Moderate,16.0,UG/M3,1 Hr,Valid
Chisinau,PM2.5 - Principal,2022-08-31 11:00 PM,2022,08,31,23,16.2,60,Moderate,16.0,UG/M3,1 Hr,Valid
Chisinau,PM2.5 - Principal,2022-09-01 12:00 AM,2022,09,01,00,16.1,59,Moderate,16.0,UG/M3,1 Hr,Valid
Chisinau,PM2.5 - Principal,2022-09-01 01:00 AM,2022,09,01,01,15.7,59,Moderate,15.0,UG/M3,1 Hr,Valid
Chisinau,PM2.5 - Principal,2022-09-01 02:00 AM,2022,09,01,02,14.7,56,Moderate,13.0,UG/M3,1 Hr,Valid
Chisinau,PM2.5 - Principal,2022-09-01 03:00 AM,2022,09,01,03,14.1,55,Moderate,13.0,UG/M3,1 Hr,Valid
Chisinau,PM2.5 - Principal,2022-09-01 04:00 AM,2022,09,01,04,15.5,58,Moderate,18.0,UG/M3,1 Hr,Valid
Chisinau,PM2.5 - Principal,2022-09-01 05:00 AM,2022,09,01,05,15.6,58,Moderate,16.0,UG/M3,1 Hr,Valid
Chisinau,PM2.5 - Principal,2022-09-01 06:00 AM,2022,09,01,06,14.2,55,Moderate,12.0,UG/M3,1 Hr,Valid
Chisinau,PM2.5 - Principal,2022-09-01 07:00 AM,2022,09,01,07,13.9,55,Moderate,13.0,UG/M3,1 Hr,Valid
Chisinau,PM2.5 - Principal,2022-09-01 08:00 AM,2022,09,01,08,12.0,50,Good,10.0,UG/M3,1 Hr,Valid
Chisinau,PM2.5 - Principal,2022-09-01 09:00 AM,2022,09,01,09,12.4,52,Moderate,13.0,UG/M3,1 Hr,Valid
Chisinau,PM2.5 - Principal,2022-09-01 10:00 AM,2022,09,01,10,13.1,53,Moderate,14.0,UG/M3,1 Hr,Valid
Chisinau,PM2.5 - Principal,2022-09-01 11:00 AM,2022,09,01,11,13.5,54,Moderate,14.0,UG/M3,1 Hr,Valid
Chisinau,PM2.5 - Principal,2022-09-01 12:00 PM,2022,09,01,12,13.2,53,Moderate,13.0,UG/M3,1 Hr,Valid
Chisinau,PM2.5 - Principal,2022-09-01 01:00 PM,2022,09,01,13,11.8,49,Good,10.0,UG/M3,1 Hr,Valid
Chisinau,PM2.5 - Principal,2022-09-01 02:00 PM,2022,09,01,14,10.3,43,Good,9.0,UG/M3,1 Hr,Valid
Chisinau,PM2.5 - Principal,2022-09-01 03:00 PM,2022,09,01,15,10.6,44,Good,11.0,UG/M3,1 Hr,Valid
Chisinau,PM2.5 - Principal,2022-09-01 04:00 PM,2022,09,01,16,11.3,47,Good,12.0,UG/M3,1 Hr,Valid
Chisinau,PM2.5 - Principal,2022-09-01 05:00 PM,2022,09,01,17,11.9,50,Good,13.0,UG/M3,1 Hr,Valid
Chisinau,PM2.5 - Principal,2022-09-01 06:00 PM,2022,09,01,18,11.5,48,Good,11.0,UG/M3,1 Hr,Valid
Chisinau,PM2.5 - Principal,2022-09-01 07:00 PM,2022,09,01,19,12.9,53,Moderate,15.0,UG/M3,1 Hr,Valid
Chisinau,PM2.5 - Principal,2022-09-01 08:00 PM,2022,09,01,20,11.3,47,Good,9.0,UG/M3,1 Hr,Valid
Chisinau,PM2.5 - Principal,2022-09-01 09:00 PM,2022,09,01,21,13.3,54,Moderate,16.0,UG/M3,1 Hr,Valid
Chisinau,PM2.5 - Principal,2022-09-01 10:00 PM,2022,09,01,22,14.5,56,Moderate,16.0,UG/M3,1 Hr,Valid
Chisinau,PM2.5 - Principal,2022-09-01 11:00 PM,2022,09,01,23,15.7,59,Moderate,17.0,UG/M3,1 Hr,Valid
Chisinau,PM2.5 - Principal,2022-09-02 12:00 AM,2022,09,02,00,16.3,60,Moderate,17.0,UG/M3,1 Hr,Valid
Chisinau,PM2.5 - Principal,2022-09-02 01:00 AM,2022,09,02,01,15.2,58,Moderate,14.0,UG/M3,1 Hr,Valid
Chisinau,PM2.5 - Principal,2022-09-02 02:00 AM,2022,09,02,02,14.1,55,Moderate,13.0,UG/M3,1 Hr,Valid
Chisinau,PM2.5 - Principal,2022-09-02 03:00 AM,2022,09,02,03,14.1,55,Moderate,14.0,UG/M3,1 Hr,Valid
Chisinau,PM2.5 - Principal,2022-09-02 04:00 AM,2022,09,02,04,13.1,53,Moderate,12.0,UG/M3,1 Hr,Valid
Chisinau,PM2.5 - Principal,2022-09-02 05:00 AM,2022,09,02,05,11.1,46,Good,9.0,UG/M3,1 Hr,Valid
Chisinau,PM2.5 - Principal,2022-09-02 06:00 AM,2022,09,02,06,12.5,52,Moderate,14.0,UG/M3,1 Hr,Valid
Chisinau,PM2.5 - Principal,2022-09-02 07:00 AM,2022,09,02,07,11.7,49,Good,11.0,UG/M3,1 Hr,Valid
Chisinau,PM2.5 - Principal,2022-09-02 08:00 AM,2022,09,02,08,12.3,51,Moderate,13.0,UG/M3,1 Hr,Valid
Chisinau,PM2.5 - Principal,2022-09-02 09:00 AM,2022,09,02,09,14.0,55,Moderate,16.0,UG/M3,1 Hr,Valid
Chisinau,PM2.5 - Principal,2022-09-02 10:00 AM,2022,09,02,10,14.9,57,Moderate,16.0,UG/M3,1 Hr,Valid
Chisinau,PM2.5 - Principal,2022-09-02 11:00 AM,2022,09,02,11,14.9,57,Moderate,15.0,UG/M3,1 Hr,Valid
Chisinau,PM2.5 - Principal,2022-09-02 12:00 PM,2022,09,02,12,17.0,61,Moderate,19.0,UG/M3,1 Hr,Valid
Chisinau,PM2.5 - Principal,2022-09-02 01:00 PM,2022,09,02,13,16.0,59,Moderate,15.0,UG/M3,1 Hr,Valid
Chisinau,PM2.5 - Principal,2022-09-02 02:00 PM,2022,09,02,14,15.5,58,Moderate,15.0,UG/M3,1 Hr,Valid
Chisinau,PM2.5 - Principal,2022-09-02 03:00 PM,2022,09,02,15,14.7,56,Moderate,14.0,UG/M3,1 Hr,Valid
Chisinau,PM2.5 - Principal,2022-09-02 04:00 PM,2022,09,02,16,13.3,54,Moderate,12.0,UG/M3,1 Hr,Valid
Chisinau,PM2.5 - Principal,2022-09-02 05:00 PM,2022,09,02,17,13.3,54,Moderate,13.0,UG/M3,1 Hr,Valid
Chisinau,PM2.5 - Principal,2022-09-02 06:00 PM,2022,09,02,18,14.9,57,Moderate,17.0,UG/M3,1 Hr,Valid
Chisinau,PM2.5 - Principal,2022-09-02 07:00 PM,2022,09,02,19,15.2,58,Moderate,16.0,UG/M3,1 Hr,Valid
Chisinau,PM2.5 - Principal,2022-09-02 08:00 PM,2022,09,02,20,15.9,59,Moderate,17.0,UG/M3,1 Hr,Valid
Chisinau,PM2.5 - Principal,2022-09-02 09:00 PM,2022,09,02,21,19.4,66,Moderate,23.0,UG/M3,1 Hr,Valid
Chisinau,PM2.5 - Principal,2022-09-02 10:00 PM,2022,09,02,22,21.1,70,Moderate,23.0,UG/M3,1 Hr,Valid
Chisinau,PM2.5 - Principal,2022-09-02 11:00 PM,2022,09,02,23,20.1,68,Moderate,19.0,UG/M3,1 Hr,Valid
Chisinau,PM2.5 - Principal,2022-09-03 12:00 AM,2022,09,03,00,19.1,66,Moderate,18.0,UG/M3,1 Hr,Valid
Chisinau,PM2.5 - Principal,2022-09-03 01:00 AM,2022,09,03,01,18.5,64,Moderate,18.0,UG/M3,1 Hr,Valid
Chisinau,PM2.5 - Principal,2022-09-03 02:00 AM,2022,09,03,02,16.3,60,Moderate,14.0,UG/M3,1 Hr,Valid
Chisinau,PM2.5 - Principal,2022-09-03 03:00 AM,2022,09,03,03,16.6,60,Moderate,17.0,UG/M3,1 Hr,Valid
Chisinau,PM2.5 - Principal,2022-09-03 04:00 AM,2022,09,03,04,15.5,58,Moderate,14.0,UG/M3,1 Hr,Valid
Chisinau,PM2.5 - Principal,2022-09-03 05:00 AM,2022,09,03,05,15.0,57,Moderate,14.0,UG/M3,1 Hr,Valid
Chisinau,PM2.5 - Principal,2022-09-03 06:00 AM,2022,09,03,06,14.0,55,Moderate,13.0,UG/M3,1 Hr,Valid
Chisinau,PM2.5 - Principal,2022-09-03 07:00 AM,2022,09,03,07,14.0,55,Moderate,14.0,UG/M3,1 Hr,Valid
Chisinau,PM2.5 - Principal,2022-09-03 08:00 AM,2022,09,03,08,13.0,53,Moderate,12.0,UG/M3,1 Hr,Valid
Chisinau,PM2.5 - Principal,2022-09-03 09:00 AM,2022,09,03,09,13.0,53,Moderate,13.0,UG/M3,1 Hr,Valid
Chisinau,PM2.5 - Principal,2022-09-03 10:00 AM,2022,09,03,10,12.2,51,Moderate,11.0,UG/M3,1 Hr,Valid
Chisinau,PM2.5 - Principal,2022-09-03 11:00 AM,2022,09,03,11,12.5,52,Moderate,13.0,UG/M3,1 Hr,Valid
Chisinau,PM2.5 - Principal,2022-09-03 12:00 PM,2022,09,03,12,13.9,55,Moderate,16.0,UG/M3,1 Hr,Valid
Chisinau,PM2.5 - Principal,2022-09-03 01:00 PM,2022,09,03,13,13.1,53,Moderate,12.0,UG/M3,1 Hr,Valid
Chisinau,PM2.5 - Principal,2022-09-03 02:00 PM,2022,09,03,14,12.7,52,Moderate,12.0,UG/M3,1 Hr,Valid
Chisinau,PM2.5 - Principal,2022-09-03 03:00 PM,2022,09,03,15,12.2,51,Moderate,11.0,UG/M3,1 Hr,Valid
Chisinau,PM2.5 - Principal,2022-09-03 04:00 PM,2022,09,03,16,12.1,51,Moderate,12.0,UG/M3,1 Hr,Valid
Chisinau,PM2.5 - Principal,2022-09-03 05:00 PM,2022,09,03,17,12.7,52,Moderate,14.0,UG/M3,1 Hr,Valid
Chisinau,PM2.5 - Principal,2022-09-03 06:00 PM,2022,09,03,18,12.8,52,Moderate,13.0,UG/M3,1 Hr,Valid
Chisinau,PM2.5 - Principal,2022-09-03 07:00 PM,2022,09,03,19,12.5,52,Moderate,12.0,UG/M3,1 Hr,Valid
Chisinau,PM2.5 - Principal,2022-09-03 08:00 PM,2022,09,03,20,13.3,54,Moderate,15.0,UG/M3,1 Hr,Valid
Chisinau,PM2.5 - Principal,2022-09-03 09:00 PM,2022,09,03,21,13.2,53,Moderate,13.0,UG/M3,1 Hr,Valid
Chisinau,PM2.5 - Principal,2022-09-03 10:00 PM,2022,09,03,22,15.7,59,Moderate,19.0,UG/M3,1 Hr,Valid
Chisinau,PM2.5 - Principal,2022-09-03 11:00 PM,2022,09,03,23,15.8,59,Moderate,16.0,UG/M3,1 Hr,Valid
Chisinau,PM2.5 - Principal,2022-09-04 12:00 AM,2022,09,04,00,14.2,55,Moderate,12.0,UG/M3,1 Hr,Valid
Chisinau,PM2.5 - Principal,2022-09-04 01:00 AM,2022,09,04,01,13.2,53,Moderate,12.0,UG/M3,1 Hr,Valid
Chisinau,PM2.5 - Principal,2022-09-04 02:00 AM,2022,09,04,02,12.3,51,Moderate,11.0,UG/M3,1 Hr,Valid
Chisinau,PM2.5 - Principal,2022-09-04 03:00 AM,2022,09,04,03,12.1,51,Moderate,12.0,UG/M3,1 Hr,Valid
Chisinau,PM2.5 - Principal,2022-09-04 04:00 AM,2022,09,04,04,12.9,53,Moderate,14.0,UG/M3,1 Hr,Valid
Chisinau,PM2.5 - Principal,2022-09-04 05:00 AM,2022,09,04,05,14.2,55,Moderate,16.0,UG/M3,1 Hr,Valid
Chisinau,PM2.5 - Principal,2022-09-04 06:00 AM,2022,09,04,06,13.7,54,Moderate,13.0,UG/M3,1 Hr,Valid
Chisinau,PM2.5 - Principal,2022-09-04 07:00 AM,2022,09,04,07,13.4,54,Moderate,13.0,UG/M3,1 Hr,Valid
Chisinau,PM2.5 - Principal,2022-09-04 08:00 AM,2022,09,04,08,12.8,52,Moderate,12.0,UG/M3,1 Hr,Valid
Chisinau,PM2.5 - Principal,2022-09-04 09:00 AM,2022,09,04,09,12.8,52,Moderate,13.0,UG/M3,1 Hr,Valid
Chisinau,PM2.5 - Principal,2022-09-04 10:00 AM,2022,09,04,10,12.3,51,Moderate,11.0,UG/M3,1 Hr,Valid
Chisinau,PM2.5 - Principal,2022-09-04 11:00 AM,2022,09,04,11,12.2,51,Moderate,12.0,UG/M3,1 Hr,Valid
Chisinau,PM2.5 - Principal,2022-09-04 12:00 PM,2022,09,04,12,12.7,52,Moderate,14.0,UG/M3,1 Hr,Valid
Chisinau,PM2.5 - Principal,2022-09-04 01:00 PM,2022,09,04,13,13.4,54,Moderate,15.0,UG/M3,1 Hr,Valid
Chisinau,PM2.5 - Principal,2022-09-04 02:00 PM,2022,09,04,14,12.7,52,Moderate,11.0,UG/M3,1 Hr,Valid
Chisinau,PM2.5 - Principal,2022-09-04 03:00 PM,2022,09,04,15,12.1,51,Moderate,11.0,UG/M3,1 Hr,Valid
Chisinau,PM2.5 - Principal,2022-09-04 04:00 PM,2022,09,04,16,11.2,47,Good,10.0,UG/M3,1 Hr,Valid
Chisinau,PM2.5 - Principal,2022-09-04 05:00 PM,2022,09,04,17,11.5,48,Good,12.0,UG/M3,1 Hr,Valid
Chisinau,PM2.5 - Principal,2022-09-04 06:00 PM,2022,09,04,18,11.3,47,Good,11.0,UG/M3,1 Hr,Valid
Chisinau,PM2.5 - Principal,2022-09-04 07:00 PM,2022,09,04,19,12.2,51,Moderate,14.0,UG/M3,1 Hr,Valid
Chisinau,PM2.5 - Principal,2022-09-04 08:00 PM,2022,09,04,20,14.3,56,Moderate,17.0,UG/M3,1 Hr,Valid
Chisinau,PM2.5 - Principal,2022-09-04 09:00 PM,2022,09,04,21,15.4,58,Moderate,17.0,UG/M3,1 Hr,Valid
Chisinau,PM2.5 - Principal,2022-09-04 10:00 PM,2022,09,04,22,18.9,65,Moderate,22.0,UG/M3,1 Hr,Valid
Chisinau,PM2.5 - Principal,2022-09-04 11:00 PM,2022,09,04,23,20.4,68,Moderate,22.0,UG/M3,1 Hr,Valid
Chisinau,PM2.5 - Principal,2022-09-05 12:00 AM,2022,09,05,00,18.2,64,Moderate,16.0,UG/M3,1 Hr,Valid
Chisinau,PM2.5 - Principal,2022-09-05 01:00 AM,2022,09,05,01,18.6,65,Moderate,19.0,UG/M3,1 Hr,Valid
Chisinau,PM2.5 - Principal,2022-09-05 02:00 AM,2022,09,05,02,17.3,62,Moderate,16.0,UG/M3,1 Hr,Valid
Chisinau,PM2.5 - Principal,2022-09-05 03:00 AM,2022,09,05,03,17.1,62,Moderate,17.0,UG/M3,1 Hr,Valid
Chisinau,PM2.5 - Principal,2022-09-05 04:00 AM,2022,09,05,04,16.0,59,Moderate,15.0,UG/M3,1 Hr,Valid
Chisinau,PM2.5 - Principal,2022-09-05 05:00 AM,2022,09,05,05,16.0,59,Moderate,16.0,UG/M3,1 Hr,Valid
Chisinau,PM2.5 - Principal,2022-09-05 06:00 AM,2022,09,05,06,14.2,55,Moderate,12.0,UG/M3,1 Hr,Valid
Chisinau,PM2.5 - Principal,2022-09-05 07:00 AM,2022,09,05,07,14.5,56,Moderate,15.0,UG/M3,1 Hr,Valid
Chisinau,PM2.5 - Principal,2022-09-05 08:00 AM,2022,09,05,08,17.0,61,Moderate,20.0,UG/M3,1 Hr,Valid
Chisinau,PM2.5 - Principal,2022-09-05 09:00 AM,2022,09,05,09,18.8,65,Moderate,21.0,UG/M3,1 Hr,Valid
Chisinau,PM2.5 - Principal,2022-09-05 10:00 AM,2022,09,05,10,20.2,68,Moderate,22.0,UG/M3,1 Hr,Valid
Chisinau,PM2.5 - Principal,2022-09-05 11:00 AM,2022,09,05,11,18.3,64,Moderate,16.0,UG/M3,1 Hr,Valid
Chisinau,PM2.5 - Principal,2022-09-05 12:00 PM,2022,09,05,12,16.3,60,Moderate,14.0,UG/M3,1 Hr,Valid
Chisinau,PM2.5 - Principal,2022-09-05 01:00 PM,2022,09,05,13,14.3,56,Moderate,12.0,UG/M3,1 Hr,Valid
Chisinau,PM2.5 - Principal,2022-09-05 02:00 PM,2022,09,05,14,13.2,53,Moderate,12.0,UG/M3,1 Hr,Valid
Chisinau,PM2.5 - Principal,2022-09-05 03:00 PM,2022,09,05,15,12.0,50,Good,11.0,UG/M3,1 Hr,Valid
Chisinau,PM2.5 - Principal,2022-09-05 04:00 PM,2022,09,05,16,12.0,50,Good,12.0,UG/M3,1 Hr,Valid
Chisinau,PM2.5 - Principal,2022-09-05 05:00 PM,2022,09,05,17,13.0,53,Moderate,14.0,UG/M3,1 Hr,Valid
Chisinau,PM2.5 - Principal,2022-09-05 06:00 PM,2022,09,05,18,14.0,55,Moderate,15.0,UG/M3,1 Hr,Valid
Chisinau,PM2.5 - Principal,2022-09-05 07:00 PM,2022,09,05,19,12.5,52,Moderate,11.0,UG/M3,1 Hr,Valid
Chisinau,PM2.5 - Principal,2022-09-05 08:00 PM,2022,09,05,20,12.7,52,Moderate,13.0,UG/M3,1 Hr,Valid
Chisinau,PM2.5 - Principal,2022-09-05 09:00 PM,2022,09,05,21,14.3,56,Moderate,16.0,UG/M3,1 Hr,Valid
Chisinau,PM2.5 - Principal,2022-09-05 10:00 PM,2022,09,05,22,15.0,57,Moderate,17.0,UG/M3,1 Hr,Valid
Chisinau,PM2.5 - Principal,2022-09-05 11:00 PM,2022,09,05,23,16.8,61,Moderate,19.0,UG/M3,1 Hr,Valid
Chisinau,PM2.5 - Principal,2022-09-06 12:00 AM,2022,09,06,00,17.7,63,Moderate,19.0,UG/M3,1 Hr,Valid
Chisinau,PM2.5 - Principal,2022-09-06 01:00 AM,2022,09,06,01,17.8,63,Moderate,18.0,UG/M3,1 Hr,Valid
Chisinau,PM2.5 - Principal,2022-09-06 02:00 AM,2022,09,06,02,16.6,60,Moderate,15.0,UG/M3,1 Hr,Valid
Chisinau,PM2.5 - Principal,2022-09-06 03:00 AM,2022,09,06,03,20.7,69,Moderate,25.0,UG/M3,1 Hr,Valid
Chisinau,PM2.5 - Principal,2022-09-06 04:00 AM,2022,09,06,04,20.3,68,Moderate,20.0,UG/M3,1 Hr,Valid
Chisinau,PM2.5 - Principal,2022-09-06 05:00 AM,2022,09,06,05,21.6,71,Moderate,23.0,UG/M3,1 Hr,Valid
Chisinau,PM2.5 - Principal,2022-09-06 06:00 AM,2022,09,06,06,21.3,70,Moderate,21.0,UG/M3,1 Hr,Valid
Chisinau,PM2.5 - Principal,2022-09-06 07:00 AM,2022,09,06,07,18.7,65,Moderate,16.0,UG/M3,1 Hr,Valid
Chisinau,PM2.5 - Principal,2022-09-06 08:00 AM,2022,09,06,08,20.2,68,Moderate,22.0,UG/M3,1 Hr,Valid
Chisinau,PM2.5 - Principal,2022-09-06 09:00 AM,2022,09,06,09,21.7,71,Moderate,24.0,UG/M3,1 Hr,Valid
Chisinau,PM2.5 - Principal,2022-09-06 10:00 AM,2022,09,06,10,22.6,73,Moderate,24.0,UG/M3,1 Hr,Valid
Chisinau,PM2.5 - Principal,2022-09-06 11:00 AM,2022,09,06,11,22.8,74,Moderate,23.0,UG/M3,1 Hr,Valid
Chisinau,PM2.5 - Principal,2022-09-06 12:00 PM,2022,09,06,12,22.0,72,Moderate,21.0,UG/M3,1 Hr,Valid
Chisinau,PM2.5 - Principal,2022-09-06 01:00 PM,2022,09,06,13,17.7,63,Moderate,13.0,UG/M3,1 Hr,Valid
Chisinau,PM2.5 - Principal,2022-09-06 02:00 PM,2022,09,06,14,14.2,55,Moderate,11.0,UG/M3,1 Hr,Valid
Chisinau,PM2.5 - Principal,2022-09-06 03:00 PM,2022,09,06,15,14.1,55,Moderate,14.0,UG/M3,1 Hr,Valid
Chisinau,PM2.5 - Principal,2022-09-06 04:00 PM,2022,09,06,16,14.0,55,Moderate,14.0,UG/M3,1 Hr,Valid
Chisinau,PM2.5 - Principal,2022-09-06 05:00 PM,2022,09,06,17,13.5,54,Moderate,13.0,UG/M3,1 Hr,Valid
Chisinau,PM2.5 - Principal,2022-09-06 06:00 PM,2022,09,06,18,14.2,55,Moderate,15.0,UG/M3,1 Hr,Valid
Chisinau,PM2.5 - Principal,2022-09-06 07:00 PM,2022,09,06,19,15.1,57,Moderate,16.0,UG/M3,1 Hr,Valid
Chisinau,PM2.5 - Principal,2022-09-06 08:00 PM,2022,09,06,20,15.0,57,Moderate,15.0,UG/M3,1 Hr,Valid
Chisinau,PM2.5 - Principal,2022-09-06 09:00 PM,2022,09,06,21,16.5,60,Moderate,18.0,UG/M3,1 Hr,Valid
Chisinau,PM2.5 - Principal,2022-09-06 10:00 PM,2022,09,06,22,17.7,63,Moderate,19.0,UG/M3,1 Hr,Valid
Chisinau,PM2.5 - Principal,2022-09-06 11:00 PM,2022,09,06,23,17.3,62,Moderate,17.0,UG/M3,1 Hr,Valid
Chisinau,PM2.5 - Principal,2022-09-07 12:00 AM,2022,09,07,00,15.8,59,Moderate,14.0,UG/M3,1 Hr,Valid
Chisinau,PM2.5 - Principal,2022-09-07 01:00 AM,2022,09,07,01,15.5,58,Moderate,15.0,UG/M3,1 Hr,Valid
Chisinau,PM2.5 - Principal,2022-09-07 02:00 AM,2022,09,07,02,14.8,57,Moderate,13.0,UG/M3,1 Hr,Valid
Chisinau,PM2.5 - Principal,2022-09-07 03:00 AM,2022,09,07,03,14.2,55,Moderate,13.0,UG/M3,1 Hr,Valid
Chisinau,PM2.5 - Principal,2022-09-07 04:00 AM,2022,09,07,04,14.1,55,Moderate,14.0,UG/M3,1 Hr,Valid
Chisinau,PM2.5 - Principal,2022-09-07 05:00 AM,2022,09,07,05,14.1,55,Moderate,14.0,UG/M3,1 Hr,Valid
Chisinau,PM2.5 - Principal,2022-09-07 06:00 AM,2022,09,07,06,15.0,57,Moderate,17.0,UG/M3,1 Hr,Valid
Chisinau,PM2.5 - Principal,2022-09-07 07:00 AM,2022,09,07,07,15.6,58,Moderate,17.0,UG/M3,1 Hr,Valid
Chisinau,PM2.5 - Principal,2022-09-07 08:00 AM,2022,09,07,08,15.7,59,Moderate,16.0,UG/M3,1 Hr,Valid
Chisinau,PM2.5 - Principal,2022-09-07 09:00 AM,2022,09,07,09,17.3,62,Moderate,20.0,UG/M3,1 Hr,Valid
Chisinau,PM2.5 - Principal,2022-09-07 10:00 AM,2022,09,07,10,16.4,60,Moderate,15.0,UG/M3,1 Hr,Valid
Chisinau,PM2.5 - Principal,2022-09-07 11:00 AM,2022,09,07,11,15.6,58,Moderate,14.0,UG/M3,1 Hr,Valid
Chisinau,PM2.5 - Principal,2022-09-07 12:00 PM,2022,09,07,12,15.3,58,Moderate,15.0,UG/M3,1 Hr,Valid
Chisinau,PM2.5 - Principal,2022-09-07 01:00 PM,2022,09,07,13,13.9,55,Moderate,12.0,UG/M3,1 Hr,Valid
Chisinau,PM2.5 - Principal,2022-09-07 02:00 PM,2022,09,07,14,12.5,52,Moderate,11.0,UG/M3,1 Hr,Valid
Chisinau,PM2.5 - Principal,2022-09-07 03:00 PM,2022,09,07,15,11.8,49,Good,11.0,UG/M3,1 Hr,Valid
Chisinau,PM2.5 - Principal,2022-09-07 04:00 PM,2022,09,07,16,12.8,52,Moderate,14.0,UG/M3,1 Hr,Valid
Chisinau,PM2.5 - Principal,2022-09-07 05:00 PM,2022,09,07,17,12.4,52,Moderate,12.0,UG/M3,1 Hr,Valid
Chisinau,PM2.5 - Principal,2022-09-07 06:00 PM,2022,09,07,18,13.1,53,Moderate,14.0,UG/M3,1 Hr,Valid
Chisinau,PM2.5 - Principal,2022-09-07 07:00 PM,2022,09,07,19,12.6,52,Moderate,12.0,UG/M3,1 Hr,Valid
Chisinau,PM2.5 - Principal,2022-09-07 08:00 PM,2022,09,07,20,11.3,47,Good,10.0,UG/M3,1 Hr,Valid
Chisinau,PM2.5 - Principal,2022-09-07 09:00 PM,2022,09,07,21,13.2,53,Moderate,16.0,UG/M3,1 Hr,Valid
Chisinau,PM2.5 - Principal,2022-09-07 10:00 PM,2022,09,07,22,15.4,58,Moderate,18.0,UG/M3,1 Hr,Valid
Chisinau,PM2.5 - Principal,2022-09-07 11:00 PM,2022,09,07,23,14.8,57,Moderate,14.0,UG/M3,1 Hr,Valid
Chisinau,PM2.5 - Principal,2022-09-08 12:00 AM,2022,09,08,00,11.9,50,Good,9.0,UG/M3,1 Hr,Valid
Chisinau,PM2.5 - Principal,2022-09-08 01:00 AM,2022,09,08,01,12.9,53,Moderate,14.0,UG/M3,1 Hr,Valid
Chisinau,PM2.5 - Principal,2022-09-08 02:00 AM,2022,09,08,02,12.4,52,Moderate,12.0,UG/M3,1 Hr,Valid
Chisinau,PM2.5 - Principal,2022-09-08 03:00 AM,2022,09,08,03,11.7,49,Good,11.0,UG/M3,1 Hr,Valid
Chisinau,PM2.5 - Principal,2022-09-08 04:00 AM,2022,09,08,04,12.3,51,Moderate,13.0,UG/M3,1 Hr,Valid
Chisinau,PM2.5 - Principal,2022-09-08 05:00 AM,2022,09,08,05,11.6,48,Good,11.0,UG/M3,1 Hr,Valid
Chisinau,PM2.5 - Principal,2022-09-08 06:00 AM,2022,09,08,06,11.8,49,Good,12.0,UG/M3,1 Hr,Valid
Chisinau,PM2.5 - Principal,2022-09-08 07:00 AM,2022,09,08,07,12.9,53,Moderate,14.0,UG/M3,1 Hr,Valid
Chisinau,PM2.5 - Principal,2022-09-08 08:00 AM,2022,09,08,08,13.4,54,Moderate,14.0,UG/M3,1 Hr,Valid
Chisinau,PM2.5 - Principal,2022-09-08 09:00 AM,2022,09,08,09,13.2,53,Moderate,13.0,UG/M3,1 Hr,Valid
Chisinau,PM2.5 - Principal,2022-09-08 10:00 AM,2022,09,08,10,18.6,65,Moderate,24.0,UG/M3,1 Hr,Valid
Chisinau,PM2.5 - Principal,2022-09-08 11:00 AM,2022,09,08,11,19.8,67,Moderate,21.0,UG/M3,1 Hr,Valid
Chisinau,PM2.5 - Principal,2022-09-08 12:00 PM,2022,09,08,12,21.9,72,Moderate,24.0,UG/M3,1 Hr,Valid
Chisinau,PM2.5 - Principal,2022-09-08 01:00 PM,2022,09,08,13,16.9,61,Moderate,12.0,UG/M3,1 Hr,Valid
Chisinau,PM2.5 - Principal,2022-09-08 02:00 PM,2022,09,08,14,16.9,61,Moderate,17.0,UG/M3,1 Hr,Valid
Chisinau,PM2.5 - Principal,2022-09-08 03:00 PM,2022,09,08,15,14.4,56,Moderate,12.0,UG/M3,1 Hr,Valid
Chisinau,PM2.5 - Principal,2022-09-08 04:00 PM,2022,09,08,16,13.7,54,Moderate,13.0,UG/M3,1 Hr,Valid
Chisinau,PM2.5 - Principal,2022-09-08 05:00 PM,2022,09,08,17,11.8,49,Good,10.0,UG/M3,1 Hr,Valid
Chisinau,PM2.5 - Principal,2022-09-08 06:00 PM,2022,09,08,18,12.4,52,Moderate,13.0,UG/M3,1 Hr,Valid
Chisinau,PM2.5 - Principal,2022-09-08 07:00 PM,2022,09,08,19,13.2,53,Moderate,14.0,UG/M3,1 Hr,Valid
Chisinau,PM2.5 - Principal,2022-09-08 08:00 PM,2022,09,08,20,15.1,57,Moderate,17.0,UG/M3,1 Hr,Valid
Chisinau,PM2.5 - Principal,2022-09-08 09:00 PM,2022,09,08,21,16.5,60,Moderate,18.0,UG/M3,1 Hr,Valid
Chisinau,PM2.5 - Principal,2022-09-08 10:00 PM,2022,09,08,22,17.7,63,Moderate,19.0,UG/M3,1 Hr,Valid
Chisinau,PM2.5 - Principal,2022-09-08 11:00 PM,2022,09,08,23,21.8,71,Moderate,26.0,UG/M3,1 Hr,Valid
Chisinau,PM2.5 - Principal,2022-09-09 12:00 AM,2022,09,09,00,22.4,73,Moderate,23.0,UG/M3,1 Hr,Valid
Chisinau,PM2.5 - Principal,2022-09-09 01:00 AM,2022,09,09,01,22.2,72,Moderate,22.0,UG/M3,1 Hr,Valid
Chisinau,PM2.5 - Principal,2022-09-09 02:00 AM,2022,09,09,02,21.1,70,Moderate,20.0,UG/M3,1 Hr,Valid
Chisinau,PM2.5 - Principal,2022-09-09 03:00 AM,2022,09,09,03,21.0,70,Moderate,21.0,UG/M3,1 Hr,Valid
Chisinau,PM2.5 - Principal,2022-09-09 04:00 AM,2022,09,09,04,21.0,70,Moderate,21.0,UG/M3,1 Hr,Valid
Chisinau,PM2.5 - Principal,2022-09-09 05:00 AM,2022,09,09,05,21.5,71,Moderate,22.0,UG/M3,1 Hr,Valid
Chisinau,PM2.5 - Principal,2022-09-09 06:00 AM,2022,09,09,06,20.8,69,Moderate,20.0,UG/M3,1 Hr,Valid
Chisinau,PM2.5 - Principal,2022-09-09 07:00 AM,2022,09,09,07,20.2,68,Moderate,19.0,UG/M3,1 Hr,Valid
Chisinau,PM2.5 - Principal,2022-09-09 08:00 AM,2022,09,09,08,20.8,69,Moderate,22.0,UG/M3,1 Hr,Valid
Chisinau,PM2.5 - Principal,2022-09-09 09:00 AM,2022,09,09,09,20.9,70,Moderate,21.0,UG/M3,1 Hr,Valid
Chisinau,PM2.5 - Principal,2022-09-09 10:00 AM,2022,09,09,10,22.3,72,Moderate,26.0,UG/M3,1 Hr,Valid
Chisinau,PM2.5 - Principal,2022-09-09 11:00 AM,2022,09,09,11,22.7,73,Moderate,24.0,UG/M3,1 Hr,Valid
Chisinau,PM2.5 - Principal,2022-09-09 12:00 PM,2022,09,09,12,23.3,75,Moderate,25.0,UG/M3,1 Hr,Valid
Chisinau,PM2.5 - Principal,2022-09-09 01:00 PM,2022,09,09,13,22.4,73,Moderate,20.0,UG/M3,1 Hr,Valid
Chisinau,PM2.5 - Principal,2022-09-09 02:00 PM,2022,09,09,14,17.5,62,Moderate,13.0,UG/M3,1 Hr,Valid
Chisinau,PM2.5 - Principal,2022-09-09 03:00 PM,2022,09,09,15,16.7,61,Moderate,16.0,UG/M3,1 Hr,Valid
Chisinau,PM2.5 - Principal,2022-09-09 04:00 PM,2022,09,09,16,19.3,66,Moderate,22.0,UG/M3,1 Hr,Valid
Chisinau,PM2.5 - Principal,2022-09-09 05:00 PM,2022,09,09,17,19.1,66,Moderate,19.0,UG/M3,1 Hr,Valid
Chisinau,PM2.5 - Principal,2022-09-09 06:00 PM,2022,09,09,18,18.5,64,Moderate,18.0,UG/M3,1 Hr,Valid
Chisinau,PM2.5 - Principal,2022-09-09 07:00 PM,2022,09,09,19,23.8,76,Moderate,29.0,UG/M3,1 Hr,Valid
Chisinau,PM2.5 - Principal,2022-09-09 08:00 PM,2022,09,09,20,20.3,68,Moderate,17.0,UG/M3,1 Hr,Valid
Chisinau,PM2.5 - Principal,2022-09-09 09:00 PM,2022,09,09,21,18.1,64,Moderate,16.0,UG/M3,1 Hr,Valid
Chisinau,PM2.5 - Principal,2022-09-09 10:00 PM,2022,09,09,22,17.0,61,Moderate,16.0,UG/M3,1 Hr,Valid
Chisinau,PM2.5 - Principal,2022-09-09 11:00 PM,2022,09,09,23,14.0,55,Moderate,11.0,UG/M3,1 Hr,Valid
Chisinau,PM2.5 - Principal,2022-09-10 12:00 AM,2022,09,10,00,11.5,48,Good,9.0,UG/M3,1 Hr,Valid
Chisinau,PM2.5 - Principal,2022-09-10 01:00 AM,2022,09,10,01,10.7,45,Good,10.0,UG/M3,1 Hr,Valid
Chisinau,PM2.5 - Principal,2022-09-10 02:00 AM,2022,09,10,02,11.8,49,Good,13.0,UG/M3,1 Hr,Valid
Chisinau,PM2.5 - Principal,2022-09-10 03:00 AM,2022,09,10,03,11.4,48,Good,11.0,UG/M3,1 Hr,Valid
Chisinau,PM2.5 - Principal,2022-09-10 04:00 AM,2022,09,10,04,11.2,47,Good,11.0,UG/M3,1 Hr,Valid
Chisinau,PM2.5 - Principal,2022-09-10 05:00 AM,2022,09,10,05,11.1,46,Good,11.0,UG/M3,1 Hr,Valid
Chisinau,PM2.5 - Principal,2022-09-10 06:00 AM,2022,09,10,06,11.0,46,Good,11.0,UG/M3,1 Hr,Valid
Chisinau,PM2.5 - Principal,2022-09-10 07:00 AM,2022,09,10,07,11.0,46,Good,11.0,UG/M3,1 Hr,Valid
Chisinau,PM2.5 - Principal,2022-09-10 08:00 AM,2022,09,10,08,12.7,52,Moderate,15.0,UG/M3,1 Hr,Valid
Chisinau,PM2.5 - Principal,2022-09-10 09:00 AM,2022,09,10,09,12.4,52,Moderate,12.0,UG/M3,1 Hr,Valid
Chisinau,PM2.5 - Principal,2022-09-10 10:00 AM,2022,09,10,10,12.6,52,Moderate,13.0,UG/M3,1 Hr,Valid
Chisinau,PM2.5 - Principal,2022-09-10 11:00 AM,2022,09,10,11,14.7,56,Moderate,17.0,UG/M3,1 Hr,Valid
Chisinau,PM2.5 - Principal,2022-09-10 12:00 PM,2022,09,10,12,14.2,55,Moderate,14.0,UG/M3,1 Hr,Valid
Chisinau,PM2.5 - Principal,2022-09-10 01:00 PM,2022,09,10,13,14.0,55,Moderate,14.0,UG/M3,1 Hr,Valid
Chisinau,PM2.5 - Principal,2022-09-10 02:00 PM,2022,09,10,14,12.9,53,Moderate,11.0,UG/M3,1 Hr,Valid
Chisinau,PM2.5 - Principal,2022-09-10 03:00 PM,2022,09,10,15,12.2,51,Moderate,11.0,UG/M3,1 Hr,Valid
Chisinau,PM2.5 - Principal,2022-09-10 04:00 PM,2022,09,10,16,11.8,49,Good,11.0,UG/M3,1 Hr,Valid
Chisinau,PM2.5 - Principal,2022-09-10 05:00 PM,2022,09,10,17,9.2,38,Good,7.0,UG/M3,1 Hr,Valid
Chisinau,PM2.5 - Principal,2022-09-10 06:00 PM,2022,09,10,18,10.1,42,Good,11.0,UG/M3,1 Hr,Valid
Chisinau,PM2.5 - Principal,2022-09-10 07:00 PM,2022,09,10,19,10.5,44,Good,11.0,UG/M3,1 Hr,Valid
Chisinau,PM2.5 - Principal,2022-09-10 08:00 PM,2022,09,10,20,13.2,53,Moderate,16.0,UG/M3,1 Hr,Valid
Chisinau,PM2.5 - Principal,2022-09-10 09:00 PM,2022,09,10,21,11.6,48,Good,10.0,UG/M3,1 Hr,Valid
Chisinau,PM2.5 - Principal,2022-09-10 10:00 PM,2022,09,10,22,12.8,52,Moderate,14.0,UG/M3,1 Hr,Valid
Chisinau,PM2.5 - Principal,2022-09-10 11:00 PM,2022,09,10,23,12.4,52,Moderate,12.0,UG/M3,1 Hr,Valid
Chisinau,PM2.5 - Principal,2022-09-11 12:00 AM,2022,09,11,00,12.2,51,Moderate,12.0,UG/M3,1 Hr,Valid
Chisinau,PM2.5 - Principal,2022-09-11 01:00 AM,2022,09,11,01,10.1,42,Good,8.0,UG/M3,1 Hr,Valid
Chisinau,PM2.5 - Principal,2022-09-11 02:00 AM,2022,09,11,02,10.0,42,Good,10.0,UG/M3,1 Hr,Valid
Chisinau,PM2.5 - Principal,2022-09-11 03:00 AM,2022,09,11,03,8.5,35,Good,7.0,UG/M3,1 Hr,Valid
Chisinau,PM2.5 - Principal,2022-09-11 04:00 AM,2022,09,11,04,8.7,36,Good,9.0,UG/M3,1 Hr,Valid
Chisinau,PM2.5 - Principal,2022-09-11 05:00 AM,2022,09,11,05,9.3,39,Good,10.0,UG/M3,1 Hr,Valid
Chisinau,PM2.5 - Principal,2022-09-11 06:00 AM,2022,09,11,06,9.6,40,Good,10.0,UG/M3,1 Hr,Valid
Chisinau,PM2.5 - Principal,2022-09-11 07:00 AM,2022,09,11,07,7.8,33,Good,6.0,UG/M3,1 Hr,Valid
Chisinau,PM2.5 - Principal,2022-09-11 08:00 AM,2022,09,11,08,7.9,33,Good,8.0,UG/M3,1 Hr,Valid
Chisinau,PM2.5 - Principal,2022-09-11 09:00 AM,2022,09,11,09,11.4,48,Good,15.0,UG/M3,1 Hr,Valid
Chisinau,PM2.5 - Principal,2022-09-11 10:00 AM,2022,09,11,10,13.2,53,Moderate,15.0,UG/M3,1 Hr,Valid
Chisinau,PM2.5 - Principal,2022-09-11 11:00 AM,2022,09,11,11,11.6,48,Good,10.0,UG/M3,1 Hr,Valid
Chisinau,PM2.5 - Principal,2022-09-11 12:00 PM,2022,09,11,12,9.8,41,Good,8.0,UG/M3,1 Hr,Valid
Chisinau,PM2.5 - Principal,2022-09-11 01:00 PM,2022,09,11,13,8.9,37,Good,8.0,UG/M3,1 Hr,Valid
Chisinau,PM2.5 - Principal,2022-09-11 02:00 PM,2022,09,11,14,7.9,33,Good,7.0,UG/M3,1 Hr,Valid
Chisinau,PM2.5 - Principal,2022-09-11 03:00 PM,2022,09,11,15,8.4,35,Good,9.0,UG/M3,1 Hr,Valid
Chisinau,PM2.5 - Principal,2022-09-11 04:00 PM,2022,09,11,16,8.2,34,Good,8.0,UG/M3,1 Hr,Valid
Chisinau,PM2.5 - Principal,2022-09-11 05:00 PM,2022,09,11,17,8.1,34,Good,8.0,UG/M3,1 Hr,Valid
Chisinau,PM2.5 - Principal,2022-09-11 06:00 PM,2022,09,11,18,9.0,38,Good,10.0,UG/M3,1 Hr,Valid
Chisinau,PM2.5 - Principal,2022-09-11 07:00 PM,2022,09,11,19,9.0,38,Good,9.0,UG/M3,1 Hr,Valid
Chisinau,PM2.5 - Principal,2022-09-11 08:00 PM,2022,09,11,20,9.0,38,Good,9.0,UG/M3,1 Hr,Valid
Chisinau,PM2.5 - Principal,2022-09-11 09:00 PM,2022,09,11,21,10.5,44,Good,12.0,UG/M3,1 Hr,Valid
Chisinau,PM2.5 - Principal,2022-09-11 10:00 PM,2022,09,11,22,10.9,45,Good,12.0,UG/M3,1 Hr,Valid
Chisinau,PM2.5 - Principal,2022-09-11 11:00 PM,2022,09,11,23,10.9,45,Good,11.0,UG/M3,1 Hr,Valid
Chisinau,PM2.5 - Principal,2022-09-12 12:00 AM,2022,09,12,00,11.9,50,Good,13.0,UG/M3,1 Hr,Valid
Chisinau,PM2.5 - Principal,2022-09-12 01:00 AM,2022,09,12,01,11.5,48,Good,11.0,UG/M3,1 Hr,Valid
Chisinau,PM2.5 - Principal,2022-09-12 02:00 AM,2022,09,12,02,10.1,42,Good,8.0,UG/M3,1 Hr,Valid
Chisinau,PM2.5 - Principal,2022-09-12 03:00 AM,2022,09,12,03,10.0,42,Good,10.0,UG/M3,1 Hr,Valid
Chisinau,PM2.5 - Principal,2022-09-12 04:00 AM,2022,09,12,04,10.8,45,Good,12.0,UG/M3,1 Hr,Valid
Chisinau,PM2.5 - Principal,2022-09-12 05:00 AM,2022,09,12,05,10.1,42,Good,9.0,UG/M3,1 Hr,Valid
Chisinau,PM2.5 - Principal,2022-09-12 06:00 AM,2022,09,12,06,11.2,47,Good,13.0,UG/M3,1 Hr,Valid
Chisinau,PM2.5 - Principal,2022-09-12 07:00 AM,2022,09,12,07,10.7,45,Good,10.0,UG/M3,1 Hr,Valid
Chisinau,PM2.5 - Principal,2022-09-12 08:00 AM,2022,09,12,08,10.4,43,Good,10.0,UG/M3,1 Hr,Valid
Chisinau,PM2.5 - Principal,2022-09-12 09:00 AM,2022,09,12,09,11.4,48,Good,13.0,UG/M3,1 Hr,Valid
Chisinau,PM2.5 - Principal,2022-09-12 10:00 AM,2022,09,12,10,11.2,47,Good,11.0,UG/M3,1 Hr,Valid
Chisinau,PM2.5 - Principal,2022-09-12 11:00 AM,2022,09,12,11,11.9,50,Good,13.0,UG/M3,1 Hr,Valid
Chisinau,PM2.5 - Principal,2022-09-12 12:00 PM,2022,09,12,12,13.4,54,Moderate,15.0,UG/M3,1 Hr,Valid
Chisinau,PM2.5 - Principal,2022-09-12 01:00 PM,2022,09,12,13,14.1,55,Moderate,15.0,UG/M3,1 Hr,Valid
Chisinau,PM2.5 - Principal,2022-09-12 02:00 PM,2022,09,12,14,12.3,51,Moderate,10.0,UG/M3,1 Hr,Valid
Chisinau,PM2.5 - Principal,2022-09-12 03:00 PM,2022,09,12,15,11.8,49,Good,11.0,UG/M3,1 Hr,Valid
Chisinau,PM2.5 - Principal,2022-09-12 04:00 PM,2022,09,12,16,13.0,53,Moderate,15.0,UG/M3,1 Hr,Valid
Chisinau,PM2.5 - Principal,2022-09-12 05:00 PM,2022,09,12,17,11.4,48,Good,9.0,UG/M3,1 Hr,Valid
Chisinau,PM2.5 - Principal,2022-09-12 06:00 PM,2022,09,12,18,12.4,52,Moderate,14.0,UG/M3,1 Hr,Valid
Chisinau,PM2.5 - Principal,2022-09-12 07:00 PM,2022,09,12,19,13.0,53,Moderate,14.0,UG/M3,1 Hr,Valid
Chisinau,PM2.5 - Principal,2022-09-12 08:00 PM,2022,09,12,20,11.8,49,Good,10.0,UG/M3,1 Hr,Valid
Chisinau,PM2.5 - Principal,2022-09-12 09:00 PM,2022,09,12,21,13.6,54,Moderate,16.0,UG/M3,1 Hr,Valid
Chisinau,PM2.5 - Principal,2022-09-12 10:00 PM,2022,09,12,22,14.2,55,Moderate,15.0,UG/M3,1 Hr,Valid
Chisinau,PM2.5 - Principal,2022-09-12 11:00 PM,2022,09,12,23,14.5,56,Moderate,15.0,UG/M3,1 Hr,Valid
Chisinau,PM2.5 - Principal,2022-09-13 12:00 AM,2022,09,13,00,13.4,54,Moderate,12.0,UG/M3,1 Hr,Valid
Chisinau,PM2.5 - Principal,2022-09-13 01:00 AM,2022,09,13,01,12.8,52,Moderate,12.0,UG/M3,1 Hr,Valid
Chisinau,PM2.5 - Principal,2022-09-13 02:00 AM,2022,09,13,02,12.0,50,Good,11.0,UG/M3,1 Hr,Valid
Chisinau,PM2.5 - Principal,2022-09-13 03:00 AM,2022,09,13,03,9.9,41,Good,8.0,UG/M3,1 Hr,Valid
Chisinau,PM2.5 - Principal,2022-09-13 04:00 AM,2022,09,13,04,8.4,35,Good,7.0,UG/M3,1 Hr,Valid
Chisinau,PM2.5 - Principal,2022-09-13 05:00 AM,2022,09,13,05,8.2,34,Good,8.0,UG/M3,1 Hr,Valid
Chisinau,PM2.5 - Principal,2022-09-13 06:00 AM,2022,09,13,06,7.6,32,Good,7.0,UG/M3,1 Hr,Valid
Chisinau,PM2.5 - Principal,2022-09-13 07:00 AM,2022,09,13,07,7.3,30,Good,7.0,UG/M3,1 Hr,Valid
Chisinau,PM2.5 - Principal,2022-09-13 08:00 AM,2022,09,13,08,8.6,36,Good,10.0,UG/M3,1 Hr,Valid
Chisinau,PM2.5 - Principal,2022-09-13 09:00 AM,2022,09,13,09,9.8,41,Good,11.0,UG/M3,1 Hr,Valid
Chisinau,PM2.5 - Principal,2022-09-13 10:00 AM,2022,09,13,10,10.4,43,Good,11.0,UG/M3,1 Hr,Valid
Chisinau,PM2.5 - Principal,2022-09-13 11:00 AM,2022,09,13,11,9.2,38,Good,8.0,UG/M3,1 Hr,Valid
Chisinau,PM2.5 - Principal,2022-09-13 12:00 PM,2022,09,13,12,7.6,32,Good,6.0,UG/M3,1 Hr,Valid
Chisinau,PM2.5 - Principal,2022-09-13 01:00 PM,2022,09,13,13,6.3,26,Good,5.0,UG/M3,1 Hr,Valid
Chisinau,PM2.5 - Principal,2022-09-13 02:00 PM,2022,09,13,14,8.1,34,Good,10.0,UG/M3,1 Hr,Valid
Chisinau,PM2.5 - Principal,2022-09-13 03:00 PM,2022,09,13,15,9.5,40,Good,11.0,UG/M3,1 Hr,Valid
Chisinau,PM2.5 - Principal,2022-09-13 04:00 PM,2022,09,13,16,8.2,34,Good,7.0,UG/M3,1 Hr,Valid
Chisinau,PM2.5 - Principal,2022-09-13 05:00 PM,2022,09,13,17,6.1,25,Good,4.0,UG/M3,1 Hr,Valid
Chisinau,PM2.5 - Principal,2022-09-13 06:00 PM,2022,09,13,18,6.0,25,Good,6.0,UG/M3,1 Hr,Valid
Chisinau,PM2.5 - Principal,2022-09-13 07:00 PM,2022,09,13,19,9.0,38,Good,12.0,UG/M3,1 Hr,Valid
Chisinau,PM2.5 - Principal,2022-09-13 08:00 PM,2022,09,13,20,9.0,38,Good,9.0,UG/M3,1 Hr,Valid
Chisinau,PM2.5 - Principal,2022-09-13 09:00 PM,2022,09,13,21,11.0,46,Good,13.0,UG/M3,1 Hr,Valid
Chisinau,PM2.5 - Principal,2022-09-13 10:00 PM,2022,09,13,22,11.5,48,Good,12.0,UG/M3,1 Hr,Valid
Chisinau,PM2.5 - Principal,2022-09-13 11:00 PM,2022,09,13,23,10.7,45,Good,10.0,UG/M3,1 Hr,Valid
Chisinau,PM2.5 - Principal,2022-09-14 12:00 AM,2022,09,14,00,11.3,47,Good,12.0,UG/M3,1 Hr,Valid
Chisinau,PM2.5 - Principal,2022-09-14 01:00 AM,2022,09,14,01,10.1,42,Good,9.0,UG/M3,1 Hr,Valid
Chisinau,PM2.5 - Principal,2022-09-14 02:00 AM,2022,09,14,02,10.5,44,Good,11.0,UG/M3,1 Hr,Valid
Chisinau,PM2.5 - Principal,2022-09-14 03:00 AM,2022,09,14,03,10.2,43,Good,10.0,UG/M3,1 Hr,Valid
Chisinau,PM2.5 - Principal,2022-09-14 04:00 AM,2022,09,14,04,12.1,51,Moderate,14.0,UG/M3,1 Hr,Valid
Chisinau,PM2.5 - Principal,2022-09-14 05:00 AM,2022,09,14,05,11.5,48,Good,11.0,UG/M3,1 Hr,Valid
Chisinau,PM2.5 - Principal,2022-09-14 06:00 AM,2022,09,14,06,11.2,47,Good,11.0,UG/M3,1 Hr,Valid
Chisinau,PM2.5 - Principal,2022-09-14 07:00 AM,2022,09,14,07,11.5,48,Good,12.0,UG/M3,1 Hr,Valid
Chisinau,PM2.5 - Principal,2022-09-14 08:00 AM,2022,09,14,08,13.5,54,Moderate,16.0,UG/M3,1 Hr,Valid
Chisinau,PM2.5 - Principal,2022-09-14 09:00 AM,2022,09,14,09,13.2,53,Moderate,13.0,UG/M3,1 Hr,Valid
Chisinau,PM2.5 - Principal,2022-09-14 10:00 AM,2022,09,14,10,14.0,55,Moderate,15.0,UG/M3,1 Hr,Valid
Chisinau,PM2.5 - Principal,2022-09-14 11:00 AM,2022,09,14,11,14.0,55,Moderate,14.0,UG/M3,1 Hr,Valid
Chisinau,PM2.5 - Principal,2022-09-14 12:00 PM,2022,09,14,12,13.5,54,Moderate,13.0,UG/M3,1 Hr,Valid
Chisinau,PM2.5 - Principal,2022-09-14 01:00 PM,2022,09,14,13,12.2,51,Moderate,10.0,UG/M3,1 Hr,Valid
Chisinau,PM2.5 - Principal,2022-09-14 02:00 PM,2022,09,14,14,9.8,41,Good,8.0,UG/M3,1 Hr,Valid
Chisinau,PM2.5 - Principal,2022-09-14 03:00 PM,2022,09,14,15,8.9,37,Good,8.0,UG/M3,1 Hr,Valid
Chisinau,PM2.5 - Principal,2022-09-14 04:00 PM,2022,09,14,16,10.9,45,Good,13.0,UG/M3,1 Hr,Valid
Chisinau,PM2.5 - Principal,2022-09-14 05:00 PM,2022,09,14,17,10.4,43,Good,10.0,UG/M3,1 Hr,Valid
Chisinau,PM2.5 - Principal,2022-09-14 06:00 PM,2022,09,14,18,8.7,36,Good,7.0,UG/M3,1 Hr,Valid
Chisinau,PM2.5 - Principal,2022-09-14 07:00 PM,2022,09,14,19,8.8,37,Good,9.0,UG/M3,1 Hr,Valid
Chisinau,PM2.5 - Principal,2022-09-14 08:00 PM,2022,09,14,20,9.4,39,Good,10.0,UG/M3,1 Hr,Valid
Chisinau,PM2.5 - Principal,2022-09-14 09:00 PM,2022,09,14,21,10.2,43,Good,11.0,UG/M3,1 Hr,Valid
Chisinau,PM2.5 - Principal,2022-09-14 10:00 PM,2022,09,14,22,12.6,52,Moderate,15.0,UG/M3,1 Hr,Valid
Chisinau,PM2.5 - Principal,2022-09-14 11:00 PM,2022,09,14,23,10.8,45,Good,9.0,UG/M3,1 Hr,Valid
Chisinau,PM2.5 - Principal,2022-09-15 12:00 AM,2022,09,15,00,9.4,39,Good,8.0,UG/M3,1 Hr,Valid
Chisinau,PM2.5 - Principal,2022-09-15 01:00 AM,2022,09,15,01,16.2,60,Moderate,23.0,UG/M3,1 Hr,Valid
Chisinau,PM2.5 - Principal,2022-09-15 02:00 AM,2022,09,15,02,13.6,54,Moderate,11.0,UG/M3,1 Hr,Valid
Chisinau,PM2.5 - Principal,2022-09-15 03:00 AM,2022,09,15,03,12.8,52,Moderate,12.0,UG/M3,1 Hr,Valid
Chisinau,PM2.5 - Principal,2022-09-15 04:00 AM,2022,09,15,04,12.9,53,Moderate,13.0,UG/M3,1 Hr,Valid
Chisinau,PM2.5 - Principal,2022-09-15 05:00 AM,2022,09,15,05,11.4,48,Good,10.0,UG/M3,1 Hr,Valid
Chisinau,PM2.5 - Principal,2022-09-15 06:00 AM,2022,09,15,06,12.7,52,Moderate,14.0,UG/M3,1 Hr,Valid
Chisinau,PM2.5 - Principal,2022-09-15 07:00 AM,2022,09,15,07,13.8,55,Moderate,15.0,UG/M3,1 Hr,Valid
Chisinau,PM2.5 - Principal,2022-09-15 08:00 AM,2022,09,15,08,14.4,56,Moderate,15.0,UG/M3,1 Hr,Valid
Chisinau,PM2.5 - Principal,2022-09-15 09:00 AM,2022,09,15,09,14.7,56,Moderate,15.0,UG/M3,1 Hr,Valid
Chisinau,PM2.5 - Principal,2022-09-15 10:00 AM,2022,09,15,10,14.3,56,Moderate,14.0,UG/M3,1 Hr,Valid
Chisinau,PM2.5 - Principal,2022-09-15 11:00 AM,2022,09,15,11,13.6,54,Moderate,13.0,UG/M3,1 Hr,Valid
Chisinau,PM2.5 - Principal,2022-09-15 12:00 PM,2022,09,15,12,13.8,55,Moderate,14.0,UG/M3,1 Hr,Valid
Chisinau,PM2.5 - Principal,2022-09-15 01:00 PM,2022,09,15,13,12.5,52,Moderate,10.0,UG/M3,1 Hr,Valid
Chisinau,PM2.5 - Principal,2022-09-15 02:00 PM,2022,09,15,14,13.0,53,Moderate,14.0,UG/M3,1 Hr,Valid
Chisinau,PM2.5 - Principal,2022-09-15 03:00 PM,2022,09,15,15,13.0,53,Moderate,13.0,UG/M3,1 Hr,Valid
Chisinau,PM2.5 - Principal,2022-09-15 04:00 PM,2022,09,15,16,12.6,52,Moderate,12.0,UG/M3,1 Hr,Valid
Chisinau,PM2.5 - Principal,2022-09-15 05:00 PM,2022,09,15,17,14.4,56,Moderate,17.0,UG/M3,1 Hr,Valid
Chisinau,PM2.5 - Principal,2022-09-15 06:00 PM,2022,09,15,18,13.8,55,Moderate,13.0,UG/M3,1 Hr,Valid
Chisinau,PM2.5 - Principal,2022-09-15 07:00 PM,2022,09,15,19,12.6,52,Moderate,11.0,UG/M3,1 Hr,Valid
Chisinau,PM2.5 - Principal,2022-09-15 08:00 PM,2022,09,15,20,14.0,55,Moderate,16.0,UG/M3,1 Hr,Valid
Chisinau,PM2.5 - Principal,2022-09-15 09:00 PM,2022,09,15,21,14.4,56,Moderate,15.0,UG/M3,1 Hr,Valid
Chisinau,PM2.5 - Principal,2022-09-15 10:00 PM,2022,09,15,22,13.8,55,Moderate,13.0,UG/M3,1 Hr,Valid
Chisinau,PM2.5 - Principal,2022-09-15 11:00 PM,2022,09,15,23,12.2,51,Moderate,10.0,UG/M3,1 Hr,Valid
Chisinau,PM2.5 - Principal,2022-09-16 12:00 AM,2022,09,16,00,11.3,47,Good,10.0,UG/M3,1 Hr,Valid
Chisinau,PM2.5 - Principal,2022-09-16 01:00 AM,2022,09,16,01,10.7,45,Good,10.0,UG/M3,1 Hr,Valid
Chisinau,PM2.5 - Principal,2022-09-16 02:00 AM,2022,09,16,02,10.4,43,Good,10.0,UG/M3,1 Hr,Valid
Chisinau,PM2.5 - Principal,2022-09-16 03:00 AM,2022,09,16,03,10.4,43,Good,-999.0,UG/M3,1 Hr,Missing
Chisinau,PM2.5 - Principal,2022-09-16 01:00 PM,2022,09,16,13,-999.0,-999,N/A,10.0,UG/M3,1 Hr,Valid
Chisinau,PM2.5 - Principal,2022-09-16 02:00 PM,2022,09,16,14,8.8,37,Good,8.0,UG/M3,1 Hr,Valid
Chisinau,PM2.5 - Principal,2022-09-16 03:00 PM,2022,09,16,15,9.7,40,Good,11.0,UG/M3,1 Hr,Valid
Chisinau,PM2.5 - Principal,2022-09-16 04:00 PM,2022,09,16,16,9.4,39,Good,9.0,UG/M3,1 Hr,Valid
Chisinau,PM2.5 - Principal,2022-09-16 05:00 PM,2022,09,16,17,9.6,40,Good,10.0,UG/M3,1 Hr,Valid
Chisinau,PM2.5 - Principal,2022-09-16 06:00 PM,2022,09,16,18,9.4,39,Good,9.0,UG/M3,1 Hr,Valid
Chisinau,PM2.5 - Principal,2022-09-16 07:00 PM,2022,09,16,19,10.8,45,Good,13.0,UG/M3,1 Hr,Valid
Chisinau,PM2.5 - Principal,2022-09-16 08:00 PM,2022,09,16,20,11.2,47,Good,12.0,UG/M3,1 Hr,Valid
Chisinau,PM2.5 - Principal,2022-09-16 09:00 PM,2022,09,16,21,12.5,52,Moderate,14.0,UG/M3,1 Hr,Valid
Chisinau,PM2.5 - Principal,2022-09-16 10:00 PM,2022,09,16,22,15.4,58,Moderate,18.0,UG/M3,1 Hr,Valid
Chisinau,PM2.5 - Principal,2022-09-16 11:00 PM,2022,09,16,23,18.2,64,Moderate,21.0,UG/M3,1 Hr,Valid
Chisinau,PM2.5 - Principal,2022-09-17 12:00 AM,2022,09,17,00,17.6,63,Moderate,17.0,UG/M3,1 Hr,Valid
Chisinau,PM2.5 - Principal,2022-09-17 01:00 AM,2022,09,17,01,18.8,65,Moderate,20.0,UG/M3,1 Hr,Valid
Chisinau,PM2.5 - Principal,2022-09-17 02:00 AM,2022,09,17,02,18.4,64,Moderate,18.0,UG/M3,1 Hr,Valid
Chisinau,PM2.5 - Principal,2022-09-17 03:00 AM,2022,09,17,03,13.7,54,Moderate,9.0,UG/M3,1 Hr,Valid
Chisinau,PM2.5 - Principal,2022-09-17 04:00 AM,2022,09,17,04,11.8,49,Good,10.0,UG/M3,1 Hr,Valid
Chisinau,PM2.5 - Principal,2022-09-17 05:00 AM,2022,09,17,05,11.4,48,Good,11.0,UG/M3,1 Hr,Valid
Chisinau,PM2.5 - Principal,2022-09-17 06:00 AM,2022,09,17,06,10.2,43,Good,9.0,UG/M3,1 Hr,Valid
Chisinau,PM2.5 - Principal,2022-09-17 07:00 AM,2022,09,17,07,11.1,46,Good,12.0,UG/M3,1 Hr,Valid
Chisinau,PM2.5 - Principal,2022-09-17 08:00 AM,2022,09,17,08,12.0,50,Good,13.0,UG/M3,1 Hr,Valid
Chisinau,PM2.5 - Principal,2022-09-17 09:00 AM,2022,09,17,09,13.5,54,Moderate,15.0,UG/M3,1 Hr,Valid
Chisinau,PM2.5 - Principal,2022-09-17 10:00 AM,2022,09,17,10,13.7,54,Moderate,14.0,UG/M3,1 Hr,Valid
Chisinau,PM2.5 - Principal,2022-09-17 11:00 AM,2022,09,17,11,13.8,55,Moderate,14.0,UG/M3,1 Hr,Valid
Chisinau,PM2.5 - Principal,2022-09-17 12:00 PM,2022,09,17,12,14.4,56,Moderate,15.0,UG/M3,1 Hr,Valid
Chisinau,PM2.5 - Principal,2022-09-17 01:00 PM,2022,09,17,13,15.7,59,Moderate,17.0,UG/M3,1 Hr,Valid
Chisinau,PM2.5 - Principal,2022-09-17 02:00 PM,2022,09,17,14,16.2,60,Moderate,17.0,UG/M3,1 Hr,Valid
Chisinau,PM2.5 - Principal,2022-09-17 03:00 PM,2022,09,17,15,14.7,56,Moderate,13.0,UG/M3,1 Hr,Valid
Chisinau,PM2.5 - Principal,2022-09-17 04:00 PM,2022,09,17,16,13.9,55,Moderate,13.0,UG/M3,1 Hr,Valid
Chisinau,PM2.5 - Principal,2022-09-17 05:00 PM,2022,09,17,17,14.4,56,Moderate,15.0,UG/M3,1 Hr,Valid
Chisinau,PM2.5 - Principal,2022-09-17 06:00 PM,2022,09,17,18,13.2,53,Moderate,11.0,UG/M3,1 Hr,Valid
Chisinau,PM2.5 - Principal,2022-09-17 07:00 PM,2022,09,17,19,12.8,52,Moderate,12.0,UG/M3,1 Hr,Valid
Chisinau,PM2.5 - Principal,2022-09-17 08:00 PM,2022,09,17,20,12.1,51,Moderate,11.0,UG/M3,1 Hr,Valid
Chisinau,PM2.5 - Principal,2022-09-17 09:00 PM,2022,09,17,21,13.5,54,Moderate,16.0,UG/M3,1 Hr,Valid
Chisinau,PM2.5 - Principal,2022-09-17 10:00 PM,2022,09,17,22,14.7,56,Moderate,17.0,UG/M3,1 Hr,Valid
Chisinau,PM2.5 - Principal,2022-09-17 11:00 PM,2022,09,17,23,13.7,54,Moderate,12.0,UG/M3,1 Hr,Valid
Chisinau,PM2.5 - Principal,2022-09-18 12:00 AM,2022,09,18,00,16.5,60,Moderate,20.0,UG/M3,1 Hr,Valid
Chisinau,PM2.5 - Principal,2022-09-18 01:00 AM,2022,09,18,01,15.8,59,Moderate,15.0,UG/M3,1 Hr,Valid
Chisinau,PM2.5 - Principal,2022-09-18 02:00 AM,2022,09,18,02,13.6,54,Moderate,11.0,UG/M3,1 Hr,Valid
Chisinau,PM2.5 - Principal,2022-09-18 03:00 AM,2022,09,18,03,15.1,57,Moderate,17.0,UG/M3,1 Hr,Valid
Chisinau,PM2.5 - Principal,2022-09-18 04:00 AM,2022,09,18,04,15.5,58,Moderate,16.0,UG/M3,1 Hr,Valid
Chisinau,PM2.5 - Principal,2022-09-18 05:00 AM,2022,09,18,05,14.3,56,Moderate,13.0,UG/M3,1 Hr,Valid
Chisinau,PM2.5 - Principal,2022-09-18 06:00 AM,2022,09,18,06,13.3,54,Moderate,12.0,UG/M3,1 Hr,Valid
Chisinau,PM2.5 - Principal,2022-09-18 07:00 AM,2022,09,18,07,12.2,51,Moderate,11.0,UG/M3,1 Hr,Valid
Chisinau,PM2.5 - Principal,2022-09-18 08:00 AM,2022,09,18,08,12.1,51,Moderate,12.0,UG/M3,1 Hr,Valid
Chisinau,PM2.5 - Principal,2022-09-18 09:00 AM,2022,09,18,09,12.5,52,Moderate,13.0,UG/M3,1 Hr,Valid
Chisinau,PM2.5 - Principal,2022-09-18 10:00 AM,2022,09,18,10,14.5,56,Moderate,17.0,UG/M3,1 Hr,Valid
Chisinau,PM2.5 - Principal,2022-09-18 11:00 AM,2022,09,18,11,15.6,58,Moderate,17.0,UG/M3,1 Hr,Valid
Chisinau,PM2.5 - Principal,2022-09-18 12:00 PM,2022,09,18,12,13.6,54,Moderate,11.0,UG/M3,1 Hr,Valid
Chisinau,PM2.5 - Principal,2022-09-18 01:00 PM,2022,09,18,13,12.7,52,Moderate,11.0,UG/M3,1 Hr,Valid
Chisinau,PM2.5 - Principal,2022-09-18 02:00 PM,2022,09,18,14,11.4,48,Good,10.0,UG/M3,1 Hr,Valid
Chisinau,PM2.5 - Principal,2022-09-18 03:00 PM,2022,09,18,15,10.1,42,Good,9.0,UG/M3,1 Hr,Valid
Chisinau,PM2.5 - Principal,2022-09-18 04:00 PM,2022,09,18,16,9.6,40,Good,9.0,UG/M3,1 Hr,Valid
Chisinau,PM2.5 - Principal,2022-09-18 05:00 PM,2022,09,18,17,10.2,43,Good,11.0,UG/M3,1 Hr,Valid
Chisinau,PM2.5 - Principal,2022-09-18 06:00 PM,2022,09,18,18,12.0,50,Good,14.0,UG/M3,1 Hr,Valid
Chisinau,PM2.5 - Principal,2022-09-18 07:00 PM,2022,09,18,19,10.6,44,Good,9.0,UG/M3,1 Hr,Valid
Chisinau,PM2.5 - Principal,2022-09-18 08:00 PM,2022,09,18,20,9.8,41,Good,9.0,UG/M3,1 Hr,Valid
Chisinau,PM2.5 - Principal,2022-09-18 09:00 PM,2022,09,18,21,7.8,33,Good,6.0,UG/M3,1 Hr,Valid
Chisinau,PM2.5 - Principal,2022-09-18 10:00 PM,2022,09,18,22,9.4,39,Good,11.0,UG/M3,1 Hr,Valid
Chisinau,PM2.5 - Principal,2022-09-18 11:00 PM,2022,09,18,23,8.7,36,Good,8.0,UG/M3,1 Hr,Valid
Chisinau,PM2.5 - Principal,2022-09-19 12:00 AM,2022,09,19,00,8.3,35,Good,8.0,UG/M3,1 Hr,Valid
Chisinau,PM2.5 - Principal,2022-09-19 01:00 AM,2022,09,19,01,9.1,38,Good,10.0,UG/M3,1 Hr,Valid
Chisinau,PM2.5 - Principal,2022-09-19 02:00 AM,2022,09,19,02,8.5,35,Good,8.0,UG/M3,1 Hr,Valid
Chisinau,PM2.5 - Principal,2022-09-19 03:00 AM,2022,09,19,03,8.7,36,Good,9.0,UG/M3,1 Hr,Valid
Chisinau,PM2.5 - Principal,2022-09-19 04:00 AM,2022,09,19,04,9.8,41,Good,11.0,UG/M3,1 Hr,Valid
Chisinau,PM2.5 - Principal,2022-09-19 05:00 AM,2022,09,19,05,8.9,37,Good,8.0,UG/M3,1 Hr,Valid
Chisinau,PM2.5 - Principal,2022-09-19 06:00 AM,2022,09,19,06,9.8,41,Good,11.0,UG/M3,1 Hr,Valid
Chisinau,PM2.5 - Principal,2022-09-19 07:00 AM,2022,09,19,07,9.9,41,Good,10.0,UG/M3,1 Hr,Valid
Chisinau,PM2.5 - Principal,2022-09-19 08:00 AM,2022,09,19,08,9.5,40,Good,9.0,UG/M3,1 Hr,Valid
Chisinau,PM2.5 - Principal,2022-09-19 09:00 AM,2022,09,19,09,9.9,41,Good,11.0,UG/M3,1 Hr,Valid
Chisinau,PM2.5 - Principal,2022-09-19 10:00 AM,2022,09,19,10,9.6,40,Good,9.0,UG/M3,1 Hr,Valid
Chisinau,PM2.5 - Principal,2022-09-19 11:00 AM,2022,09,19,11,9.7,40,Good,10.0,UG/M3,1 Hr,Valid
Chisinau,PM2.5 - Principal,2022-09-19 12:00 PM,2022,09,19,12,8.7,36,Good,7.0,UG/M3,1 Hr,Valid
Chisinau,PM2.5 - Principal,2022-09-19 01:00 PM,2022,09,19,13,7.3,30,Good,6.0,UG/M3,1 Hr,Valid
Chisinau,PM2.5 - Principal,2022-09-19 02:00 PM,2022,09,19,14,7.2,30,Good,7.0,UG/M3,1 Hr,Valid
Chisinau,PM2.5 - Principal,2022-09-19 03:00 PM,2022,09,19,15,8.9,37,Good,11.0,UG/M3,1 Hr,Valid
Chisinau,PM2.5 - Principal,2022-09-19 04:00 PM,2022,09,19,16,8.5,35,Good,8.0,UG/M3,1 Hr,Valid
Chisinau,PM2.5 - Principal,2022-09-19 05:00 PM,2022,09,19,17,6.7,28,Good,5.0,UG/M3,1 Hr,Valid
Chisinau,PM2.5 - Principal,2022-09-19 06:00 PM,2022,09,19,18,6.3,26,Good,6.0,UG/M3,1 Hr,Valid
Chisinau,PM2.5 - Principal,2022-09-19 07:00 PM,2022,09,19,19,8.1,34,Good,10.0,UG/M3,1 Hr,Valid
Chisinau,PM2.5 - Principal,2022-09-19 08:00 PM,2022,09,19,20,9.0,38,Good,10.0,UG/M3,1 Hr,Valid
Chisinau,PM2.5 - Principal,2022-09-19 09:00 PM,2022,09,19,21,9.5,40,Good,10.0,UG/M3,1 Hr,Valid
Chisinau,PM2.5 - Principal,2022-09-19 10:00 PM,2022,09,19,22,10.2,43,Good,11.0,UG/M3,1 Hr,Valid
Chisinau,PM2.5 - Principal,2022-09-19 11:00 PM,2022,09,19,23,11.1,46,Good,12.0,UG/M3,1 Hr,Valid
Chisinau,PM2.5 - Principal,2022-09-20 12:00 AM,2022,09,20,00,11.5,48,Good,12.0,UG/M3,1 Hr,Valid
Chisinau,PM2.5 - Principal,2022-09-20 01:00 AM,2022,09,20,01,12.7,52,Moderate,14.0,UG/M3,1 Hr,Valid
Chisinau,PM2.5 - Principal,2022-09-20 02:00 AM,2022,09,20,02,13.8,55,Moderate,15.0,UG/M3,1 Hr,Valid
Chisinau,PM2.5 - Principal,2022-09-20 03:00 AM,2022,09,20,03,14.9,57,Moderate,16.0,UG/M3,1 Hr,Valid
Chisinau,PM2.5 - Principal,2022-09-20 04:00 AM,2022,09,20,04,12.9,53,Moderate,11.0,UG/M3,1 Hr,Valid
Chisinau,PM2.5 - Principal,2022-09-20 05:00 AM,2022,09,20,05,11.4,48,Good,10.0,UG/M3,1 Hr,Valid
Chisinau,PM2.5 - Principal,2022-09-20 06:00 AM,2022,09,20,06,9.7,40,Good,8.0,UG/M3,1 Hr,Valid
Chisinau,PM2.5 - Principal,2022-09-20 07:00 AM,2022,09,20,07,9.8,41,Good,10.0,UG/M3,1 Hr,Valid
Chisinau,PM2.5 - Principal,2022-09-20 08:00 AM,2022,09,20,08,9.9,41,Good,10.0,UG/M3,1 Hr,Valid
Chisinau,PM2.5 - Principal,2022-09-20 09:00 AM,2022,09,20,09,8.9,37,Good,8.0,UG/M3,1 Hr,Valid
Chisinau,PM2.5 - Principal,2022-09-20 10:00 AM,2022,09,20,10,10.4,43,Good,12.0,UG/M3,1 Hr,Valid
Chisinau,PM2.5 - Principal,2022-09-20 11:00 AM,2022,09,20,11,10.7,45,Good,11.0,UG/M3,1 Hr,Valid
Chisinau,PM2.5 - Principal,2022-09-20 12:00 PM,2022,09,20,12,10.8,45,Good,11.0,UG/M3,1 Hr,Valid
Chisinau,PM2.5 - Principal,2022-09-20 01:00 PM,2022,09,20,13,9.4,39,Good,8.0,UG/M3,1 Hr,Valid
Chisinau,PM2.5 - Principal,2022-09-20 02:00 PM,2022,09,20,14,9.7,40,Good,10.0,UG/M3,1 Hr,Valid
Chisinau,PM2.5 - Principal,2022-09-20 03:00 PM,2022,09,20,15,9.8,41,Good,10.0,UG/M3,1 Hr,Valid
Chisinau,PM2.5 - Principal,2022-09-20 04:00 PM,2022,09,20,16,10.2,43,Good,11.0,UG/M3,1 Hr,Valid
Chisinau,PM2.5 - Principal,2022-09-20 05:00 PM,2022,09,20,17,10.8,45,Good,12.0,UG/M3,1 Hr,Valid
Chisinau,PM2.5 - Principal,2022-09-20 06:00 PM,2022,09,20,18,13.6,54,Moderate,16.0,UG/M3,1 Hr,Valid
Chisinau,PM2.5 - Principal,2022-09-20 07:00 PM,2022,09,20,19,11.8,49,Good,10.0,UG/M3,1 Hr,Valid
Chisinau,PM2.5 - Principal,2022-09-20 08:00 PM,2022,09,20,20,11.9,50,Good,12.0,UG/M3,1 Hr,Valid
Chisinau,PM2.5 - Principal,2022-09-20 09:00 PM,2022,09,20,21,15.4,58,Moderate,19.0,UG/M3,1 Hr,Valid
Chisinau,PM2.5 - Principal,2022-09-20 10:00 PM,2022,09,20,22,16.7,61,Moderate,18.0,UG/M3,1 Hr,Valid
Chisinau,PM2.5 - Principal,2022-09-20 11:00 PM,2022,09,20,23,16.3,60,Moderate,16.0,UG/M3,1 Hr,Valid
Chisinau,PM2.5 - Principal,2022-09-21 12:00 AM,2022,09,21,00,16.1,59,Moderate,16.0,UG/M3,1 Hr,Valid
Chisinau,PM2.5 - Principal,2022-09-21 01:00 AM,2022,09,21,01,17.0,61,Moderate,18.0,UG/M3,1 Hr,Valid
Chisinau,PM2.5 - Principal,2022-09-21 02:00 AM,2022,09,21,02,17.4,62,Moderate,18.0,UG/M3,1 Hr,Valid
Chisinau,PM2.5 - Principal,2022-09-21 03:00 AM,2022,09,21,03,17.2,62,Moderate,17.0,UG/M3,1 Hr,Valid
Chisinau,PM2.5 - Principal,2022-09-21 04:00 AM,2022,09,21,04,15.7,59,Moderate,14.0,UG/M3,1 Hr,Valid
Chisinau,PM2.5 - Principal,2022-09-21 05:00 AM,2022,09,21,05,16.3,60,Moderate,17.0,UG/M3,1 Hr,Valid
Chisinau,PM2.5 - Principal,2022-09-21 06:00 AM,2022,09,21,06,14.7,56,Moderate,13.0,UG/M3,1 Hr,Valid
Chisinau,PM2.5 - Principal,2022-09-21 07:00 AM,2022,09,21,07,14.3,56,Moderate,13.0,UG/M3,1 Hr,Valid
Chisinau,PM2.5 - Principal,2022-09-21 08:00 AM,2022,09,21,08,13.4,54,Moderate,12.0,UG/M3,1 Hr,Valid
Chisinau,PM2.5 - Principal,2022-09-21 09:00 AM,2022,09,21,09,12.4,52,Moderate,11.0,UG/M3,1 Hr,Valid
Chisinau,PM2.5 - Principal,2022-09-21 10:00 AM,2022,09,21,10,15.1,57,Moderate,19.0,UG/M3,1 Hr,Valid
Chisinau,PM2.5 - Principal,2022-09-21 11:00 AM,2022,09,21,11,15.0,57,Moderate,15.0,UG/M3,1 Hr,Valid
Chisinau,PM2.5 - Principal,2022-09-21 12:00 PM,2022,09,21,12,12.7,52,Moderate,10.0,UG/M3,1 Hr,Valid
Chisinau,PM2.5 - Principal,2022-09-21 01:00 PM,2022,09,21,13,13.3,54,Moderate,14.0,UG/M3,1 Hr,Valid
Chisinau,PM2.5 - Principal,2022-09-21 02:00 PM,2022,09,21,14,14.1,55,Moderate,15.0,UG/M3,1 Hr,Valid
Chisinau,PM2.5 - Principal,2022-09-21 03:00 PM,2022,09,21,15,13.5,54,Moderate,13.0,UG/M3,1 Hr,Valid
Chisinau,PM2.5 - Principal,2022-09-21 04:00 PM,2022,09,21,16,11.2,47,Good,9.0,UG/M3,1 Hr,Valid
Chisinau,PM2.5 - Principal,2022-09-21 05:00 PM,2022,09,21,17,12.6,52,Moderate,14.0,UG/M3,1 Hr,Valid
Chisinau,PM2.5 - Principal,2022-09-21 06:00 PM,2022,09,21,18,13.8,55,Moderate,15.0,UG/M3,1 Hr,Valid
Chisinau,PM2.5 - Principal,2022-09-21 07:00 PM,2022,09,21,19,11.4,48,Good,9.0,UG/M3,1 Hr,Valid
Chisinau,PM2.5 - Principal,2022-09-21 08:00 PM,2022,09,21,20,11.2,47,Good,11.0,UG/M3,1 Hr,Valid
Chisinau,PM2.5 - Principal,2022-09-21 09:00 PM,2022,09,21,21,10.6,44,Good,10.0,UG/M3,1 Hr,Valid
Chisinau,PM2.5 - Principal,2022-09-21 10:00 PM,2022,09,21,22,13.0,53,Moderate,16.0,UG/M3,1 Hr,Valid
Chisinau,PM2.5 - Principal,2022-09-21 11:00 PM,2022,09,21,23,14.9,57,Moderate,17.0,UG/M3,1 Hr,Valid
Chisinau,PM2.5 - Principal,2022-09-22 12:00 AM,2022,09,22,00,14.9,57,Moderate,15.0,UG/M3,1 Hr,Valid
Chisinau,PM2.5 - Principal,2022-09-22 01:00 AM,2022,09,22,01,13.1,53,Moderate,11.0,UG/M3,1 Hr,Valid
Chisinau,PM2.5 - Principal,2022-09-22 02:00 AM,2022,09,22,02,10.5,44,Good,8.0,UG/M3,1 Hr,Valid
Chisinau,PM2.5 - Principal,2022-09-22 03:00 AM,2022,09,22,03,13.7,54,Moderate,17.0,UG/M3,1 Hr,Valid
Chisinau,PM2.5 - Principal,2022-09-22 04:00 AM,2022,09,22,04,10.8,45,Good,8.0,UG/M3,1 Hr,Valid
Chisinau,PM2.5 - Principal,2022-09-22 05:00 AM,2022,09,22,05,10.4,43,Good,10.0,UG/M3,1 Hr,Valid
Chisinau,PM2.5 - Principal,2022-09-22 06:00 AM,2022,09,22,06,11.7,49,Good,13.0,UG/M3,1 Hr,Valid
Chisinau,PM2.5 - Principal,2022-09-22 07:00 AM,2022,09,22,07,11.8,49,Good,12.0,UG/M3,1 Hr,Valid
Chisinau,PM2.5 - Principal,2022-09-22 08:00 AM,2022,09,22,08,11.4,48,Good,11.0,UG/M3,1 Hr,Valid
Chisinau,PM2.5 - Principal,2022-09-22 09:00 AM,2022,09,22,09,11.2,47,Good,11.0,UG/M3,1 Hr,Valid
Chisinau,PM2.5 - Principal,2022-09-22 10:00 AM,2022,09,22,10,11.1,46,Good,11.0,UG/M3,1 Hr,Valid
Chisinau,PM2.5 - Principal,2022-09-22 11:00 AM,2022,09,22,11,10.0,42,Good,9.0,UG/M3,1 Hr,Valid
Chisinau,PM2.5 - Principal,2022-09-22 12:00 PM,2022,09,22,12,11.5,48,Good,13.0,UG/M3,1 Hr,Valid
Chisinau,PM2.5 - Principal,2022-09-22 01:00 PM,2022,09,22,13,11.7,49,Good,12.0,UG/M3,1 Hr,Valid
Chisinau,PM2.5 - Principal,2022-09-22 02:00 PM,2022,09,22,14,10.8,45,Good,10.0,UG/M3,1 Hr,Valid
Chisinau,PM2.5 - Principal,2022-09-22 03:00 PM,2022,09,22,15,10.6,44,Good,10.0,UG/M3,1 Hr,Valid
Chisinau,PM2.5 - Principal,2022-09-22 04:00 PM,2022,09,22,16,11.8,49,Good,14.0,UG/M3,1 Hr,Valid
Chisinau,PM2.5 - Principal,2022-09-22 05:00 PM,2022,09,22,17,13.1,53,Moderate,15.0,UG/M3,1 Hr,Valid
Chisinau,PM2.5 - Principal,2022-09-22 06:00 PM,2022,09,22,18,12.3,51,Moderate,11.0,UG/M3,1 Hr,Valid
Chisinau,PM2.5 - Principal,2022-09-22 07:00 PM,2022,09,22,19,11.7,49,Good,11.0,UG/M3,1 Hr,Valid
Chisinau,PM2.5 - Principal,2022-09-22 08:00 PM,2022,09,22,20,11.4,48,Good,11.0,UG/M3,1 Hr,Valid
Chisinau,PM2.5 - Principal,2022-09-22 09:00 PM,2022,09,22,21,12.4,52,Moderate,14.0,UG/M3,1 Hr,Valid
Chisinau,PM2.5 - Principal,2022-09-22 10:00 PM,2022,09,22,22,12.2,51,Moderate,12.0,UG/M3,1 Hr,Valid
Chisinau,PM2.5 - Principal,2022-09-22 11:00 PM,2022,09,22,23,13.6,54,Moderate,16.0,UG/M3,1 Hr,Valid
Chisinau,PM2.5 - Principal,2022-09-23 12:00 AM,2022,09,23,00,13.0,53,Moderate,12.0,UG/M3,1 Hr,Valid
Chisinau,PM2.5 - Principal,2022-09-23 01:00 AM,2022,09,23,01,12.2,51,Moderate,11.0,UG/M3,1 Hr,Valid
Chisinau,PM2.5 - Principal,2022-09-23 02:00 AM,2022,09,23,02,12.9,53,Moderate,14.0,UG/M3,1 Hr,Valid
Chisinau,PM2.5 - Principal,2022-09-23 03:00 AM,2022,09,23,03,14.3,56,Moderate,17.0,UG/M3,1 Hr,Valid
Chisinau,PM2.5 - Principal,2022-09-23 04:00 AM,2022,09,23,04,14.2,55,Moderate,14.0,UG/M3,1 Hr,Valid
Chisinau,PM2.5 - Principal,2022-09-23 05:00 AM,2022,09,23,05,13.4,54,Moderate,12.0,UG/M3,1 Hr,Valid
Chisinau,PM2.5 - Principal,2022-09-23 06:00 AM,2022,09,23,06,12.5,52,Moderate,11.0,UG/M3,1 Hr,Valid
Chisinau,PM2.5 - Principal,2022-09-23 07:00 AM,2022,09,23,07,11.4,48,Good,10.0,UG/M3,1 Hr,Valid
Chisinau,PM2.5 - Principal,2022-09-23 08:00 AM,2022,09,23,08,10.8,45,Good,10.0,UG/M3,1 Hr,Valid
Chisinau,PM2.5 - Principal,2022-09-23 09:00 AM,2022,09,23,09,10.4,43,Good,10.0,UG/M3,1 Hr,Valid
Chisinau,PM2.5 - Principal,2022-09-23 10:00 AM,2022,09,23,10,10.6,44,Good,11.0,UG/M3,1 Hr,Valid
Chisinau,PM2.5 - Principal,2022-09-23 11:00 AM,2022,09,23,11,11.6,48,Good,13.0,UG/M3,1 Hr,Valid
Chisinau,PM2.5 - Principal,2022-09-23 12:00 PM,2022,09,23,12,10.9,45,Good,10.0,UG/M3,1 Hr,Valid
Chisinau,PM2.5 - Principal,2022-09-23 01:00 PM,2022,09,23,13,10.5,44,Good,10.0,UG/M3,1 Hr,Valid
Chisinau,PM2.5 - Principal,2022-09-23 02:00 PM,2022,09,23,14,10.7,45,Good,11.0,UG/M3,1 Hr,Valid
Chisinau,PM2.5 - Principal,2022-09-23 03:00 PM,2022,09,23,15,10.8,45,Good,11.0,UG/M3,1 Hr,Valid
Chisinau,PM2.5 - Principal,2022-09-23 04:00 PM,2022,09,23,16,10.2,43,Good,9.0,UG/M3,1 Hr,Valid
Chisinau,PM2.5 - Principal,2022-09-23 05:00 PM,2022,09,23,17,9.8,41,Good,9.0,UG/M3,1 Hr,Valid
Chisinau,PM2.5 - Principal,2022-09-23 06:00 PM,2022,09,23,18,18.2,64,Moderate,27.0,UG/M3,1 Hr,Valid
Chisinau,PM2.5 - Principal,2022-09-23 07:00 PM,2022,09,23,19,14.6,56,Moderate,11.0,UG/M3,1 Hr,Valid
Chisinau,PM2.5 - Principal,2022-09-23 08:00 PM,2022,09,23,20,13.8,55,Moderate,13.0,UG/M3,1 Hr,Valid
Chisinau,PM2.5 - Principal,2022-09-23 09:00 PM,2022,09,23,21,13.9,55,Moderate,14.0,UG/M3,1 Hr,Valid
Chisinau,PM2.5 - Principal,2022-09-23 10:00 PM,2022,09,23,22,13.4,54,Moderate,13.0,UG/M3,1 Hr,Valid
Chisinau,PM2.5 - Principal,2022-09-23 11:00 PM,2022,09,23,23,13.2,53,Moderate,13.0,UG/M3,1 Hr,Valid
Chisinau,PM2.5 - Principal,2022-09-24 12:00 AM,2022,09,24,00,13.1,53,Moderate,13.0,UG/M3,1 Hr,Valid
Chisinau,PM2.5 - Principal,2022-09-24 01:00 AM,2022,09,24,01,15.0,57,Moderate,17.0,UG/M3,1 Hr,Valid
Chisinau,PM2.5 - Principal,2022-09-24 02:00 AM,2022,09,24,02,14.0,55,Moderate,13.0,UG/M3,1 Hr,Valid
Chisinau,PM2.5 - Principal,2022-09-24 03:00 AM,2022,09,24,03,14.0,55,Moderate,14.0,UG/M3,1 Hr,Valid
Chisinau,PM2.5 - Principal,2022-09-24 04:00 AM,2022,09,24,04,15.0,57,Moderate,16.0,UG/M3,1 Hr,Valid
Chisinau,PM2.5 - Principal,2022-09-24 05:00 AM,2022,09,24,05,13.0,53,Moderate,11.0,UG/M3,1 Hr,Valid
Chisinau,PM2.5 - Principal,2022-09-24 06:00 AM,2022,09,24,06,15.1,57,Moderate,18.0,UG/M3,1 Hr,Valid
Chisinau,PM2.5 - Principal,2022-09-24 07:00 AM,2022,09,24,07,13.5,54,Moderate,11.0,UG/M3,1 Hr,Valid
Chisinau,PM2.5 - Principal,2022-09-24 08:00 AM,2022,09,24,08,12.9,53,Moderate,12.0,UG/M3,1 Hr,Valid
Chisinau,PM2.5 - Principal,2022-09-24 09:00 AM,2022,09,24,09,17.3,62,Moderate,22.0,UG/M3,1 Hr,Valid
Chisinau,PM2.5 - Principal,2022-09-24 10:00 AM,2022,09,24,10,15.1,57,Moderate,13.0,UG/M3,1 Hr,Valid
Chisinau,PM2.5 - Principal,2022-09-24 11:00 AM,2022,09,24,11,15.5,58,Moderate,16.0,UG/M3,1 Hr,Valid
Chisinau,PM2.5 - Principal,2022-09-24 12:00 PM,2022,09,24,12,14.2,55,Moderate,13.0,UG/M3,1 Hr,Valid
Chisinau,PM2.5 - Principal,2022-09-24 01:00 PM,2022,09,24,13,11.6,48,Good,9.0,UG/M3,1 Hr,Valid
Chisinau,PM2.5 - Principal,2022-09-24 02:00 PM,2022,09,24,14,11.3,47,Good,11.0,UG/M3,1 Hr,Valid
Chisinau,PM2.5 - Principal,2022-09-24 03:00 PM,2022,09,24,15,12.1,51,Moderate,13.0,UG/M3,1 Hr,Valid
Chisinau,PM2.5 - Principal,2022-09-24 04:00 PM,2022,09,24,16,13.0,53,Moderate,14.0,UG/M3,1 Hr,Valid
Chisinau,PM2.5 - Principal,2022-09-24 05:00 PM,2022,09,24,17,11.0,46,Good,9.0,UG/M3,1 Hr,Valid
Chisinau,PM2.5 - Principal,2022-09-24 06:00 PM,2022,09,24,18,11.5,48,Good,12.0,UG/M3,1 Hr,Valid
Chisinau,PM2.5 - Principal,2022-09-24 07:00 PM,2022,09,24,19,10.7,45,Good,10.0,UG/M3,1 Hr,Valid
Chisinau,PM2.5 - Principal,2022-09-24 08:00 PM,2022,09,24,20,11.8,49,Good,13.0,UG/M3,1 Hr,Valid
Chisinau,PM2.5 - Principal,2022-09-24 09:00 PM,2022,09,24,21,14.2,55,Moderate,17.0,UG/M3,1 Hr,Valid
Chisinau,PM2.5 - Principal,2022-09-24 10:00 PM,2022,09,24,22,17.2,62,Moderate,20.0,UG/M3,1 Hr,Valid
Chisinau,PM2.5 - Principal,2022-09-24 11:00 PM,2022,09,24,23,20.6,69,Moderate,24.0,UG/M3,1 Hr,Valid
Chisinau,PM2.5 - Principal,2022-09-25 12:00 AM,2022,09,25,00,22.8,74,Moderate,25.0,UG/M3,1 Hr,Valid
Chisinau,PM2.5 - Principal,2022-09-25 01:00 AM,2022,09,25,01,22.9,74,Moderate,23.0,UG/M3,1 Hr,Valid
Chisinau,PM2.5 - Principal,2022-09-25 02:00 AM,2022,09,25,02,22.9,74,Moderate,23.0,UG/M3,1 Hr,Valid
Chisinau,PM2.5 - Principal,2022-09-25 03:00 AM,2022,09,25,03,20.9,70,Moderate,19.0,UG/M3,1 Hr,Valid
Chisinau,PM2.5 - Principal,2022-09-25 04:00 AM,2022,09,25,04,21.9,72,Moderate,23.0,UG/M3,1 Hr,Valid
Chisinau,PM2.5 - Principal,2022-09-25 05:00 AM,2022,09,25,05,24.4,77,Moderate,27.0,UG/M3,1 Hr,Valid
Chisinau,PM2.5 - Principal,2022-09-25 06:00 AM,2022,09,25,06,23.7,75,Moderate,23.0,UG/M3,1 Hr,Valid
Chisinau,PM2.5 - Principal,2022-09-25 07:00 AM,2022,09,25,07,22.8,74,Moderate,22.0,UG/M3,1 Hr,Valid
Chisinau,PM2.5 - Principal,2022-09-25 08:00 AM,2022,09,25,08,22.2,72,Moderate,21.0,UG/M3,1 Hr,Valid
Chisinau,PM2.5 - Principal,2022-09-25 09:00 AM,2022,09,25,09,22.2,72,Moderate,22.0,UG/M3,1 Hr,Valid
Chisinau,PM2.5 - Principal,2022-09-25 10:00 AM,2022,09,25,10,21.9,72,Moderate,21.0,UG/M3,1 Hr,Valid
Chisinau,PM2.5 - Principal,2022-09-25 11:00 AM,2022,09,25,11,19.9,67,Moderate,17.0,UG/M3,1 Hr,Valid
Chisinau,PM2.5 - Principal,2022-09-25 12:00 PM,2022,09,25,12,21.0,70,Moderate,23.0,UG/M3,1 Hr,Valid
Chisinau,PM2.5 - Principal,2022-09-25 01:00 PM,2022,09,25,13,15.5,58,Moderate,10.0,UG/M3,1 Hr,Valid
Chisinau,PM2.5 - Principal,2022-09-25 02:00 PM,2022,09,25,14,11.7,49,Good,8.0,UG/M3,1 Hr,Valid
Chisinau,PM2.5 - Principal,2022-09-25 03:00 PM,2022,09,25,15,11.8,49,Good,12.0,UG/M3,1 Hr,Valid
Chisinau,PM2.5 - Principal,2022-09-25 04:00 PM,2022,09,25,16,10.4,43,Good,9.0,UG/M3,1 Hr,Valid
Chisinau,PM2.5 - Principal,2022-09-25 05:00 PM,2022,09,25,17,10.2,43,Good,10.0,UG/M3,1 Hr,Valid
Chisinau,PM2.5 - Principal,2022-09-25 06:00 PM,2022,09,25,18,9.1,38,Good,8.0,UG/M3,1 Hr,Valid
Chisinau,PM2.5 - Principal,2022-09-25 07:00 PM,2022,09,25,19,10.0,42,Good,11.0,UG/M3,1 Hr,Valid
Chisinau,PM2.5 - Principal,2022-09-25 08:00 PM,2022,09,25,20,11.0,46,Good,12.0,UG/M3,1 Hr,Valid
Chisinau,PM2.5 - Principal,2022-09-25 09:00 PM,2022,09,25,21,14.0,55,Moderate,17.0,UG/M3,1 Hr,Valid
Chisinau,PM2.5 - Principal,2022-09-25 10:00 PM,2022,09,25,22,16.5,60,Moderate,19.0,UG/M3,1 Hr,Valid
Chisinau,PM2.5 - Principal,2022-09-25 11:00 PM,2022,09,25,23,20.7,69,Moderate,25.0,UG/M3,1 Hr,Valid
Chisinau,PM2.5 - Principal,2022-09-26 12:00 AM,2022,09,26,00,24.8,78,Moderate,29.0,UG/M3,1 Hr,Valid
Chisinau,PM2.5 - Principal,2022-09-26 01:00 AM,2022,09,26,01,26.4,81,Moderate,28.0,UG/M3,1 Hr,Valid
Chisinau,PM2.5 - Principal,2022-09-26 02:00 AM,2022,09,26,02,24.2,76,Moderate,22.0,UG/M3,1 Hr,Valid
Chisinau,PM2.5 - Principal,2022-09-26 03:00 AM,2022,09,26,03,25.6,79,Moderate,27.0,UG/M3,1 Hr,Valid
Chisinau,PM2.5 - Principal,2022-09-26 04:00 AM,2022,09,26,04,24.8,78,Moderate,24.0,UG/M3,1 Hr,Valid
Chisinau,PM2.5 - Principal,2022-09-26 05:00 AM,2022,09,26,05,23.9,76,Moderate,23.0,UG/M3,1 Hr,Valid
Chisinau,PM2.5 - Principal,2022-09-26 06:00 AM,2022,09,26,06,24.9,78,Moderate,26.0,UG/M3,1 Hr,Valid
Chisinau,PM2.5 - Principal,2022-09-26 07:00 AM,2022,09,26,07,22.9,74,Moderate,21.0,UG/M3,1 Hr,Valid
Chisinau,PM2.5 - Principal,2022-09-26 08:00 AM,2022,09,26,08,22.3,72,Moderate,21.0,UG/M3,1 Hr,Valid
Chisinau,PM2.5 - Principal,2022-09-26 09:00 AM,2022,09,26,09,22.4,73,Moderate,22.0,UG/M3,1 Hr,Valid
Chisinau,PM2.5 - Principal,2022-09-26 10:00 AM,2022,09,26,10,24.8,78,Moderate,30.0,UG/M3,1 Hr,Valid
Chisinau,PM2.5 - Principal,2022-09-26 11:00 AM,2022,09,26,11,26.9,82,Moderate,31.0,UG/M3,1 Hr,Valid
Chisinau,PM2.5 - Principal,2022-09-26 12:00 PM,2022,09,26,12,23.6,75,Moderate,18.0,UG/M3,1 Hr,Valid
Chisinau,PM2.5 - Principal,2022-09-26 01:00 PM,2022,09,26,13,22.9,74,Moderate,22.0,UG/M3,1 Hr,Valid
Chisinau,PM2.5 - Principal,2022-09-26 02:00 PM,2022,09,26,14,20.1,68,Moderate,17.0,UG/M3,1 Hr,Valid
Chisinau,PM2.5 - Principal,2022-09-26 03:00 PM,2022,09,26,15,15.9,59,Moderate,12.0,UG/M3,1 Hr,Valid
Chisinau,PM2.5 - Principal,2022-09-26 04:00 PM,2022,09,26,16,15.4,58,Moderate,15.0,UG/M3,1 Hr,Valid
Chisinau,PM2.5 - Principal,2022-09-26 05:00 PM,2022,09,26,17,13.7,54,Moderate,12.0,UG/M3,1 Hr,Valid
Chisinau,PM2.5 - Principal,2022-09-26 06:00 PM,2022,09,26,18,15.8,59,Moderate,18.0,UG/M3,1 Hr,Valid
Chisinau,PM2.5 - Principal,2022-09-26 07:00 PM,2022,09,26,19,13.4,54,Moderate,11.0,UG/M3,1 Hr,Valid
Chisinau,PM2.5 - Principal,2022-09-26 08:00 PM,2022,09,26,20,16.7,61,Moderate,20.0,UG/M3,1 Hr,Valid
Chisinau,PM2.5 - Principal,2022-09-26 09:00 PM,2022,09,26,21,19.3,66,Moderate,22.0,UG/M3,1 Hr,Valid
Chisinau,PM2.5 - Principal,2022-09-26 10:00 PM,2022,09,26,22,19.6,67,Moderate,20.0,UG/M3,1 Hr,Valid
Chisinau,PM2.5 - Principal,2022-09-26 11:00 PM,2022,09,26,23,15.8,59,Moderate,12.0,UG/M3,1 Hr,Valid
Chisinau,PM2.5 - Principal,2022-09-27 12:00 AM,2022,09,27,00,16.4,60,Moderate,17.0,UG/M3,1 Hr,Valid
Chisinau,PM2.5 - Principal,2022-09-27 01:00 AM,2022,09,27,01,16.7,61,Moderate,17.0,UG/M3,1 Hr,Valid
Chisinau,PM2.5 - Principal,2022-09-27 02:00 AM,2022,09,27,02,18.8,65,Moderate,21.0,UG/M3,1 Hr,Valid
Chisinau,PM2.5 - Principal,2022-09-27 03:00 AM,2022,09,27,03,18.9,65,Moderate,19.0,UG/M3,1 Hr,Valid
Chisinau,PM2.5 - Principal,2022-09-27 04:00 AM,2022,09,27,04,19.4,66,Moderate,20.0,UG/M3,1 Hr,Valid
Chisinau,PM2.5 - Principal,2022-09-27 05:00 AM,2022,09,27,05,21.7,71,Moderate,24.0,UG/M3,1 Hr,Valid
Chisinau,PM2.5 - Principal,2022-09-27 06:00 AM,2022,09,27,06,21.3,70,Moderate,21.0,UG/M3,1 Hr,Valid
Chisinau,PM2.5 - Principal,2022-09-27 07:00 AM,2022,09,27,07,22.6,73,Moderate,24.0,UG/M3,1 Hr,Valid
Chisinau,PM2.5 - Principal,2022-09-27 08:00 AM,2022,09,27,08,22.3,72,Moderate,22.0,UG/M3,1 Hr,Valid
Chisinau,PM2.5 - Principal,2022-09-27 09:00 AM,2022,09,27,09,22.6,73,Moderate,23.0,UG/M3,1 Hr,Valid
Chisinau,PM2.5 - Principal,2022-09-27 10:00 AM,2022,09,27,10,23.3,75,Moderate,24.0,UG/M3,1 Hr,Valid
Chisinau,PM2.5 - Principal,2022-09-27 11:00 AM,2022,09,27,11,27.3,83,Moderate,32.0,UG/M3,1 Hr,Valid
Chisinau,PM2.5 - Principal,2022-09-27 12:00 PM,2022,09,27,12,27.6,84,Moderate,28.0,UG/M3,1 Hr,Valid
Chisinau,PM2.5 - Principal,2022-09-27 01:00 PM,2022,09,27,13,29.1,87,Moderate,32.0,UG/M3,1 Hr,Valid
Chisinau,PM2.5 - Principal,2022-09-27 02:00 PM,2022,09,27,14,26.2,81,Moderate,22.0,UG/M3,1 Hr,Valid
Chisinau,PM2.5 - Principal,2022-09-27 03:00 PM,2022,09,27,15,23.9,76,Moderate,20.0,UG/M3,1 Hr,Valid
Chisinau,PM2.5 - Principal,2022-09-27 04:00 PM,2022,09,27,16,20.3,68,Moderate,17.0,UG/M3,1 Hr,Valid
Chisinau,PM2.5 - Principal,2022-09-27 05:00 PM,2022,09,27,17,21.5,71,Moderate,23.0,UG/M3,1 Hr,Valid
Chisinau,PM2.5 - Principal,2022-09-27 06:00 PM,2022,09,27,18,19.4,66,Moderate,17.0,UG/M3,1 Hr,Valid
Chisinau,PM2.5 - Principal,2022-09-27 07:00 PM,2022,09,27,19,20.1,68,Moderate,21.0,UG/M3,1 Hr,Valid
Chisinau,PM2.5 - Principal,2022-09-27 08:00 PM,2022,09,27,20,20.5,69,Moderate,21.0,UG/M3,1 Hr,Valid
Chisinau,PM2.5 - Principal,2022-09-27 09:00 PM,2022,09,27,21,22.6,73,Moderate,25.0,UG/M3,1 Hr,Valid
Chisinau,PM2.5 - Principal,2022-09-27 10:00 PM,2022,09,27,22,24.6,77,Moderate,27.0,UG/M3,1 Hr,Valid
Chisinau,PM2.5 - Principal,2022-09-27 11:00 PM,2022,09,27,23,25.7,80,Moderate,27.0,UG/M3,1 Hr,Valid
Chisinau,PM2.5 - Principal,2022-09-28 12:00 AM,2022,09,28,00,27.2,83,Moderate,29.0,UG/M3,1 Hr,Valid
Chisinau,PM2.5 - Principal,2022-09-28 01:00 AM,2022,09,28,01,28.9,86,Moderate,31.0,UG/M3,1 Hr,Valid
Chisinau,PM2.5 - Principal,2022-09-28 02:00 AM,2022,09,28,02,27.1,83,Moderate,25.0,UG/M3,1 Hr,Valid
Chisinau,PM2.5 - Principal,2022-09-28 03:00 AM,2022,09,28,03,29.4,87,Moderate,32.0,UG/M3,1 Hr,Valid
Chisinau,PM2.5 - Principal,2022-09-28 04:00 AM,2022,09,28,04,27.3,83,Moderate,25.0,UG/M3,1 Hr,Valid
Chisinau,PM2.5 - Principal,2022-09-28 05:00 AM,2022,09,28,05,27.6,84,Moderate,28.0,UG/M3,1 Hr,Valid
Chisinau,PM2.5 - Principal,2022-09-28 06:00 AM,2022,09,28,06,27.4,83,Moderate,27.0,UG/M3,1 Hr,Valid
Chisinau,PM2.5 - Principal,2022-09-28 07:00 AM,2022,09,28,07,27.6,84,Moderate,28.0,UG/M3,1 Hr,Valid
Chisinau,PM2.5 - Principal,2022-09-28 08:00 AM,2022,09,28,08,28.0,84,Moderate,29.0,UG/M3,1 Hr,Valid
Chisinau,PM2.5 - Principal,2022-09-28 09:00 AM,2022,09,28,09,28.5,85,Moderate,30.0,UG/M3,1 Hr,Valid
Chisinau,PM2.5 - Principal,2022-09-28 10:00 AM,2022,09,28,10,29.6,88,Moderate,33.0,UG/M3,1 Hr,Valid
Chisinau,PM2.5 - Principal,2022-09-28 11:00 AM,2022,09,28,11,28.2,85,Moderate,24.0,UG/M3,1 Hr,Valid
Chisinau,PM2.5 - Principal,2022-09-28 12:00 PM,2022,09,28,12,26.0,80,Moderate,22.0,UG/M3,1 Hr,Valid
Chisinau,PM2.5 - Principal,2022-09-28 01:00 PM,2022,09,28,13,25.6,79,Moderate,25.0,UG/M3,1 Hr,Valid
Chisinau,PM2.5 - Principal,2022-09-28 02:00 PM,2022,09,28,14,23.8,76,Moderate,21.0,UG/M3,1 Hr,Valid
Chisinau,PM2.5 - Principal,2022-09-28 03:00 PM,2022,09,28,15,22.8,74,Moderate,21.0,UG/M3,1 Hr,Valid
Chisinau,PM2.5 - Principal,2022-09-28 04:00 PM,2022,09,28,16,18.9,65,Moderate,16.0,UG/M3,1 Hr,Valid
Chisinau,PM2.5 - Principal,2022-09-28 05:00 PM,2022,09,28,17,15.4,58,Moderate,12.0,UG/M3,1 Hr,Valid
Chisinau,PM2.5 - Principal,2022-09-28 06:00 PM,2022,09,28,18,12.7,52,Moderate,10.0,UG/M3,1 Hr,Valid
Chisinau,PM2.5 - Principal,2022-09-28 07:00 PM,2022,09,28,19,14.3,56,Moderate,16.0,UG/M3,1 Hr,Valid
Chisinau,PM2.5 - Principal,2022-09-28 08:00 PM,2022,09,28,20,15.6,58,Moderate,17.0,UG/M3,1 Hr,Valid
Chisinau,PM2.5 - Principal,2022-09-28 09:00 PM,2022,09,28,21,16.3,60,Moderate,17.0,UG/M3,1 Hr,Valid
Chisinau,PM2.5 - Principal,2022-09-28 10:00 PM,2022,09,28,22,16.1,59,Moderate,16.0,UG/M3,1 Hr,Valid
Chisinau,PM2.5 - Principal,2022-09-28 11:00 PM,2022,09,28,23,17.0,61,Moderate,18.0,UG/M3,1 Hr,Valid
Chisinau,PM2.5 - Principal,2022-09-29 12:00 AM,2022,09,29,00,19.5,67,Moderate,22.0,UG/M3,1 Hr,Valid
Chisinau,PM2.5 - Principal,2022-09-29 01:00 AM,2022,09,29,01,18.7,65,Moderate,18.0,UG/M3,1 Hr,Valid
Chisinau,PM2.5 - Principal,2022-09-29 02:00 AM,2022,09,29,02,17.3,62,Moderate,16.0,UG/M3,1 Hr,Valid
Chisinau,PM2.5 - Principal,2022-09-29 03:00 AM,2022,09,29,03,18.1,64,Moderate,19.0,UG/M3,1 Hr,Valid
Chisinau,PM2.5 - Principal,2022-09-29 04:00 AM,2022,09,29,04,17.0,61,Moderate,16.0,UG/M3,1 Hr,Valid
Chisinau,PM2.5 - Principal,2022-09-29 05:00 AM,2022,09,29,05,17.5,62,Moderate,18.0,UG/M3,1 Hr,Valid
Chisinau,PM2.5 - Principal,2022-09-29 06:00 AM,2022,09,29,06,17.7,63,Moderate,18.0,UG/M3,1 Hr,Valid
Chisinau,PM2.5 - Principal,2022-09-29 07:00 AM,2022,09,29,07,16.8,61,Moderate,15.0,UG/M3,1 Hr,Valid
Chisinau,PM2.5 - Principal,2022-09-29 08:00 AM,2022,09,29,08,16.9,61,Moderate,17.0,UG/M3,1 Hr,Valid
Chisinau,PM2.5 - Principal,2022-09-29 09:00 AM,2022,09,29,09,16.9,61,Moderate,17.0,UG/M3,1 Hr,Valid
Chisinau,PM2.5 - Principal,2022-09-29 10:00 AM,2022,09,29,10,18.2,64,Moderate,21.0,UG/M3,1 Hr,Valid
Chisinau,PM2.5 - Principal,2022-09-29 11:00 AM,2022,09,29,11,19.1,66,Moderate,21.0,UG/M3,1 Hr,Valid
Chisinau,PM2.5 - Principal,2022-09-29 12:00 PM,2022,09,29,12,20.5,69,Moderate,23.0,UG/M3,1 Hr,Valid
Chisinau,PM2.5 - Principal,2022-09-29 01:00 PM,2022,09,29,13,20.7,69,Moderate,21.0,UG/M3,1 Hr,Valid
Chisinau,PM2.5 - Principal,2022-09-29 02:00 PM,2022,09,29,14,18.2,64,Moderate,14.0,UG/M3,1 Hr,Valid
Chisinau,PM2.5 - Principal,2022-09-29 03:00 PM,2022,09,29,15,16.9,61,Moderate,15.0,UG/M3,1 Hr,Valid
Chisinau,PM2.5 - Principal,2022-09-29 04:00 PM,2022,09,29,16,16.1,59,Moderate,15.0,UG/M3,1 Hr,Valid
Chisinau,PM2.5 - Principal,2022-09-29 05:00 PM,2022,09,29,17,16.5,60,Moderate,17.0,UG/M3,1 Hr,Valid
Chisinau,PM2.5 - Principal,2022-09-29 06:00 PM,2022,09,29,18,15.5,58,Moderate,14.0,UG/M3,1 Hr,Valid
Chisinau,PM2.5 - Principal,2022-09-29 07:00 PM,2022,09,29,19,16.4,60,Moderate,18.0,UG/M3,1 Hr,Valid
Chisinau,PM2.5 - Principal,2022-09-29 08:00 PM,2022,09,29,20,21.5,71,Moderate,27.0,UG/M3,1 Hr,Valid
Chisinau,PM2.5 - Principal,2022-09-29 09:00 PM,2022,09,29,21,23.2,74,Moderate,25.0,UG/M3,1 Hr,Valid
Chisinau,PM2.5 - Principal,2022-09-29 10:00 PM,2022,09,29,22,22.1,72,Moderate,21.0,UG/M3,1 Hr,Valid
Chisinau,PM2.5 - Principal,2022-09-29 11:00 PM,2022,09,29,23,19.6,67,Moderate,17.0,UG/M3,1 Hr,Valid
Chisinau,PM2.5 - Principal,2022-09-30 12:00 AM,2022,09,30,00,20.3,68,Moderate,21.0,UG/M3,1 Hr,Valid
Chisinau,PM2.5 - Principal,2022-09-30 01:00 AM,2022,09,30,01,21.6,71,Moderate,23.0,UG/M3,1 Hr,Valid
Chisinau,PM2.5 - Principal,2022-09-30 02:00 AM,2022,09,30,02,21.7,71,Moderate,22.0,UG/M3,1 Hr,Valid
Chisinau,PM2.5 - Principal,2022-09-30 03:00 AM,2022,09,30,03,21.8,71,Moderate,22.0,UG/M3,1 Hr,Valid
Chisinau,PM2.5 - Principal,2022-09-30 04:00 AM,2022,09,30,04,20.5,69,Moderate,19.0,UG/M3,1 Hr,Valid
Chisinau,PM2.5 - Principal,2022-09-30 05:00 AM,2022,09,30,05,20.2,68,Moderate,20.0,UG/M3,1 Hr,Valid
Chisinau,PM2.5 - Principal,2022-09-30 06:00 AM,2022,09,30,06,21.7,71,Moderate,24.0,UG/M3,1 Hr,Valid
Chisinau,PM2.5 - Principal,2022-09-30 07:00 AM,2022,09,30,07,19.4,66,Moderate,16.0,UG/M3,1 Hr,Valid
Chisinau,PM2.5 - Principal,2022-09-30 08:00 AM,2022,09,30,08,18.7,65,Moderate,17.0,UG/M3,1 Hr,Valid
Chisinau,PM2.5 - Principal,2022-09-30 09:00 AM,2022,09,30,09,18.5,64,Moderate,18.0,UG/M3,1 Hr,Valid
Chisinau,PM2.5 - Principal,2022-09-30 10:00 AM,2022,09,30,10,18.6,65,Moderate,19.0,UG/M3,1 Hr,Valid
Chisinau,PM2.5 - Principal,2022-09-30 11:00 AM,2022,09,30,11,18.4,64,Moderate,18.0,UG/M3,1 Hr,Valid
Chisinau,PM2.5 - Principal,2022-09-30 12:00 PM,2022,09,30,12,21.8,71,Moderate,27.0,UG/M3,1 Hr,Valid
Chisinau,PM2.5 - Principal,2022-09-30 01:00 PM,2022,09,30,13,22.3,72,Moderate,23.0,UG/M3,1 Hr,Valid
Chisinau,PM2.5 - Principal,2022-09-30 02:00 PM,2022,09,30,14,22.6,73,Moderate,23.0,UG/M3,1 Hr,Valid
Chisinau,PM2.5 - Principal,2022-09-30 03:00 PM,2022,09,30,15,18.5,64,Moderate,14.0,UG/M3,1 Hr,Valid
Chisinau,PM2.5 - Principal,2022-09-30 04:00 PM,2022,09,30,16,14.7,56,Moderate,11.0,UG/M3,1 Hr,Valid
Chisinau,PM2.5 - Principal,2022-09-30 05:00 PM,2022,09,30,17,13.8,55,Moderate,13.0,UG/M3,1 Hr,Valid
Chisinau,PM2.5 - Principal,2022-09-30 06:00 PM,2022,09,30,18,12.4,52,Moderate,11.0,UG/M3,1 Hr,Valid
Chisinau,PM2.5 - Principal,2022-09-30 07:00 PM,2022,09,30,19,10.7,45,Good,9.0,UG/M3,1 Hr,Valid
Chisinau,PM2.5 - Principal,2022-09-30 08:00 PM,2022,09,30,20,11.3,47,Good,12.0,UG/M3,1 Hr,Valid
Chisinau,PM2.5 - Principal,2022-09-30 09:00 PM,2022,09,30,21,13.6,54,Moderate,16.0,UG/M3,1 Hr,Valid
Chisinau,PM2.5 - Principal,2022-09-30 10:00 PM,2022,09,30,22,18.3,64,Moderate,23.0,UG/M3,1 Hr,Valid
Chisinau,PM2.5 - Principal,2022-09-30 11:00 PM,2022,09,30,23,26.1,80,Moderate,34.0,UG/M3,1 Hr,Valid
Chisinau,PM2.5 - Principal,2022-10-01 12:00 AM,2022,10,01,00,47.0,129,Unhealthy for Sensitive Groups,68.0,UG/M3,1 Hr,Valid
Chisinau,PM2.5 - Principal,2022-10-01 01:00 AM,2022,10,01,01,47.0,129,Unhealthy for Sensitive Groups,47.0,UG/M3,1 Hr,Valid
Chisinau,PM2.5 - Principal,2022-10-01 02:00 AM,2022,10,01,02,34.0,97,Moderate,21.0,UG/M3,1 Hr,Valid
Chisinau,PM2.5 - Principal,2022-10-01 03:00 AM,2022,10,01,03,28.0,84,Moderate,22.0,UG/M3,1 Hr,Valid
Chisinau,PM2.5 - Principal,2022-10-01 04:00 AM,2022,10,01,04,25.0,78,Moderate,22.0,UG/M3,1 Hr,Valid
Chisinau,PM2.5 - Principal,2022-10-01 05:00 AM,2022,10,01,05,23.0,74,Moderate,21.0,UG/M3,1 Hr,Valid
Chisinau,PM2.5 - Principal,2022-10-01 06:00 AM,2022,10,01,06,20.0,68,Moderate,17.0,UG/M3,1 Hr,Valid
Chisinau,PM2.5 - Principal,2022-10-01 07:00 AM,2022,10,01,07,16.5,60,Moderate,13.0,UG/M3,1 Hr,Valid
Chisinau,PM2.5 - Principal,2022-10-01 08:00 AM,2022,10,01,08,15.7,59,Moderate,15.0,UG/M3,1 Hr,Valid
Chisinau,PM2.5 - Principal,2022-10-01 09:00 AM,2022,10,01,09,14.3,56,Moderate,13.0,UG/M3,1 Hr,Valid
Chisinau,PM2.5 - Principal,2022-10-01 10:00 AM,2022,10,01,10,13.1,53,Moderate,12.0,UG/M3,1 Hr,Valid
Chisinau,PM2.5 - Principal,2022-10-01 11:00 AM,2022,10,01,11,24.5,77,Moderate,36.0,UG/M3,1 Hr,Valid
Chisinau,PM2.5 - Principal,2022-10-01 12:00 PM,2022,10,01,12,23.7,75,Moderate,23.0,UG/M3,1 Hr,Valid
Chisinau,PM2.5 - Principal,2022-10-01 01:00 PM,2022,10,01,13,18.3,64,Moderate,13.0,UG/M3,1 Hr,Valid
Chisinau,PM2.5 - Principal,2022-10-01 02:00 PM,2022,10,01,14,13.6,54,Moderate,9.0,UG/M3,1 Hr,Valid
Chisinau,PM2.5 - Principal,2022-10-01 03:00 PM,2022,10,01,15,10.8,45,Good,8.0,UG/M3,1 Hr,Valid
Chisinau,PM2.5 - Principal,2022-10-01 04:00 PM,2022,10,01,16,9.4,39,Good,8.0,UG/M3,1 Hr,Valid
Chisinau,PM2.5 - Principal,2022-10-01 05:00 PM,2022,10,01,17,8.7,36,Good,8.0,UG/M3,1 Hr,Valid
Chisinau,PM2.5 - Principal,2022-10-01 06:00 PM,2022,10,01,18,9.8,41,Good,11.0,UG/M3,1 Hr,Valid
Chisinau,PM2.5 - Principal,2022-10-01 07:00 PM,2022,10,01,19,11.9,50,Good,14.0,UG/M3,1 Hr,Valid
Chisinau,PM2.5 - Principal,2022-10-01 08:00 PM,2022,10,01,20,15.9,59,Moderate,20.0,UG/M3,1 Hr,Valid
Chisinau,PM2.5 - Principal,2022-10-01 09:00 PM,2022,10,01,21,19.4,66,Moderate,23.0,UG/M3,1 Hr,Valid
Chisinau,PM2.5 - Principal,2022-10-01 10:00 PM,2022,10,01,22,18.2,64,Moderate,17.0,UG/M3,1 Hr,Valid
Chisinau,PM2.5 - Principal,2022-10-01 11:00 PM,2022,10,01,23,17.6,63,Moderate,17.0,UG/M3,1 Hr,Valid
Chisinau,PM2.5 - Principal,2022-10-02 12:00 AM,2022,10,02,00,18.8,65,Moderate,20.0,UG/M3,1 Hr,Valid
Chisinau,PM2.5 - Principal,2022-10-02 01:00 AM,2022,10,02,01,15.4,58,Moderate,12.0,UG/M3,1 Hr,Valid
Chisinau,PM2.5 - Principal,2022-10-02 02:00 AM,2022,10,02,02,15.2,58,Moderate,15.0,UG/M3,1 Hr,Valid
Chisinau,PM2.5 - Principal,2022-10-02 03:00 AM,2022,10,02,03,16.1,59,Moderate,17.0,UG/M3,1 Hr,Valid
Chisinau,PM2.5 - Principal,2022-10-02 04:00 AM,2022,10,02,04,15.5,58,Moderate,15.0,UG/M3,1 Hr,Valid
Chisinau,PM2.5 - Principal,2022-10-02 05:00 AM,2022,10,02,05,17.2,62,Moderate,19.0,UG/M3,1 Hr,Valid
Chisinau,PM2.5 - Principal,2022-10-02 06:00 AM,2022,10,02,06,19.5,67,Moderate,22.0,UG/M3,1 Hr,Valid
Chisinau,PM2.5 - Principal,2022-10-02 07:00 AM,2022,10,02,07,17.8,63,Moderate,16.0,UG/M3,1 Hr,Valid
Chisinau,PM2.5 - Principal,2022-10-02 08:00 AM,2022,10,02,08,14.4,56,Moderate,11.0,UG/M3,1 Hr,Valid
Chisinau,PM2.5 - Principal,2022-10-02 09:00 AM,2022,10,02,09,14.7,56,Moderate,15.0,UG/M3,1 Hr,Valid
Chisinau,PM2.5 - Principal,2022-10-02 10:00 AM,2022,10,02,10,14.8,57,Moderate,15.0,UG/M3,1 Hr,Valid
Chisinau,PM2.5 - Principal,2022-10-02 11:00 AM,2022,10,02,11,13.4,54,Moderate,12.0,UG/M3,1 Hr,Valid
Chisinau,PM2.5 - Principal,2022-10-02 12:00 PM,2022,10,02,12,12.7,52,Moderate,12.0,UG/M3,1 Hr,Valid
Chisinau,PM2.5 - Principal,2022-10-02 01:00 PM,2022,10,02,13,12.3,51,Moderate,12.0,UG/M3,1 Hr,Valid
Chisinau,PM2.5 - Principal,2022-10-02 02:00 PM,2022,10,02,14,12.1,51,Moderate,12.0,UG/M3,1 Hr,Valid
Chisinau,PM2.5 - Principal,2022-10-02 03:00 PM,2022,10,02,15,13.5,54,Moderate,15.0,UG/M3,1 Hr,Valid
Chisinau,PM2.5 - Principal,2022-10-02 04:00 PM,2022,10,02,16,12.7,52,Moderate,12.0,UG/M3,1 Hr,Valid
Chisinau,PM2.5 - Principal,2022-10-02 05:00 PM,2022,10,02,17,12.8,52,Moderate,13.0,UG/M3,1 Hr,Valid
Chisinau,PM2.5 - Principal,2022-10-02 06:00 PM,2022,10,02,18,13.8,55,Moderate,16.0,UG/M3,1 Hr,Valid
Chisinau,PM2.5 - Principal,2022-10-02 07:00 PM,2022,10,02,19,12.9,53,Moderate,11.0,UG/M3,1 Hr,Valid
Chisinau,PM2.5 - Principal,2022-10-02 08:00 PM,2022,10,02,20,11.8,49,Good,10.0,UG/M3,1 Hr,Valid
Chisinau,PM2.5 - Principal,2022-10-02 09:00 PM,2022,10,02,21,10.4,43,Good,9.0,UG/M3,1 Hr,Valid
Chisinau,PM2.5 - Principal,2022-10-02 10:00 PM,2022,10,02,22,11.1,46,Good,12.0,UG/M3,1 Hr,Valid
Chisinau,PM2.5 - Principal,2022-10-02 11:00 PM,2022,10,02,23,10.6,44,Good,10.0,UG/M3,1 Hr,Valid
Chisinau,PM2.5 - Principal,2022-10-03 12:00 AM,2022,10,03,00,10.3,43,Good,10.0,UG/M3,1 Hr,Valid
Chisinau,PM2.5 - Principal,2022-10-03 01:00 AM,2022,10,03,01,10.1,42,Good,10.0,UG/M3,1 Hr,Valid
Chisinau,PM2.5 - Principal,2022-10-03 02:00 AM,2022,10,03,02,10.1,42,Good,10.0,UG/M3,1 Hr,Valid
Chisinau,PM2.5 - Principal,2022-10-03 03:00 AM,2022,10,03,03,10.4,43,Good,11.0,UG/M3,1 Hr,Valid
Chisinau,PM2.5 - Principal,2022-10-03 04:00 AM,2022,10,03,04,11.1,46,Good,12.0,UG/M3,1 Hr,Valid
Chisinau,PM2.5 - Principal,2022-10-03 05:00 AM,2022,10,03,05,9.1,38,Good,7.0,UG/M3,1 Hr,Valid
Chisinau,PM2.5 - Principal,2022-10-03 06:00 AM,2022,10,03,06,9.6,40,Good,10.0,UG/M3,1 Hr,Valid
Chisinau,PM2.5 - Principal,2022-10-03 07:00 AM,2022,10,03,07,10.6,44,Good,12.0,UG/M3,1 Hr,Valid
Chisinau,PM2.5 - Principal,2022-10-03 08:00 AM,2022,10,03,08,10.3,43,Good,10.0,UG/M3,1 Hr,Valid
Chisinau,PM2.5 - Principal,2022-10-03 09:00 AM,2022,10,03,09,8.9,37,Good,7.0,UG/M3,1 Hr,Valid
Chisinau,PM2.5 - Principal,2022-10-03 10:00 AM,2022,10,03,10,8.9,37,Good,9.0,UG/M3,1 Hr,Valid
Chisinau,PM2.5 - Principal,2022-10-03 11:00 AM,2022,10,03,11,8.5,35,Good,8.0,UG/M3,1 Hr,Valid
Chisinau,PM2.5 - Principal,2022-10-03 12:00 PM,2022,10,03,12,9.5,40,Good,11.0,UG/M3,1 Hr,Valid
Chisinau,PM2.5 - Principal,2022-10-03 01:00 PM,2022,10,03,13,9.3,39,Good,9.0,UG/M3,1 Hr,Valid
Chisinau,PM2.5 - Principal,2022-10-03 02:00 PM,2022,10,03,14,8.3,35,Good,7.0,UG/M3,1 Hr,Valid
Chisinau,PM2.5 - Principal,2022-10-03 03:00 PM,2022,10,03,15,8.2,34,Good,8.0,UG/M3,1 Hr,Valid
Chisinau,PM2.5 - Principal,2022-10-03 04:00 PM,2022,10,03,16,9.3,39,Good,11.0,UG/M3,1 Hr,Valid
Chisinau,PM2.5 - Principal,2022-10-03 05:00 PM,2022,10,03,17,9.2,38,Good,9.0,UG/M3,1 Hr,Valid
Chisinau,PM2.5 - Principal,2022-10-03 06:00 PM,2022,10,03,18,9.5,40,Good,10.0,UG/M3,1 Hr,Valid
Chisinau,PM2.5 - Principal,2022-10-03 07:00 PM,2022,10,03,19,9.3,39,Good,9.0,UG/M3,1 Hr,Valid
Chisinau,PM2.5 - Principal,2022-10-03 08:00 PM,2022,10,03,20,9.1,38,Good,9.0,UG/M3,1 Hr,Valid
Chisinau,PM2.5 - Principal,2022-10-03 09:00 PM,2022,10,03,21,9.1,38,Good,9.0,UG/M3,1 Hr,Valid
Chisinau,PM2.5 - Principal,2022-10-03 10:00 PM,2022,10,03,22,9.4,39,Good,10.0,UG/M3,1 Hr,Valid
Chisinau,PM2.5 - Principal,2022-10-03 11:00 PM,2022,10,03,23,8.5,35,Good,7.0,UG/M3,1 Hr,Valid
Chisinau,PM2.5 - Principal,2022-10-04 12:00 AM,2022,10,04,00,11.1,46,Good,14.0,UG/M3,1 Hr,Valid
Chisinau,PM2.5 - Principal,2022-10-04 01:00 AM,2022,10,04,01,12.0,50,Good,13.0,UG/M3,1 Hr,Valid
Chisinau,PM2.5 - Principal,2022-10-04 02:00 AM,2022,10,04,02,11.0,46,Good,10.0,UG/M3,1 Hr,Valid
Chisinau,PM2.5 - Principal,2022-10-04 03:00 AM,2022,10,04,03,10.0,42,Good,9.0,UG/M3,1 Hr,Valid
Chisinau,PM2.5 - Principal,2022-10-04 04:00 AM,2022,10,04,04,11.5,48,Good,13.0,UG/M3,1 Hr,Valid
Chisinau,PM2.5 - Principal,2022-10-04 05:00 AM,2022,10,04,05,10.7,45,Good,10.0,UG/M3,1 Hr,Valid
Chisinau,PM2.5 - Principal,2022-10-04 06:00 AM,2022,10,04,06,10.8,45,Good,11.0,UG/M3,1 Hr,Valid
Chisinau,PM2.5 - Principal,2022-10-04 07:00 AM,2022,10,04,07,10.9,45,Good,11.0,UG/M3,1 Hr,Valid
Chisinau,PM2.5 - Principal,2022-10-04 08:00 AM,2022,10,04,08,10.4,43,Good,10.0,UG/M3,1 Hr,Valid
Chisinau,PM2.5 - Principal,2022-10-04 09:00 AM,2022,10,04,09,11.7,49,Good,13.0,UG/M3,1 Hr,Valid
Chisinau,PM2.5 - Principal,2022-10-04 10:00 AM,2022,10,04,10,15.3,58,Moderate,19.0,UG/M3,1 Hr,Valid
Chisinau,PM2.5 - Principal,2022-10-04 11:00 AM,2022,10,04,11,15.1,57,Moderate,15.0,UG/M3,1 Hr,Valid
Chisinau,PM2.5 - Principal,2022-10-04 12:00 PM,2022,10,04,12,13.5,54,Moderate,12.0,UG/M3,1 Hr,Valid
Chisinau,PM2.5 - Principal,2022-10-04 01:00 PM,2022,10,04,13,12.2,51,Moderate,11.0,UG/M3,1 Hr,Valid
Chisinau,PM2.5 - Principal,2022-10-04 02:00 PM,2022,10,04,14,10.1,42,Good,8.0,UG/M3,1 Hr,Valid
Chisinau,PM2.5 - Principal,2022-10-04 03:00 PM,2022,10,04,15,9.5,40,Good,9.0,UG/M3,1 Hr,Valid
Chisinau,PM2.5 - Principal,2022-10-04 04:00 PM,2022,10,04,16,11.7,49,Good,14.0,UG/M3,1 Hr,Valid
Chisinau,PM2.5 - Principal,2022-10-04 05:00 PM,2022,10,04,17,13.3,54,Moderate,15.0,UG/M3,1 Hr,Valid
Chisinau,PM2.5 - Principal,2022-10-04 06:00 PM,2022,10,04,18,13.6,54,Moderate,14.0,UG/M3,1 Hr,Valid
Chisinau,PM2.5 - Principal,2022-10-04 07:00 PM,2022,10,04,19,14.3,56,Moderate,15.0,UG/M3,1 Hr,Valid
Chisinau,PM2.5 - Principal,2022-10-04 08:00 PM,2022,10,04,20,13.6,54,Moderate,13.0,UG/M3,1 Hr,Valid
Chisinau,PM2.5 - Principal,2022-10-04 09:00 PM,2022,10,04,21,13.3,54,Moderate,13.0,UG/M3,1 Hr,Valid
Chisinau,PM2.5 - Principal,2022-10-04 10:00 PM,2022,10,04,22,14.1,55,Moderate,15.0,UG/M3,1 Hr,Valid
Chisinau,PM2.5 - Principal,2022-10-04 11:00 PM,2022,10,04,23,14.5,56,Moderate,15.0,UG/M3,1 Hr,Valid
Chisinau,PM2.5 - Principal,2022-10-05 12:00 AM,2022,10,05,00,14.7,56,Moderate,15.0,UG/M3,1 Hr,Valid
Chisinau,PM2.5 - Principal,2022-10-05 01:00 AM,2022,10,05,01,13.4,54,Moderate,12.0,UG/M3,1 Hr,Valid
Chisinau,PM2.5 - Principal,2022-10-05 02:00 AM,2022,10,05,02,14.1,55,Moderate,15.0,UG/M3,1 Hr,Valid
Chisinau,PM2.5 - Principal,2022-10-05 03:00 AM,2022,10,05,03,14.1,55,Moderate,14.0,UG/M3,1 Hr,Valid
Chisinau,PM2.5 - Principal,2022-10-05 04:00 AM,2022,10,05,04,12.7,52,Moderate,10.0,UG/M3,1 Hr,Valid
Chisinau,PM2.5 - Principal,2022-10-05 05:00 AM,2022,10,05,05,12.8,52,Moderate,13.0,UG/M3,1 Hr,Valid
Chisinau,PM2.5 - Principal,2022-10-05 06:00 AM,2022,10,05,06,12.8,52,Moderate,13.0,UG/M3,1 Hr,Valid
Chisinau,PM2.5 - Principal,2022-10-05 07:00 AM,2022,10,05,07,12.9,53,Moderate,13.0,UG/M3,1 Hr,Valid
Chisinau,PM2.5 - Principal,2022-10-05 08:00 AM,2022,10,05,08,13.6,54,Moderate,15.0,UG/M3,1 Hr,Valid
Chisinau,PM2.5 - Principal,2022-10-05 09:00 AM,2022,10,05,09,14.0,55,Moderate,15.0,UG/M3,1 Hr,Valid
Chisinau,PM2.5 - Principal,2022-10-05 10:00 AM,2022,10,05,10,15.3,58,Moderate,17.0,UG/M3,1 Hr,Valid
Chisinau,PM2.5 - Principal,2022-10-05 11:00 AM,2022,10,05,11,16.0,59,Moderate,17.0,UG/M3,1 Hr,Valid
Chisinau,PM2.5 - Principal,2022-10-05 12:00 PM,2022,10,05,12,13.5,54,Moderate,10.0,UG/M3,1 Hr,Valid
Chisinau,PM2.5 - Principal,2022-10-05 01:00 PM,2022,10,05,13,13.7,54,Moderate,14.0,UG/M3,1 Hr,Valid
Chisinau,PM2.5 - Principal,2022-10-05 02:00 PM,2022,10,05,14,11.4,48,Good,9.0,UG/M3,1 Hr,Valid
Chisinau,PM2.5 - Principal,2022-10-05 03:00 PM,2022,10,05,15,11.7,49,Good,12.0,UG/M3,1 Hr,Valid
Chisinau,PM2.5 - Principal,2022-10-05 04:00 PM,2022,10,05,16,12.7,52,Moderate,14.0,UG/M3,1 Hr,Valid
Chisinau,PM2.5 - Principal,2022-10-05 05:00 PM,2022,10,05,17,12.8,52,Moderate,13.0,UG/M3,1 Hr,Valid
Chisinau,PM2.5 - Principal,2022-10-05 06:00 PM,2022,10,05,18,12.9,53,Moderate,13.0,UG/M3,1 Hr,Valid
Chisinau,PM2.5 - Principal,2022-10-05 07:00 PM,2022,10,05,19,14.8,57,Moderate,17.0,UG/M3,1 Hr,Valid
Chisinau,PM2.5 - Principal,2022-10-05 08:00 PM,2022,10,05,20,14.9,57,Moderate,15.0,UG/M3,1 Hr,Valid
Chisinau,PM2.5 - Principal,2022-10-05 09:00 PM,2022,10,05,21,15.9,59,Moderate,17.0,UG/M3,1 Hr,Valid
Chisinau,PM2.5 - Principal,2022-10-05 10:00 PM,2022,10,05,22,17.9,63,Moderate,20.0,UG/M3,1 Hr,Valid
Chisinau,PM2.5 - Principal,2022-10-05 11:00 PM,2022,10,05,23,19.9,67,Moderate,22.0,UG/M3,1 Hr,Valid
Chisinau,PM2.5 - Principal,2022-10-06 12:00 AM,2022,10,06,00,18.5,64,Moderate,17.0,UG/M3,1 Hr,Valid
Chisinau,PM2.5 - Principal,2022-10-06 01:00 AM,2022,10,06,01,21.2,70,Moderate,24.0,UG/M3,1 Hr,Valid
Chisinau,PM2.5 - Principal,2022-10-06 02:00 AM,2022,10,06,02,24.1,76,Moderate,27.0,UG/M3,1 Hr,Valid
Chisinau,PM2.5 - Principal,2022-10-06 03:00 AM,2022,10,06,03,23.0,74,Moderate,22.0,UG/M3,1 Hr,Valid
Chisinau,PM2.5 - Principal,2022-10-06 04:00 AM,2022,10,06,04,22.0,72,Moderate,21.0,UG/M3,1 Hr,Valid
Chisinau,PM2.5 - Principal,2022-10-06 05:00 AM,2022,10,06,05,22.5,73,Moderate,23.0,UG/M3,1 Hr,Valid
Chisinau,PM2.5 - Principal,2022-10-06 06:00 AM,2022,10,06,06,23.1,74,Moderate,24.0,UG/M3,1 Hr,Valid
Chisinau,PM2.5 - Principal,2022-10-06 07:00 AM,2022,10,06,07,25.4,79,Moderate,28.0,UG/M3,1 Hr,Valid
Chisinau,PM2.5 - Principal,2022-10-06 08:00 AM,2022,10,06,08,25.4,79,Moderate,26.0,UG/M3,1 Hr,Valid
Chisinau,PM2.5 - Principal,2022-10-06 09:00 AM,2022,10,06,09,26.9,82,Moderate,29.0,UG/M3,1 Hr,Valid
Chisinau,PM2.5 - Principal,2022-10-06 10:00 AM,2022,10,06,10,30.7,90,Moderate,34.0,UG/M3,1 Hr,Valid
Chisinau,PM2.5 - Principal,2022-10-06 11:00 AM,2022,10,06,11,32.8,95,Moderate,35.0,UG/M3,1 Hr,Valid
Chisinau,PM2.5 - Principal,2022-10-06 12:00 PM,2022,10,06,12,30.3,89,Moderate,28.0,UG/M3,1 Hr,Valid
Chisinau,PM2.5 - Principal,2022-10-06 01:00 PM,2022,10,06,13,21.7,71,Moderate,13.0,UG/M3,1 Hr,Valid
Chisinau,PM2.5 - Principal,2022-10-06 02:00 PM,2022,10,06,14,17.3,62,Moderate,13.0,UG/M3,1 Hr,Valid
Chisinau,PM2.5 - Principal,2022-10-06 03:00 PM,2022,10,06,15,14.6,56,Moderate,12.0,UG/M3,1 Hr,Valid
Chisinau,PM2.5 - Principal,2022-10-06 04:00 PM,2022,10,06,16,24.3,77,Moderate,34.0,UG/M3,1 Hr,Valid
Chisinau,PM2.5 - Principal,2022-10-06 05:00 PM,2022,10,06,17,17.6,63,Moderate,11.0,UG/M3,1 Hr,Valid
Chisinau,PM2.5 - Principal,2022-10-06 06:00 PM,2022,10,06,18,14.3,56,Moderate,11.0,UG/M3,1 Hr,Valid
Chisinau,PM2.5 - Principal,2022-10-06 07:00 PM,2022,10,06,19,14.6,56,Moderate,15.0,UG/M3,1 Hr,Valid
Chisinau,PM2.5 - Principal,2022-10-06 08:00 PM,2022,10,06,20,14.3,56,Moderate,14.0,UG/M3,1 Hr,Valid
Chisinau,PM2.5 - Principal,2022-10-06 09:00 PM,2022,10,06,21,17.1,62,Moderate,20.0,UG/M3,1 Hr,Valid
Chisinau,PM2.5 - Principal,2022-10-06 10:00 PM,2022,10,06,22,19.5,67,Moderate,22.0,UG/M3,1 Hr,Valid
Chisinau,PM2.5 - Principal,2022-10-06 11:00 PM,2022,10,06,23,20.7,69,Moderate,22.0,UG/M3,1 Hr,Valid
Chisinau,PM2.5 - Principal,2022-10-07 12:00 AM,2022,10,07,00,22.3,72,Moderate,24.0,UG/M3,1 Hr,Valid
Chisinau,PM2.5 - Principal,2022-10-07 01:00 AM,2022,10,07,01,26.1,80,Moderate,30.0,UG/M3,1 Hr,Valid
Chisinau,PM2.5 - Principal,2022-10-07 02:00 AM,2022,10,07,02,25.1,78,Moderate,24.0,UG/M3,1 Hr,Valid
Chisinau,PM2.5 - Principal,2022-10-07 03:00 AM,2022,10,07,03,22.0,72,Moderate,19.0,UG/M3,1 Hr,Valid
Chisinau,PM2.5 - Principal,2022-10-07 04:00 AM,2022,10,07,04,20.5,69,Moderate,19.0,UG/M3,1 Hr,Valid
Chisinau,PM2.5 - Principal,2022-10-07 05:00 AM,2022,10,07,05,17.7,63,Moderate,15.0,UG/M3,1 Hr,Valid
Chisinau,PM2.5 - Principal,2022-10-07 06:00 AM,2022,10,07,06,16.8,61,Moderate,16.0,UG/M3,1 Hr,Valid
Chisinau,PM2.5 - Principal,2022-10-07 07:00 AM,2022,10,07,07,18.4,64,Moderate,20.0,UG/M3,1 Hr,Valid
Chisinau,PM2.5 - Principal,2022-10-07 08:00 AM,2022,10,07,08,18.2,64,Moderate,18.0,UG/M3,1 Hr,Valid
Chisinau,PM2.5 - Principal,2022-10-07 09:00 AM,2022,10,07,09,17.1,62,Moderate,16.0,UG/M3,1 Hr,Valid
Chisinau,PM2.5 - Principal,2022-10-07 10:00 AM,2022,10,07,10,18.5,64,Moderate,20.0,UG/M3,1 Hr,Valid
Chisinau,PM2.5 - Principal,2022-10-07 11:00 AM,2022,10,07,11,19.2,66,Moderate,20.0,UG/M3,1 Hr,Valid
Chisinau,PM2.5 - Principal,2022-10-07 12:00 PM,2022,10,07,12,18.1,64,Moderate,17.0,UG/M3,1 Hr,Valid
Chisinau,PM2.5 - Principal,2022-10-07 01:00 PM,2022,10,07,13,17.3,62,Moderate,16.0,UG/M3,1 Hr,Valid
Chisinau,PM2.5 - Principal,2022-10-07 02:00 PM,2022,10,07,14,15.8,59,Moderate,13.0,UG/M3,1 Hr,Valid
Chisinau,PM2.5 - Principal,2022-10-07 03:00 PM,2022,10,07,15,15.9,59,Moderate,16.0,UG/M3,1 Hr,Valid
Chisinau,PM2.5 - Principal,2022-10-07 04:00 PM,2022,10,07,16,15.5,58,Moderate,15.0,UG/M3,1 Hr,Valid
Chisinau,PM2.5 - Principal,2022-10-07 05:00 PM,2022,10,07,17,17.1,62,Moderate,20.0,UG/M3,1 Hr,Valid
Chisinau,PM2.5 - Principal,2022-10-07 06:00 PM,2022,10,07,18,16.7,61,Moderate,16.0,UG/M3,1 Hr,Valid
Chisinau,PM2.5 - Principal,2022-10-07 07:00 PM,2022,10,07,19,16.1,59,Moderate,15.0,UG/M3,1 Hr,Valid
Chisinau,PM2.5 - Principal,2022-10-07 08:00 PM,2022,10,07,20,16.4,60,Moderate,17.0,UG/M3,1 Hr,Valid
Chisinau,PM2.5 - Principal,2022-10-07 09:00 PM,2022,10,07,21,18.7,65,Moderate,22.0,UG/M3,1 Hr,Valid
Chisinau,PM2.5 - Principal,2022-10-07 10:00 PM,2022,10,07,22,19.2,66,Moderate,20.0,UG/M3,1 Hr,Valid
Chisinau,PM2.5 - Principal,2022-10-07 11:00 PM,2022,10,07,23,20.9,70,Moderate,23.0,UG/M3,1 Hr,Valid
Chisinau,PM2.5 - Principal,2022-10-08 12:00 AM,2022,10,08,00,20.5,69,Moderate,20.0,UG/M3,1 Hr,Valid
Chisinau,PM2.5 - Principal,2022-10-08 01:00 AM,2022,10,08,01,17.6,63,Moderate,14.0,UG/M3,1 Hr,Valid
Chisinau,PM2.5 - Principal,2022-10-08 02:00 AM,2022,10,08,02,17.5,62,Moderate,17.0,UG/M3,1 Hr,Valid
Chisinau,PM2.5 - Principal,2022-10-08 03:00 AM,2022,10,08,03,16.5,60,Moderate,15.0,UG/M3,1 Hr,Valid
Chisinau,PM2.5 - Principal,2022-10-08 04:00 AM,2022,10,08,04,17.5,62,Moderate,19.0,UG/M3,1 Hr,Valid
Chisinau,PM2.5 - Principal,2022-10-08 05:00 AM,2022,10,08,05,18.4,64,Moderate,20.0,UG/M3,1 Hr,Valid
Chisinau,PM2.5 - Principal,2022-10-08 06:00 AM,2022,10,08,06,16.7,61,Moderate,14.0,UG/M3,1 Hr,Valid
Chisinau,PM2.5 - Principal,2022-10-08 07:00 AM,2022,10,08,07,16.8,61,Moderate,17.0,UG/M3,1 Hr,Valid
Chisinau,PM2.5 - Principal,2022-10-08 08:00 AM,2022,10,08,08,16.5,60,Moderate,16.0,UG/M3,1 Hr,Valid
Chisinau,PM2.5 - Principal,2022-10-08 09:00 AM,2022,10,08,09,15.9,59,Moderate,15.0,UG/M3,1 Hr,Valid
Chisinau,PM2.5 - Principal,2022-10-08 10:00 AM,2022,10,08,10,17.5,62,Moderate,20.0,UG/M3,1 Hr,Valid
Chisinau,PM2.5 - Principal,2022-10-08 11:00 AM,2022,10,08,11,15.8,59,Moderate,13.0,UG/M3,1 Hr,Valid
Chisinau,PM2.5 - Principal,2022-10-08 12:00 PM,2022,10,08,12,15.5,58,Moderate,15.0,UG/M3,1 Hr,Valid
Chisinau,PM2.5 - Principal,2022-10-08 01:00 PM,2022,10,08,13,16.0,59,Moderate,17.0,UG/M3,1 Hr,Valid
Chisinau,PM2.5 - Principal,2022-10-08 02:00 PM,2022,10,08,14,13.7,54,Moderate,11.0,UG/M3,1 Hr,Valid
Chisinau,PM2.5 - Principal,2022-10-08 03:00 PM,2022,10,08,15,14.7,56,Moderate,16.0,UG/M3,1 Hr,Valid
Chisinau,PM2.5 - Principal,2022-10-08 04:00 PM,2022,10,08,16,14.4,56,Moderate,14.0,UG/M3,1 Hr,Valid
Chisinau,PM2.5 - Principal,2022-10-08 05:00 PM,2022,10,08,17,13.3,54,Moderate,12.0,UG/M3,1 Hr,Valid
Chisinau,PM2.5 - Principal,2022-10-08 06:00 PM,2022,10,08,18,15.4,58,Moderate,18.0,UG/M3,1 Hr,Valid
Chisinau,PM2.5 - Principal,2022-10-08 07:00 PM,2022,10,08,19,18.1,64,Moderate,21.0,UG/M3,1 Hr,Valid
Chisinau,PM2.5 - Principal,2022-10-08 08:00 PM,2022,10,08,20,17.5,62,Moderate,17.0,UG/M3,1 Hr,Valid
Chisinau,PM2.5 - Principal,2022-10-08 09:00 PM,2022,10,08,21,19.8,67,Moderate,22.0,UG/M3,1 Hr,Valid
Chisinau,PM2.5 - Principal,2022-10-08 10:00 PM,2022,10,08,22,24.4,77,Moderate,29.0,UG/M3,1 Hr,Valid
Chisinau,PM2.5 - Principal,2022-10-08 11:00 PM,2022,10,08,23,26.7,82,Moderate,29.0,UG/M3,1 Hr,Valid
Chisinau,PM2.5 - Principal,2022-10-09 12:00 AM,2022,10,09,00,25.8,80,Moderate,25.0,UG/M3,1 Hr,Valid
Chisinau,PM2.5 - Principal,2022-10-09 01:00 AM,2022,10,09,01,25.9,80,Moderate,26.0,UG/M3,1 Hr,Valid
Chisinau,PM2.5 - Principal,2022-10-09 02:00 AM,2022,10,09,02,29.4,87,Moderate,33.0,UG/M3,1 Hr,Valid
Chisinau,PM2.5 - Principal,2022-10-09 03:00 AM,2022,10,09,03,30.2,89,Moderate,31.0,UG/M3,1 Hr,Valid
Chisinau,PM2.5 - Principal,2022-10-09 04:00 AM,2022,10,09,04,28.1,85,Moderate,26.0,UG/M3,1 Hr,Valid
Chisinau,PM2.5 - Principal,2022-10-09 05:00 AM,2022,10,09,05,25.6,79,Moderate,23.0,UG/M3,1 Hr,Valid
Chisinau,PM2.5 - Principal,2022-10-09 06:00 AM,2022,10,09,06,25.8,80,Moderate,26.0,UG/M3,1 Hr,Valid
Chisinau,PM2.5 - Principal,2022-10-09 07:00 AM,2022,10,09,07,23.9,76,Moderate,22.0,UG/M3,1 Hr,Valid
Chisinau,PM2.5 - Principal,2022-10-09 08:00 AM,2022,10,09,08,22.0,72,Moderate,19.0,UG/M3,1 Hr,Valid
Chisinau,PM2.5 - Principal,2022-10-09 09:00 AM,2022,10,09,09,18.7,65,Moderate,16.0,UG/M3,1 Hr,Valid
Chisinau,PM2.5 - Principal,2022-10-09 10:00 AM,2022,10,09,10,20.3,68,Moderate,22.0,UG/M3,1 Hr,Valid
Chisinau,PM2.5 - Principal,2022-10-09 11:00 AM,2022,10,09,11,18.1,64,Moderate,16.0,UG/M3,1 Hr,Valid
Chisinau,PM2.5 - Principal,2022-10-09 12:00 PM,2022,10,09,12,17.5,62,Moderate,17.0,UG/M3,1 Hr,Valid
Chisinau,PM2.5 - Principal,2022-10-09 01:00 PM,2022,10,09,13,15.2,58,Moderate,13.0,UG/M3,1 Hr,Valid
Chisinau,PM2.5 - Principal,2022-10-09 02:00 PM,2022,10,09,14,14.1,55,Moderate,13.0,UG/M3,1 Hr,Valid
Chisinau,PM2.5 - Principal,2022-10-09 03:00 PM,2022,10,09,15,13.5,54,Moderate,13.0,UG/M3,1 Hr,Valid
Chisinau,PM2.5 - Principal,2022-10-09 04:00 PM,2022,10,09,16,13.2,53,Moderate,13.0,UG/M3,1 Hr,Valid
Chisinau,PM2.5 - Principal,2022-10-09 05:00 PM,2022,10,09,17,13.1,53,Moderate,13.0,UG/M3,1 Hr,Valid
Chisinau,PM2.5 - Principal,2022-10-09 06:00 PM,2022,10,09,18,14.8,57,Moderate,17.0,UG/M3,1 Hr,Valid
Chisinau,PM2.5 - Principal,2022-10-09 07:00 PM,2022,10,09,19,14.8,57,Moderate,15.0,UG/M3,1 Hr,Valid
Chisinau,PM2.5 - Principal,2022-10-09 08:00 PM,2022,10,09,20,19.8,67,Moderate,25.0,UG/M3,1 Hr,Valid
Chisinau,PM2.5 - Principal,2022-10-09 09:00 PM,2022,10,09,21,21.8,71,Moderate,24.0,UG/M3,1 Hr,Valid
Chisinau,PM2.5 - Principal,2022-10-09 10:00 PM,2022,10,09,22,21.9,72,Moderate,22.0,UG/M3,1 Hr,Valid
Chisinau,PM2.5 - Principal,2022-10-09 11:00 PM,2022,10,09,23,20.9,70,Moderate,20.0,UG/M3,1 Hr,Valid
Chisinau,PM2.5 - Principal,2022-10-10 12:00 AM,2022,10,10,00,20.9,70,Moderate,21.0,UG/M3,1 Hr,Valid
Chisinau,PM2.5 - Principal,2022-10-10 01:00 AM,2022,10,10,01,18.5,64,Moderate,16.0,UG/M3,1 Hr,Valid
Chisinau,PM2.5 - Principal,2022-10-10 02:00 AM,2022,10,10,02,17.3,62,Moderate,16.0,UG/M3,1 Hr,Valid
Chisinau,PM2.5 - Principal,2022-10-10 03:00 AM,2022,10,10,03,16.7,61,Moderate,16.0,UG/M3,1 Hr,Valid
Chisinau,PM2.5 - Principal,2022-10-10 04:00 AM,2022,10,10,04,16.3,60,Moderate,16.0,UG/M3,1 Hr,Valid
Chisinau,PM2.5 - Principal,2022-10-10 05:00 AM,2022,10,10,05,14.7,56,Moderate,13.0,UG/M3,1 Hr,Valid
Chisinau,PM2.5 - Principal,2022-10-10 06:00 AM,2022,10,10,06,14.3,56,Moderate,14.0,UG/M3,1 Hr,Valid
Chisinau,PM2.5 - Principal,2022-10-10 07:00 AM,2022,10,10,07,14.6,56,Moderate,15.0,UG/M3,1 Hr,Valid
Chisinau,PM2.5 - Principal,2022-10-10 08:00 AM,2022,10,10,08,12.8,52,Moderate,11.0,UG/M3,1 Hr,Valid
Chisinau,PM2.5 - Principal,2022-10-10 09:00 AM,2022,10,10,09,12.9,53,Moderate,13.0,UG/M3,1 Hr,Valid
Chisinau,PM2.5 - Principal,2022-10-10 10:00 AM,2022,10,10,10,14.8,57,Moderate,17.0,UG/M3,1 Hr,Valid
Chisinau,PM2.5 - Principal,2022-10-10 11:00 AM,2022,10,10,11,14.9,57,Moderate,15.0,UG/M3,1 Hr,Valid
Chisinau,PM2.5 - Principal,2022-10-10 12:00 PM,2022,10,10,12,13.7,54,Moderate,12.0,UG/M3,1 Hr,Valid
Chisinau,PM2.5 - Principal,2022-10-10 01:00 PM,2022,10,10,13,13.1,53,Moderate,12.0,UG/M3,1 Hr,Valid
Chisinau,PM2.5 - Principal,2022-10-10 02:00 PM,2022,10,10,14,12.7,52,Moderate,12.0,UG/M3,1 Hr,Valid
Chisinau,PM2.5 - Principal,2022-10-10 03:00 PM,2022,10,10,15,11.5,48,Good,10.0,UG/M3,1 Hr,Valid
Chisinau,PM2.5 - Principal,2022-10-10 04:00 PM,2022,10,10,16,13.7,54,Moderate,17.0,UG/M3,1 Hr,Valid
Chisinau,PM2.5 - Principal,2022-10-10 05:00 PM,2022,10,10,17,13.0,53,Moderate,12.0,UG/M3,1 Hr,Valid
Chisinau,PM2.5 - Principal,2022-10-10 06:00 PM,2022,10,10,18,11.1,46,Good,9.0,UG/M3,1 Hr,Valid
Chisinau,PM2.5 - Principal,2022-10-10 07:00 PM,2022,10,10,19,11.0,46,Good,11.0,UG/M3,1 Hr,Valid
Chisinau,PM2.5 - Principal,2022-10-10 08:00 PM,2022,10,10,20,11.5,48,Good,12.0,UG/M3,1 Hr,Valid
Chisinau,PM2.5 - Principal,2022-10-10 09:00 PM,2022,10,10,21,15.2,58,Moderate,19.0,UG/M3,1 Hr,Valid
Chisinau,PM2.5 - Principal,2022-10-10 10:00 PM,2022,10,10,22,21.6,71,Moderate,28.0,UG/M3,1 Hr,Valid
Chisinau,PM2.5 - Principal,2022-10-10 11:00 PM,2022,10,10,23,23.3,75,Moderate,25.0,UG/M3,1 Hr,Valid
Chisinau,PM2.5 - Principal,2022-10-11 12:00 AM,2022,10,11,00,25.1,78,Moderate,27.0,UG/M3,1 Hr,Valid
Chisinau,PM2.5 - Principal,2022-10-11 01:00 AM,2022,10,11,01,26.5,81,Moderate,28.0,UG/M3,1 Hr,Valid
Chisinau,PM2.5 - Principal,2022-10-11 02:00 AM,2022,10,11,02,23.7,75,Moderate,21.0,UG/M3,1 Hr,Valid
Chisinau,PM2.5 - Principal,2022-10-11 03:00 AM,2022,10,11,03,23.3,75,Moderate,23.0,UG/M3,1 Hr,Valid
Chisinau,PM2.5 - Principal,2022-10-11 04:00 AM,2022,10,11,04,22.6,73,Moderate,22.0,UG/M3,1 Hr,Valid
Chisinau,PM2.5 - Principal,2022-10-11 05:00 AM,2022,10,11,05,21.8,71,Moderate,21.0,UG/M3,1 Hr,Valid
Chisinau,PM2.5 - Principal,2022-10-11 06:00 AM,2022,10,11,06,20.9,70,Moderate,20.0,UG/M3,1 Hr,Valid
Chisinau,PM2.5 - Principal,2022-10-11 07:00 AM,2022,10,11,07,18.9,65,Moderate,17.0,UG/M3,1 Hr,Valid
Chisinau,PM2.5 - Principal,2022-10-11 08:00 AM,2022,10,11,08,18.9,65,Moderate,18.0,UG/M3,1 Hr,Valid
Chisinau,PM2.5 - Principal,2022-10-11 09:00 AM,2022,10,11,09,19.3,66,Moderate,20.0,UG/M3,1 Hr,Valid
Chisinau,PM2.5 - Principal,2022-10-11 10:00 AM,2022,10,11,10,17.8,63,Moderate,16.0,UG/M3,1 Hr,Valid
Chisinau,PM2.5 - Principal,2022-10-11 11:00 AM,2022,10,11,11,19.6,67,Moderate,22.0,UG/M3,1 Hr,Valid
Chisinau,PM2.5 - Principal,2022-10-11 12:00 PM,2022,10,11,12,22.3,72,Moderate,26.0,UG/M3,1 Hr,Valid
Chisinau,PM2.5 - Principal,2022-10-11 01:00 PM,2022,10,11,13,22.7,73,Moderate,24.0,UG/M3,1 Hr,Valid
Chisinau,PM2.5 - Principal,2022-10-11 02:00 PM,2022,10,11,14,16.2,60,Moderate,9.0,UG/M3,1 Hr,Valid
Chisinau,PM2.5 - Principal,2022-10-11 03:00 PM,2022,10,11,15,12.6,52,Moderate,9.0,UG/M3,1 Hr,Valid
Chisinau,PM2.5 - Principal,2022-10-11 04:00 PM,2022,10,11,16,11.3,47,Good,10.0,UG/M3,1 Hr,Valid
Chisinau,PM2.5 - Principal,2022-10-11 05:00 PM,2022,10,11,17,9.6,40,Good,8.0,UG/M3,1 Hr,Valid
Chisinau,PM2.5 - Principal,2022-10-11 06:00 PM,2022,10,11,18,11.8,49,Good,14.0,UG/M3,1 Hr,Valid
Chisinau,PM2.5 - Principal,2022-10-11 07:00 PM,2022,10,11,19,13.4,54,Moderate,15.0,UG/M3,1 Hr,Valid
Chisinau,PM2.5 - Principal,2022-10-11 08:00 PM,2022,10,11,20,17.7,63,Moderate,22.0,UG/M3,1 Hr,Valid
Chisinau,PM2.5 - Principal,2022-10-11 09:00 PM,2022,10,11,21,21.8,71,Moderate,26.0,UG/M3,1 Hr,Valid
Chisinau,PM2.5 - Principal,2022-10-11 10:00 PM,2022,10,11,22,30.4,89,Moderate,39.0,UG/M3,1 Hr,Valid
Chisinau,PM2.5 - Principal,2022-10-11 11:00 PM,2022,10,11,23,37.2,105,Unhealthy for Sensitive Groups,44.0,UG/M3,1 Hr,Valid
Chisinau,PM2.5 - Principal,2022-10-12 12:00 AM,2022,10,12,00,36.1,102,Unhealthy for Sensitive Groups,35.0,UG/M3,1 Hr,Valid
Chisinau,PM2.5 - Principal,2022-10-12 01:00 AM,2022,10,12,01,36.0,102,Unhealthy for Sensitive Groups,36.0,UG/M3,1 Hr,Valid
Chisinau,PM2.5 - Principal,2022-10-12 02:00 AM,2022,10,12,02,36.0,102,Unhealthy for Sensitive Groups,36.0,UG/M3,1 Hr,Valid
Chisinau,PM2.5 - Principal,2022-10-12 03:00 AM,2022,10,12,03,39.5,111,Unhealthy for Sensitive Groups,43.0,UG/M3,1 Hr,Valid
Chisinau,PM2.5 - Principal,2022-10-12 04:00 AM,2022,10,12,04,41.2,115,Unhealthy for Sensitive Groups,43.0,UG/M3,1 Hr,Valid
Chisinau,PM2.5 - Principal,2022-10-12 05:00 AM,2022,10,12,05,40.6,114,Unhealthy for Sensitive Groups,40.0,UG/M3,1 Hr,Valid
Chisinau,PM2.5 - Principal,2022-10-12 06:00 AM,2022,10,12,06,38.3,108,Unhealthy for Sensitive Groups,36.0,UG/M3,1 Hr,Valid
Chisinau,PM2.5 - Principal,2022-10-12 07:00 AM,2022,10,12,07,37.6,106,Unhealthy for Sensitive Groups,37.0,UG/M3,1 Hr,Valid
Chisinau,PM2.5 - Principal,2022-10-12 08:00 AM,2022,10,12,08,38.7,109,Unhealthy for Sensitive Groups,40.0,UG/M3,1 Hr,Valid
Chisinau,PM2.5 - Principal,2022-10-12 09:00 AM,2022,10,12,09,37.7,106,Unhealthy for Sensitive Groups,34.0,UG/M3,1 Hr,Valid
Chisinau,PM2.5 - Principal,2022-10-12 10:00 AM,2022,10,12,10,36.8,104,Unhealthy for Sensitive Groups,34.0,UG/M3,1 Hr,Valid
Chisinau,PM2.5 - Principal,2022-10-12 11:00 AM,2022,10,12,11,34.8,99,Moderate,31.0,UG/M3,1 Hr,Valid
Chisinau,PM2.5 - Principal,2022-10-12 12:00 PM,2022,10,12,12,26.0,80,Moderate,19.0,UG/M3,1 Hr,Valid
Chisinau,PM2.5 - Principal,2022-10-12 01:00 PM,2022,10,12,13,21.5,71,Moderate,17.0,UG/M3,1 Hr,Valid
Chisinau,PM2.5 - Principal,2022-10-12 02:00 PM,2022,10,12,14,19.7,67,Moderate,18.0,UG/M3,1 Hr,Valid
Chisinau,PM2.5 - Principal,2022-10-12 03:00 PM,2022,10,12,15,18.3,64,Moderate,17.0,UG/M3,1 Hr,Valid
Chisinau,PM2.5 - Principal,2022-10-12 04:00 PM,2022,10,12,16,19.1,66,Moderate,20.0,UG/M3,1 Hr,Valid
Chisinau,PM2.5 - Principal,2022-10-12 05:00 PM,2022,10,12,17,19.0,66,Moderate,19.0,UG/M3,1 Hr,Valid
Chisinau,PM2.5 - Principal,2022-10-12 06:00 PM,2022,10,12,18,19.5,67,Moderate,20.0,UG/M3,1 Hr,Valid
Chisinau,PM2.5 - Principal,2022-10-12 07:00 PM,2022,10,12,19,18.7,65,Moderate,18.0,UG/M3,1 Hr,Valid
Chisinau,PM2.5 - Principal,2022-10-12 08:00 PM,2022,10,12,20,21.3,70,Moderate,24.0,UG/M3,1 Hr,Valid
Chisinau,PM2.5 - Principal,2022-10-12 09:00 PM,2022,10,12,21,19.6,67,Moderate,18.0,UG/M3,1 Hr,Valid
Chisinau,PM2.5 - Principal,2022-10-12 10:00 PM,2022,10,12,22,24.3,77,Moderate,30.0,UG/M3,1 Hr,Valid
Chisinau,PM2.5 - Principal,2022-10-12 11:00 PM,2022,10,12,23,24.1,76,Moderate,24.0,UG/M3,1 Hr,Valid
Chisinau,PM2.5 - Principal,2022-10-13 12:00 AM,2022,10,13,00,26.6,81,Moderate,30.0,UG/M3,1 Hr,Valid
Chisinau,PM2.5 - Principal,2022-10-13 01:00 AM,2022,10,13,01,28.1,85,Moderate,30.0,UG/M3,1 Hr,Valid
Chisinau,PM2.5 - Principal,2022-10-13 02:00 AM,2022,10,13,02,28.5,85,Moderate,29.0,UG/M3,1 Hr,Valid
Chisinau,PM2.5 - Principal,2022-10-13 03:00 AM,2022,10,13,03,26.9,82,Moderate,25.0,UG/M3,1 Hr,Valid
Chisinau,PM2.5 - Principal,2022-10-13 04:00 AM,2022,10,13,04,25.7,80,Moderate,24.0,UG/M3,1 Hr,Valid
Chisinau,PM2.5 - Principal,2022-10-13 05:00 AM,2022,10,13,05,24.2,76,Moderate,22.0,UG/M3,1 Hr,Valid
Chisinau,PM2.5 - Principal,2022-10-13 06:00 AM,2022,10,13,06,25.3,79,Moderate,27.0,UG/M3,1 Hr,Valid
Chisinau,PM2.5 - Principal,2022-10-13 07:00 AM,2022,10,13,07,24.0,76,Moderate,22.0,UG/M3,1 Hr,Valid
Chisinau,PM2.5 - Principal,2022-10-13 08:00 AM,2022,10,13,08,23.6,75,Moderate,23.0,UG/M3,1 Hr,Valid
Chisinau,PM2.5 - Principal,2022-10-13 09:00 AM,2022,10,13,09,23.1,74,Moderate,21.0,UG/M3,1 Hr,Valid
Chisinau,PM2.5 - Principal,2022-10-13 10:00 AM,2022,10,13,10,22.7,73,Moderate,22.0,UG/M3,1 Hr,Valid
Chisinau,PM2.5 - Principal,2022-10-13 11:00 AM,2022,10,13,11,24.3,77,Moderate,28.0,UG/M3,1 Hr,Valid
Chisinau,PM2.5 - Principal,2022-10-13 12:00 PM,2022,10,13,12,25.4,79,Moderate,28.0,UG/M3,1 Hr,Valid
Chisinau,PM2.5 - Principal,2022-10-13 01:00 PM,2022,10,13,13,24.3,77,Moderate,22.0,UG/M3,1 Hr,Valid
Chisinau,PM2.5 - Principal,2022-10-13 02:00 PM,2022,10,13,14,25.6,79,Moderate,29.0,UG/M3,1 Hr,Valid
Chisinau,PM2.5 - Principal,2022-10-13 03:00 PM,2022,10,13,15,28.0,84,Moderate,32.0,UG/M3,1 Hr,Valid
Chisinau,PM2.5 - Principal,2022-10-13 04:00 PM,2022,10,13,16,28.0,84,Moderate,28.0,UG/M3,1 Hr,Valid
Chisinau,PM2.5 - Principal,2022-10-13 05:00 PM,2022,10,13,17,27.6,84,Moderate,27.0,UG/M3,1 Hr,Valid
Chisinau,PM2.5 - Principal,2022-10-13 06:00 PM,2022,10,13,18,27.1,83,Moderate,26.0,UG/M3,1 Hr,Valid
Chisinau,PM2.5 - Principal,2022-10-13 07:00 PM,2022,10,13,19,26.0,80,Moderate,24.0,UG/M3,1 Hr,Valid
Chisinau,PM2.5 - Principal,2022-10-13 08:00 PM,2022,10,13,20,27.4,83,Moderate,30.0,UG/M3,1 Hr,Valid
Chisinau,PM2.5 - Principal,2022-10-13 09:00 PM,2022,10,13,21,27.2,83,Moderate,27.0,UG/M3,1 Hr,Valid
Chisinau,PM2.5 - Principal,2022-10-13 10:00 PM,2022,10,13,22,28.7,86,Moderate,32.0,UG/M3,1 Hr,Valid
Chisinau,PM2.5 - Principal,2022-10-13 11:00 PM,2022,10,13,23,29.1,87,Moderate,30.0,UG/M3,1 Hr,Valid
Chisinau,PM2.5 - Principal,2022-10-14 12:00 AM,2022,10,14,00,36.2,103,Unhealthy for Sensitive Groups,43.0,UG/M3,1 Hr,Valid
Chisinau,PM2.5 - Principal,2022-10-14 01:00 AM,2022,10,14,01,37.5,106,Unhealthy for Sensitive Groups,40.0,UG/M3,1 Hr,Valid
Chisinau,PM2.5 - Principal,2022-10-14 02:00 AM,2022,10,14,02,37.2,105,Unhealthy for Sensitive Groups,37.0,UG/M3,1 Hr,Valid
Chisinau,PM2.5 - Principal,2022-10-14 03:00 AM,2022,10,14,03,36.2,103,Unhealthy for Sensitive Groups,35.0,UG/M3,1 Hr,Valid
Chisinau,PM2.5 - Principal,2022-10-14 04:00 AM,2022,10,14,04,31.2,91,Moderate,25.0,UG/M3,1 Hr,Valid
Chisinau,PM2.5 - Principal,2022-10-14 05:00 AM,2022,10,14,05,28.5,85,Moderate,25.0,UG/M3,1 Hr,Valid
Chisinau,PM2.5 - Principal,2022-10-14 06:00 AM,2022,10,14,06,29.1,87,Moderate,30.0,UG/M3,1 Hr,Valid
Chisinau,PM2.5 - Principal,2022-10-14 07:00 AM,2022,10,14,07,29.5,88,Moderate,30.0,UG/M3,1 Hr,Valid
Chisinau,PM2.5 - Principal,2022-10-14 08:00 AM,2022,10,14,08,28.0,84,Moderate,26.0,UG/M3,1 Hr,Valid
Chisinau,PM2.5 - Principal,2022-10-14 09:00 AM,2022,10,14,09,28.0,84,Moderate,28.0,UG/M3,1 Hr,Valid
Chisinau,PM2.5 - Principal,2022-10-14 10:00 AM,2022,10,14,10,28.0,84,Moderate,28.0,UG/M3,1 Hr,Valid
Chisinau,PM2.5 - Principal,2022-10-14 11:00 AM,2022,10,14,11,24.4,77,Moderate,21.0,UG/M3,1 Hr,Valid
Chisinau,PM2.5 - Principal,2022-10-14 12:00 PM,2022,10,14,12,20.7,69,Moderate,17.0,UG/M3,1 Hr,Valid
Chisinau,PM2.5 - Principal,2022-10-14 01:00 PM,2022,10,14,13,19.3,66,Moderate,18.0,UG/M3,1 Hr,Valid
Chisinau,PM2.5 - Principal,2022-10-14 02:00 PM,2022,10,14,14,16.6,60,Moderate,14.0,UG/M3,1 Hr,Valid
Chisinau,PM2.5 - Principal,2022-10-14 03:00 PM,2022,10,14,15,13.8,55,Moderate,11.0,UG/M3,1 Hr,Valid
Chisinau,PM2.5 - Principal,2022-10-14 04:00 PM,2022,10,14,16,13.4,54,Moderate,13.0,UG/M3,1 Hr,Valid
Chisinau,PM2.5 - Principal,2022-10-14 05:00 PM,2022,10,14,17,12.7,52,Moderate,12.0,UG/M3,1 Hr,Valid
Chisinau,PM2.5 - Principal,2022-10-14 06:00 PM,2022,10,14,18,12.8,52,Moderate,13.0,UG/M3,1 Hr,Valid
Chisinau,PM2.5 - Principal,2022-10-14 07:00 PM,2022,10,14,19,14.4,56,Moderate,16.0,UG/M3,1 Hr,Valid
Chisinau,PM2.5 - Principal,2022-10-14 08:00 PM,2022,10,14,20,15.7,59,Moderate,17.0,UG/M3,1 Hr,Valid
Chisinau,PM2.5 - Principal,2022-10-14 09:00 PM,2022,10,14,21,17.3,62,Moderate,19.0,UG/M3,1 Hr,Valid
Chisinau,PM2.5 - Principal,2022-10-14 10:00 PM,2022,10,14,22,24.1,76,Moderate,31.0,UG/M3,1 Hr,Valid
Chisinau,PM2.5 - Principal,2022-10-14 11:00 PM,2022,10,14,23,27.5,83,Moderate,31.0,UG/M3,1 Hr,Valid
Chisinau,PM2.5 - Principal,2022-10-15 12:00 AM,2022,10,15,00,25.2,79,Moderate,23.0,UG/M3,1 Hr,Valid
Chisinau,PM2.5 - Principal,2022-10-15 01:00 AM,2022,10,15,01,26.1,80,Moderate,27.0,UG/M3,1 Hr,Valid
Chisinau,PM2.5 - Principal,2022-10-15 02:00 AM,2022,10,15,02,25.0,78,Moderate,24.0,UG/M3,1 Hr,Valid
Chisinau,PM2.5 - Principal,2022-10-15 03:00 AM,2022,10,15,03,25.0,78,Moderate,25.0,UG/M3,1 Hr,Valid
Chisinau,PM2.5 - Principal,2022-10-15 04:00 AM,2022,10,15,04,20.0,68,Moderate,15.0,UG/M3,1 Hr,Valid
Chisinau,PM2.5 - Principal,2022-10-15 05:00 AM,2022,10,15,05,21.0,70,Moderate,22.0,UG/M3,1 Hr,Valid
Chisinau,PM2.5 - Principal,2022-10-15 06:00 AM,2022,10,15,06,19.5,67,Moderate,18.0,UG/M3,1 Hr,Valid
Chisinau,PM2.5 - Principal,2022-10-15 07:00 AM,2022,10,15,07,24.7,77,Moderate,30.0,UG/M3,1 Hr,Valid
Chisinau,PM2.5 - Principal,2022-10-15 08:00 AM,2022,10,15,08,26.8,82,Moderate,29.0,UG/M3,1 Hr,Valid
Chisinau,PM2.5 - Principal,2022-10-15 09:00 AM,2022,10,15,09,23.9,76,Moderate,21.0,UG/M3,1 Hr,Valid
Chisinau,PM2.5 - Principal,2022-10-15 10:00 AM,2022,10,15,10,22.9,74,Moderate,22.0,UG/M3,1 Hr,Valid
Chisinau,PM2.5 - Principal,2022-10-15 11:00 AM,2022,10,15,11,22.9,74,Moderate,23.0,UG/M3,1 Hr,Valid
Chisinau,PM2.5 - Principal,2022-10-15 12:00 PM,2022,10,15,12,22.4,73,Moderate,22.0,UG/M3,1 Hr,Valid
Chisinau,PM2.5 - Principal,2022-10-15 01:00 PM,2022,10,15,13,19.2,66,Moderate,16.0,UG/M3,1 Hr,Valid
Chisinau,PM2.5 - Principal,2022-10-15 02:00 PM,2022,10,15,14,15.6,58,Moderate,12.0,UG/M3,1 Hr,Valid
Chisinau,PM2.5 - Principal,2022-10-15 03:00 PM,2022,10,15,15,14.8,57,Moderate,14.0,UG/M3,1 Hr,Valid
Chisinau,PM2.5 - Principal,2022-10-15 04:00 PM,2022,10,15,16,14.9,57,Moderate,15.0,UG/M3,1 Hr,Valid
Chisinau,PM2.5 - Principal,2022-10-15 05:00 PM,2022,10,15,17,14.4,56,Moderate,14.0,UG/M3,1 Hr,Valid
Chisinau,PM2.5 - Principal,2022-10-15 06:00 PM,2022,10,15,18,15.7,59,Moderate,17.0,UG/M3,1 Hr,Valid
Chisinau,PM2.5 - Principal,2022-10-15 07:00 PM,2022,10,15,19,16.8,61,Moderate,18.0,UG/M3,1 Hr,Valid
Chisinau,PM2.5 - Principal,2022-10-15 08:00 PM,2022,10,15,20,20.4,68,Moderate,24.0,UG/M3,1 Hr,Valid
Chisinau,PM2.5 - Principal,2022-10-15 09:00 PM,2022,10,15,21,25.2,79,Moderate,30.0,UG/M3,1 Hr,Valid
Chisinau,PM2.5 - Principal,2022-10-15 10:00 PM,2022,10,15,22,37.6,106,Unhealthy for Sensitive Groups,50.0,UG/M3,1 Hr,Valid
Chisinau,PM2.5 - Principal,2022-10-15 11:00 PM,2022,10,15,23,42.8,119,Unhealthy for Sensitive Groups,48.0,UG/M3,1 Hr,Valid
Chisinau,PM2.5 - Principal,2022-10-16 12:00 AM,2022,10,16,00,45.9,127,Unhealthy for Sensitive Groups,49.0,UG/M3,1 Hr,Valid
Chisinau,PM2.5 - Principal,2022-10-16 01:00 AM,2022,10,16,01,49.9,136,Unhealthy for Sensitive Groups,54.0,UG/M3,1 Hr,Valid
Chisinau,PM2.5 - Principal,2022-10-16 02:00 AM,2022,10,16,02,49.4,135,Unhealthy for Sensitive Groups,49.0,UG/M3,1 Hr,Valid
Chisinau,PM2.5 - Principal,2022-10-16 03:00 AM,2022,10,16,03,46.7,129,Unhealthy for Sensitive Groups,44.0,UG/M3,1 Hr,Valid
Chisinau,PM2.5 - Principal,2022-10-16 04:00 AM,2022,10,16,04,39.8,112,Unhealthy for Sensitive Groups,33.0,UG/M3,1 Hr,Valid
Chisinau,PM2.5 - Principal,2022-10-16 05:00 AM,2022,10,16,05,37.9,107,Unhealthy for Sensitive Groups,36.0,UG/M3,1 Hr,Valid
Chisinau,PM2.5 - Principal,2022-10-16 06:00 AM,2022,10,16,06,37.9,107,Unhealthy for Sensitive Groups,38.0,UG/M3,1 Hr,Valid
Chisinau,PM2.5 - Principal,2022-10-16 07:00 AM,2022,10,16,07,35.9,102,Unhealthy for Sensitive Groups,34.0,UG/M3,1 Hr,Valid
Chisinau,PM2.5 - Principal,2022-10-16 08:00 AM,2022,10,16,08,33.5,96,Moderate,30.0,UG/M3,1 Hr,Valid
Chisinau,PM2.5 - Principal,2022-10-16 09:00 AM,2022,10,16,09,31.9,93,Moderate,30.0,UG/M3,1 Hr,Valid
Chisinau,PM2.5 - Principal,2022-10-16 10:00 AM,2022,10,16,10,30.5,90,Moderate,29.0,UG/M3,1 Hr,Valid
Chisinau,PM2.5 - Principal,2022-10-16 11:00 AM,2022,10,16,11,30.2,89,Moderate,30.0,UG/M3,1 Hr,Valid
Chisinau,PM2.5 - Principal,2022-10-16 12:00 PM,2022,10,16,12,27.5,83,Moderate,25.0,UG/M3,1 Hr,Valid
Chisinau,PM2.5 - Principal,2022-10-16 01:00 PM,2022,10,16,13,23.7,75,Moderate,20.0,UG/M3,1 Hr,Valid
Chisinau,PM2.5 - Principal,2022-10-16 02:00 PM,2022,10,16,14,20.3,68,Moderate,17.0,UG/M3,1 Hr,Valid
Chisinau,PM2.5 - Principal,2022-10-16 03:00 PM,2022,10,16,15,18.1,64,Moderate,16.0,UG/M3,1 Hr,Valid
Chisinau,PM2.5 - Principal,2022-10-16 04:00 PM,2022,10,16,16,16.0,59,Moderate,14.0,UG/M3,1 Hr,Valid
Chisinau,PM2.5 - Principal,2022-10-16 05:00 PM,2022,10,16,17,17.0,61,Moderate,18.0,UG/M3,1 Hr,Valid
Chisinau,PM2.5 - Principal,2022-10-16 06:00 PM,2022,10,16,18,15.0,57,Moderate,13.0,UG/M3,1 Hr,Valid
Chisinau,PM2.5 - Principal,2022-10-16 07:00 PM,2022,10,16,19,16.0,59,Moderate,17.0,UG/M3,1 Hr,Valid
Chisinau,PM2.5 - Principal,2022-10-16 08:00 PM,2022,10,16,20,21.0,70,Moderate,26.0,UG/M3,1 Hr,Valid
Chisinau,PM2.5 - Principal,2022-10-16 09:00 PM,2022,10,16,21,28.0,84,Moderate,35.0,UG/M3,1 Hr,Valid
Chisinau,PM2.5 - Principal,2022-10-16 10:00 PM,2022,10,16,22,37.5,106,Unhealthy for Sensitive Groups,47.0,UG/M3,1 Hr,Valid
Chisinau,PM2.5 - Principal,2022-10-16 11:00 PM,2022,10,16,23,41.2,115,Unhealthy for Sensitive Groups,45.0,UG/M3,1 Hr,Valid
Chisinau,PM2.5 - Principal,2022-10-17 12:00 AM,2022,10,17,00,43.1,120,Unhealthy for Sensitive Groups,45.0,UG/M3,1 Hr,Valid
Chisinau,PM2.5 - Principal,2022-10-17 01:00 AM,2022,10,17,01,45.5,126,Unhealthy for Sensitive Groups,48.0,UG/M3,1 Hr,Valid
Chisinau,PM2.5 - Principal,2022-10-17 02:00 AM,2022,10,17,02,47.7,131,Unhealthy for Sensitive Groups,50.0,UG/M3,1 Hr,Valid
Chisinau,PM2.5 - Principal,2022-10-17 03:00 AM,2022,10,17,03,43.3,120,Unhealthy for Sensitive Groups,39.0,UG/M3,1 Hr,Valid
Chisinau,PM2.5 - Principal,2022-10-17 04:00 AM,2022,10,17,04,39.7,111,Unhealthy for Sensitive Groups,36.0,UG/M3,1 Hr,Valid
Chisinau,PM2.5 - Principal,2022-10-17 05:00 AM,2022,10,17,05,38.3,108,Unhealthy for Sensitive Groups,37.0,UG/M3,1 Hr,Valid
Chisinau,PM2.5 - Principal,2022-10-17 06:00 AM,2022,10,17,06,36.1,102,Unhealthy for Sensitive Groups,34.0,UG/M3,1 Hr,Valid
Chisinau,PM2.5 - Principal,2022-10-17 07:00 AM,2022,10,17,07,33.3,96,Moderate,30.0,UG/M3,1 Hr,Valid
Chisinau,PM2.5 - Principal,2022-10-17 08:00 AM,2022,10,17,08,32.5,94,Moderate,30.0,UG/M3,1 Hr,Valid
Chisinau,PM2.5 - Principal,2022-10-17 09:00 AM,2022,10,17,09,29.6,88,Moderate,27.0,UG/M3,1 Hr,Valid
Chisinau,PM2.5 - Principal,2022-10-17 10:00 AM,2022,10,17,10,30.2,89,Moderate,31.0,UG/M3,1 Hr,Valid
Chisinau,PM2.5 - Principal,2022-10-17 11:00 AM,2022,10,17,11,30.5,90,Moderate,31.0,UG/M3,1 Hr,Valid
Chisinau,PM2.5 - Principal,2022-10-17 12:00 PM,2022,10,17,12,34.4,98,Moderate,39.0,UG/M3,1 Hr,Valid
Chisinau,PM2.5 - Principal,2022-10-17 01:00 PM,2022,10,17,13,36.5,103,Unhealthy for Sensitive Groups,39.0,UG/M3,1 Hr,Valid
Chisinau,PM2.5 - Principal,2022-10-17 02:00 PM,2022,10,17,14,33.2,95,Moderate,29.0,UG/M3,1 Hr,Valid
Chisinau,PM2.5 - Principal,2022-10-17 03:00 PM,2022,10,17,15,27.4,83,Moderate,21.0,UG/M3,1 Hr,Valid
Chisinau,PM2.5 - Principal,2022-10-17 04:00 PM,2022,10,17,16,20.4,68,Moderate,14.0,UG/M3,1 Hr,Valid
Chisinau,PM2.5 - Principal,2022-10-17 05:00 PM,2022,10,17,17,18.7,65,Moderate,17.0,UG/M3,1 Hr,Valid
Chisinau,PM2.5 - Principal,2022-10-17 06:00 PM,2022,10,17,18,19.3,66,Moderate,20.0,UG/M3,1 Hr,Valid
Chisinau,PM2.5 - Principal,2022-10-17 07:00 PM,2022,10,17,19,22.6,73,Moderate,26.0,UG/M3,1 Hr,Valid
Chisinau,PM2.5 - Principal,2022-10-17 08:00 PM,2022,10,17,20,28.3,85,Moderate,34.0,UG/M3,1 Hr,Valid
Chisinau,PM2.5 - Principal,2022-10-17 09:00 PM,2022,10,17,21,34.6,98,Moderate,41.0,UG/M3,1 Hr,Valid
Chisinau,PM2.5 - Principal,2022-10-17 10:00 PM,2022,10,17,22,45.3,125,Unhealthy for Sensitive Groups,56.0,UG/M3,1 Hr,Valid
Chisinau,PM2.5 - Principal,2022-10-17 11:00 PM,2022,10,17,23,53.6,146,Unhealthy for Sensitive Groups,62.0,UG/M3,1 Hr,Valid
Chisinau,PM2.5 - Principal,2022-10-18 12:00 AM,2022,10,18,00,64.8,156,Unhealthy,76.0,UG/M3,1 Hr,Valid
Chisinau,PM2.5 - Principal,2022-10-18 01:00 AM,2022,10,18,01,74.4,161,Unhealthy,84.0,UG/M3,1 Hr,Valid
Chisinau,PM2.5 - Principal,2022-10-18 02:00 AM,2022,10,18,02,75.7,161,Unhealthy,77.0,UG/M3,1 Hr,Valid
Chisinau,PM2.5 - Principal,2022-10-18 03:00 AM,2022,10,18,03,71.8,159,Unhealthy,68.0,UG/M3,1 Hr,Valid
Chisinau,PM2.5 - Principal,2022-10-18 04:00 AM,2022,10,18,04,67.4,157,Unhealthy,63.0,UG/M3,1 Hr,Valid
Chisinau,PM2.5 - Principal,2022-10-18 05:00 AM,2022,10,18,05,66.2,157,Unhealthy,65.0,UG/M3,1 Hr,Valid
Chisinau,PM2.5 - Principal,2022-10-18 06:00 AM,2022,10,18,06,65.1,156,Unhealthy,64.0,UG/M3,1 Hr,Valid
Chisinau,PM2.5 - Principal,2022-10-18 07:00 AM,2022,10,18,07,62.5,155,Unhealthy,60.0,UG/M3,1 Hr,Valid
Chisinau,PM2.5 - Principal,2022-10-18 08:00 AM,2022,10,18,08,58.7,153,Unhealthy,55.0,UG/M3,1 Hr,Valid
Chisinau,PM2.5 - Principal,2022-10-18 09:00 AM,2022,10,18,09,58.3,152,Unhealthy,54.0,UG/M3,1 Hr,Valid
Chisinau,PM2.5 - Principal,2022-10-18 10:00 AM,2022,10,18,10,57.1,152,Unhealthy,55.0,UG/M3,1 Hr,Valid
Chisinau,PM2.5 - Principal,2022-10-18 11:00 AM,2022,10,18,11,57.0,152,Unhealthy,57.0,UG/M3,1 Hr,Valid
Chisinau,PM2.5 - Principal,2022-10-18 12:00 PM,2022,10,18,12,61.3,154,Unhealthy,69.0,UG/M3,1 Hr,Valid
Chisinau,PM2.5 - Principal,2022-10-18 01:00 PM,2022,10,18,13,41.3,115,Unhealthy for Sensitive Groups,20.0,UG/M3,1 Hr,Valid
Chisinau,PM2.5 - Principal,2022-10-18 02:00 PM,2022,10,18,14,25.1,78,Moderate,9.0,UG/M3,1 Hr,Valid
Chisinau,PM2.5 - Principal,2022-10-18 03:00 PM,2022,10,18,15,19.0,66,Moderate,13.0,UG/M3,1 Hr,Valid
Chisinau,PM2.5 - Principal,2022-10-18 04:00 PM,2022,10,18,16,15.0,57,Moderate,11.0,UG/M3,1 Hr,Valid
Chisinau,PM2.5 - Principal,2022-10-18 05:00 PM,2022,10,18,17,13.0,53,Moderate,11.0,UG/M3,1 Hr,Valid
Chisinau,PM2.5 - Principal,2022-10-18 06:00 PM,2022,10,18,18,10.4,43,Good,8.0,UG/M3,1 Hr,Valid
Chisinau,PM2.5 - Principal,2022-10-18 07:00 PM,2022,10,18,19,12.7,52,Moderate,15.0,UG/M3,1 Hr,Valid
Chisinau,PM2.5 - Principal,2022-10-18 08:00 PM,2022,10,18,20,14.3,56,Moderate,16.0,UG/M3,1 Hr,Valid
Chisinau,PM2.5 - Principal,2022-10-18 09:00 PM,2022,10,18,21,14.1,55,Moderate,14.0,UG/M3,1 Hr,Valid
Chisinau,PM2.5 - Principal,2022-10-18 10:00 PM,2022,10,18,22,16.5,60,Moderate,19.0,UG/M3,1 Hr,Valid
Chisinau,PM2.5 - Principal,2022-10-18 11:00 PM,2022,10,18,23,16.2,60,Moderate,16.0,UG/M3,1 Hr,Valid
Chisinau,PM2.5 - Principal,2022-10-19 12:00 AM,2022,10,19,00,17.6,63,Moderate,19.0,UG/M3,1 Hr,Valid
Chisinau,PM2.5 - Principal,2022-10-19 01:00 AM,2022,10,19,01,17.3,62,Moderate,17.0,UG/M3,1 Hr,Valid
Chisinau,PM2.5 - Principal,2022-10-19 02:00 AM,2022,10,19,02,17.1,62,Moderate,17.0,UG/M3,1 Hr,Valid
Chisinau,PM2.5 - Principal,2022-10-19 03:00 AM,2022,10,19,03,17.5,62,Moderate,18.0,UG/M3,1 Hr,Valid
Chisinau,PM2.5 - Principal,2022-10-19 04:00 AM,2022,10,19,04,19.7,67,Moderate,22.0,UG/M3,1 Hr,Valid
Chisinau,PM2.5 - Principal,2022-10-19 05:00 AM,2022,10,19,05,17.3,62,Moderate,15.0,UG/M3,1 Hr,Valid
Chisinau,PM2.5 - Principal,2022-10-19 06:00 AM,2022,10,19,06,17.0,61,Moderate,16.0,UG/M3,1 Hr,Valid
Chisinau,PM2.5 - Principal,2022-10-19 07:00 AM,2022,10,19,07,17.3,62,Moderate,18.0,UG/M3,1 Hr,Valid
Chisinau,PM2.5 - Principal,2022-10-19 08:00 AM,2022,10,19,08,16.1,59,Moderate,14.0,UG/M3,1 Hr,Valid
Chisinau,PM2.5 - Principal,2022-10-19 09:00 AM,2022,10,19,09,16.4,60,Moderate,17.0,UG/M3,1 Hr,Valid
Chisinau,PM2.5 - Principal,2022-10-19 10:00 AM,2022,10,19,10,19.0,66,Moderate,23.0,UG/M3,1 Hr,Valid
Chisinau,PM2.5 - Principal,2022-10-19 11:00 AM,2022,10,19,11,20.5,69,Moderate,23.0,UG/M3,1 Hr,Valid
Chisinau,PM2.5 - Principal,2022-10-19 12:00 PM,2022,10,19,12,23.3,75,Moderate,26.0,UG/M3,1 Hr,Valid
Chisinau,PM2.5 - Principal,2022-10-19 01:00 PM,2022,10,19,13,23.1,74,Moderate,23.0,UG/M3,1 Hr,Valid
Chisinau,PM2.5 - Principal,2022-10-19 02:00 PM,2022,10,19,14,24.4,77,Moderate,26.0,UG/M3,1 Hr,Valid
Chisinau,PM2.5 - Principal,2022-10-19 03:00 PM,2022,10,19,15,24.2,76,Moderate,24.0,UG/M3,1 Hr,Valid
Chisinau,PM2.5 - Principal,2022-10-19 04:00 PM,2022,10,19,16,20.9,70,Moderate,17.0,UG/M3,1 Hr,Valid
Chisinau,PM2.5 - Principal,2022-10-19 05:00 PM,2022,10,19,17,17.7,63,Moderate,14.0,UG/M3,1 Hr,Valid
Chisinau,PM2.5 - Principal,2022-10-19 06:00 PM,2022,10,19,18,13.6,54,Moderate,10.0,UG/M3,1 Hr,Valid
Chisinau,PM2.5 - Principal,2022-10-19 07:00 PM,2022,10,19,19,15.3,58,Moderate,17.0,UG/M3,1 Hr,Valid
Chisinau,PM2.5 - Principal,2022-10-19 08:00 PM,2022,10,19,20,16.6,60,Moderate,18.0,UG/M3,1 Hr,Valid
Chisinau,PM2.5 - Principal,2022-10-19 09:00 PM,2022,10,19,21,21.8,71,Moderate,27.0,UG/M3,1 Hr,Valid
Chisinau,PM2.5 - Principal,2022-10-19 10:00 PM,2022,10,19,22,24.4,77,Moderate,27.0,UG/M3,1 Hr,Valid
Chisinau,PM2.5 - Principal,2022-10-19 11:00 PM,2022,10,19,23,28.2,85,Moderate,32.0,UG/M3,1 Hr,Valid
Chisinau,PM2.5 - Principal,2022-10-20 12:00 AM,2022,10,20,00,29.1,87,Moderate,30.0,UG/M3,1 Hr,Valid
Chisinau,PM2.5 - Principal,2022-10-20 01:00 AM,2022,10,20,01,23.5,75,Moderate,18.0,UG/M3,1 Hr,Valid
Chisinau,PM2.5 - Principal,2022-10-20 02:00 AM,2022,10,20,02,18.2,64,Moderate,13.0,UG/M3,1 Hr,Valid
Chisinau,PM2.5 - Principal,2022-10-20 03:00 AM,2022,10,20,03,16.6,60,Moderate,15.0,UG/M3,1 Hr,Valid
Chisinau,PM2.5 - Principal,2022-10-20 04:00 AM,2022,10,20,04,14.8,57,Moderate,13.0,UG/M3,1 Hr,Valid
Chisinau,PM2.5 - Principal,2022-10-20 05:00 AM,2022,10,20,05,12.9,53,Moderate,11.0,UG/M3,1 Hr,Valid
Chisinau,PM2.5 - Principal,2022-10-20 06:00 AM,2022,10,20,06,10.4,43,Good,8.0,UG/M3,1 Hr,Valid
Chisinau,PM2.5 - Principal,2022-10-20 07:00 AM,2022,10,20,07,11.2,47,Good,12.0,UG/M3,1 Hr,Valid
Chisinau,PM2.5 - Principal,2022-10-20 08:00 AM,2022,10,20,08,13.1,53,Moderate,15.0,UG/M3,1 Hr,Valid
Chisinau,PM2.5 - Principal,2022-10-20 09:00 AM,2022,10,20,09,12.0,50,Good,11.0,UG/M3,1 Hr,Valid
Chisinau,PM2.5 - Principal,2022-10-20 10:00 AM,2022,10,20,10,10.5,44,Good,9.0,UG/M3,1 Hr,Valid
Chisinau,PM2.5 - Principal,2022-10-20 11:00 AM,2022,10,20,11,11.7,49,Good,13.0,UG/M3,1 Hr,Valid
Chisinau,PM2.5 - Principal,2022-10-20 12:00 PM,2022,10,20,12,11.3,47,Good,11.0,UG/M3,1 Hr,Valid
Chisinau,PM2.5 - Principal,2022-10-20 01:00 PM,2022,10,20,13,11.6,48,Good,12.0,UG/M3,1 Hr,Valid
Chisinau,PM2.5 - Principal,2022-10-20 02:00 PM,2022,10,20,14,10.8,45,Good,10.0,UG/M3,1 Hr,Valid
Chisinau,PM2.5 - Principal,2022-10-20 03:00 PM,2022,10,20,15,11.8,49,Good,13.0,UG/M3,1 Hr,Valid
Chisinau,PM2.5 - Principal,2022-10-20 04:00 PM,2022,10,20,16,12.8,52,Moderate,14.0,UG/M3,1 Hr,Valid
Chisinau,PM2.5 - Principal,2022-10-20 05:00 PM,2022,10,20,17,12.4,52,Moderate,12.0,UG/M3,1 Hr,Valid
Chisinau,PM2.5 - Principal,2022-10-20 06:00 PM,2022,10,20,18,11.4,48,Good,10.0,UG/M3,1 Hr,Valid
Chisinau,PM2.5 - Principal,2022-10-20 07:00 PM,2022,10,20,19,11.2,47,Good,11.0,UG/M3,1 Hr,Valid
Chisinau,PM2.5 - Principal,2022-10-20 08:00 PM,2022,10,20,20,12.7,52,Moderate,15.0,UG/M3,1 Hr,Valid
Chisinau,PM2.5 - Principal,2022-10-20 09:00 PM,2022,10,20,21,13.2,53,Moderate,14.0,UG/M3,1 Hr,Valid
Chisinau,PM2.5 - Principal,2022-10-20 10:00 PM,2022,10,20,22,16.7,61,Moderate,20.0,UG/M3,1 Hr,Valid
Chisinau,PM2.5 - Principal,2022-10-20 11:00 PM,2022,10,20,23,17.3,62,Moderate,18.0,UG/M3,1 Hr,Valid
Chisinau,PM2.5 - Principal,2022-10-21 12:00 AM,2022,10,21,00,18.1,64,Moderate,19.0,UG/M3,1 Hr,Valid
Chisinau,PM2.5 - Principal,2022-10-21 01:00 AM,2022,10,21,01,17.0,61,Moderate,16.0,UG/M3,1 Hr,Valid
Chisinau,PM2.5 - Principal,2022-10-21 02:00 AM,2022,10,21,02,17.0,61,Moderate,17.0,UG/M3,1 Hr,Valid
Chisinau,PM2.5 - Principal,2022-10-21 03:00 AM,2022,10,21,03,16.5,60,Moderate,16.0,UG/M3,1 Hr,Valid
Chisinau,PM2.5 - Principal,2022-10-21 04:00 AM,2022,10,21,04,17.2,62,Moderate,18.0,UG/M3,1 Hr,Valid
Chisinau,PM2.5 - Principal,2022-10-21 05:00 AM,2022,10,21,05,17.6,63,Moderate,18.0,UG/M3,1 Hr,Valid
Chisinau,PM2.5 - Principal,2022-10-21 06:00 AM,2022,10,21,06,17.7,63,Moderate,18.0,UG/M3,1 Hr,Valid
Chisinau,PM2.5 - Principal,2022-10-21 07:00 AM,2022,10,21,07,17.4,62,Moderate,17.0,UG/M3,1 Hr,Valid
Chisinau,PM2.5 - Principal,2022-10-21 08:00 AM,2022,10,21,08,16.6,60,Moderate,15.0,UG/M3,1 Hr,Valid
Chisinau,PM2.5 - Principal,2022-10-21 09:00 AM,2022,10,21,09,16.6,60,Moderate,16.0,UG/M3,1 Hr,Valid
Chisinau,PM2.5 - Principal,2022-10-21 10:00 AM,2022,10,21,10,18.2,64,Moderate,22.0,UG/M3,1 Hr,Valid
Chisinau,PM2.5 - Principal,2022-10-21 11:00 AM,2022,10,21,11,20.5,69,Moderate,24.0,UG/M3,1 Hr,Valid
Chisinau,PM2.5 - Principal,2022-10-21 12:00 PM,2022,10,21,12,18.8,65,Moderate,16.0,UG/M3,1 Hr,Valid
Chisinau,PM2.5 - Principal,2022-10-21 01:00 PM,2022,10,21,13,17.7,63,Moderate,16.0,UG/M3,1 Hr,Valid
Chisinau,PM2.5 - Principal,2022-10-21 02:00 PM,2022,10,21,14,14.6,56,Moderate,12.0,UG/M3,1 Hr,Valid
Chisinau,PM2.5 - Principal,2022-10-21 03:00 PM,2022,10,21,15,11.8,49,Good,9.0,UG/M3,1 Hr,Valid
Chisinau,PM2.5 - Principal,2022-10-21 04:00 PM,2022,10,21,16,12.4,52,Moderate,13.0,UG/M3,1 Hr,Valid
Chisinau,PM2.5 - Principal,2022-10-21 05:00 PM,2022,10,21,17,12.7,52,Moderate,13.0,UG/M3,1 Hr,Valid
Chisinau,PM2.5 - Principal,2022-10-21 06:00 PM,2022,10,21,18,10.8,45,Good,9.0,UG/M3,1 Hr,Valid
Chisinau,PM2.5 - Principal,2022-10-21 07:00 PM,2022,10,21,19,12.4,52,Moderate,14.0,UG/M3,1 Hr,Valid
Chisinau,PM2.5 - Principal,2022-10-21 08:00 PM,2022,10,21,20,16.7,61,Moderate,21.0,UG/M3,1 Hr,Valid
Chisinau,PM2.5 - Principal,2022-10-21 09:00 PM,2022,10,21,21,19.3,66,Moderate,22.0,UG/M3,1 Hr,Valid
Chisinau,PM2.5 - Principal,2022-10-21 10:00 PM,2022,10,21,22,20.1,68,Moderate,21.0,UG/M3,1 Hr,Valid
Chisinau,PM2.5 - Principal,2022-10-21 11:00 PM,2022,10,21,23,21.0,70,Moderate,22.0,UG/M3,1 Hr,Valid
Chisinau,PM2.5 - Principal,2022-10-22 12:00 AM,2022,10,22,00,20.0,68,Moderate,19.0,UG/M3,1 Hr,Valid
Chisinau,PM2.5 - Principal,2022-10-22 01:00 AM,2022,10,22,01,19.0,66,Moderate,18.0,UG/M3,1 Hr,Valid
Chisinau,PM2.5 - Principal,2022-10-22 02:00 AM,2022,10,22,02,21.5,71,Moderate,24.0,UG/M3,1 Hr,Valid
Chisinau,PM2.5 - Principal,2022-10-22 03:00 AM,2022,10,22,03,19.7,67,Moderate,18.0,UG/M3,1 Hr,Valid
Chisinau,PM2.5 - Principal,2022-10-22 04:00 AM,2022,10,22,04,19.3,66,Moderate,19.0,UG/M3,1 Hr,Valid
Chisinau,PM2.5 - Principal,2022-10-22 05:00 AM,2022,10,22,05,19.1,66,Moderate,19.0,UG/M3,1 Hr,Valid
Chisinau,PM2.5 - Principal,2022-10-22 06:00 AM,2022,10,22,06,18.3,64,Moderate,17.0,UG/M3,1 Hr,Valid
Chisinau,PM2.5 - Principal,2022-10-22 07:00 AM,2022,10,22,07,17.1,62,Moderate,15.0,UG/M3,1 Hr,Valid
Chisinau,PM2.5 - Principal,2022-10-22 08:00 AM,2022,10,22,08,19.3,66,Moderate,23.0,UG/M3,1 Hr,Valid
Chisinau,PM2.5 - Principal,2022-10-22 09:00 AM,2022,10,22,09,18.8,65,Moderate,18.0,UG/M3,1 Hr,Valid
Chisinau,PM2.5 - Principal,2022-10-22 10:00 AM,2022,10,22,10,16.8,61,Moderate,14.0,UG/M3,1 Hr,Valid
Chisinau,PM2.5 - Principal,2022-10-22 11:00 AM,2022,10,22,11,16.0,59,Moderate,15.0,UG/M3,1 Hr,Valid
Chisinau,PM2.5 - Principal,2022-10-22 12:00 PM,2022,10,22,12,14.5,56,Moderate,13.0,UG/M3,1 Hr,Valid
Chisinau,PM2.5 - Principal,2022-10-22 01:00 PM,2022,10,22,13,15.2,58,Moderate,16.0,UG/M3,1 Hr,Valid
Chisinau,PM2.5 - Principal,2022-10-22 02:00 PM,2022,10,22,14,14.2,55,Moderate,13.0,UG/M3,1 Hr,Valid
Chisinau,PM2.5 - Principal,2022-10-22 03:00 PM,2022,10,22,15,14.5,56,Moderate,15.0,UG/M3,1 Hr,Valid
Chisinau,PM2.5 - Principal,2022-10-22 04:00 PM,2022,10,22,16,16.0,59,Moderate,18.0,UG/M3,1 Hr,Valid
Chisinau,PM2.5 - Principal,2022-10-22 05:00 PM,2022,10,22,17,16.4,60,Moderate,17.0,UG/M3,1 Hr,Valid
Chisinau,PM2.5 - Principal,2022-10-22 06:00 PM,2022,10,22,18,16.7,61,Moderate,17.0,UG/M3,1 Hr,Valid
Chisinau,PM2.5 - Principal,2022-10-22 07:00 PM,2022,10,22,19,17.2,62,Moderate,18.0,UG/M3,1 Hr,Valid
Chisinau,PM2.5 - Principal,2022-10-22 08:00 PM,2022,10,22,20,21.7,71,Moderate,26.0,UG/M3,1 Hr,Valid
Chisinau,PM2.5 - Principal,2022-10-22 09:00 PM,2022,10,22,21,24.8,78,Moderate,28.0,UG/M3,1 Hr,Valid
Chisinau,PM2.5 - Principal,2022-10-22 10:00 PM,2022,10,22,22,26.9,82,Moderate,29.0,UG/M3,1 Hr,Valid
Chisinau,PM2.5 - Principal,2022-10-22 11:00 PM,2022,10,22,23,29.9,88,Moderate,33.0,UG/M3,1 Hr,Valid
Chisinau,PM2.5 - Principal,2022-10-23 12:00 AM,2022,10,23,00,27.9,84,Moderate,26.0,UG/M3,1 Hr,Valid
Chisinau,PM2.5 - Principal,2022-10-23 01:00 AM,2022,10,23,01,29.4,87,Moderate,31.0,UG/M3,1 Hr,Valid
Chisinau,PM2.5 - Principal,2022-10-23 02:00 AM,2022,10,23,02,24.7,77,Moderate,20.0,UG/M3,1 Hr,Valid
Chisinau,PM2.5 - Principal,2022-10-23 03:00 AM,2022,10,23,03,25.9,80,Moderate,27.0,UG/M3,1 Hr,Valid
Chisinau,PM2.5 - Principal,2022-10-23 04:00 AM,2022,10,23,04,24.4,77,Moderate,23.0,UG/M3,1 Hr,Valid
Chisinau,PM2.5 - Principal,2022-10-23 05:00 AM,2022,10,23,05,24.2,76,Moderate,24.0,UG/M3,1 Hr,Valid
Chisinau,PM2.5 - Principal,2022-10-23 06:00 AM,2022,10,23,06,23.7,75,Moderate,23.0,UG/M3,1 Hr,Valid
Chisinau,PM2.5 - Principal,2022-10-23 07:00 AM,2022,10,23,07,25.1,78,Moderate,27.0,UG/M3,1 Hr,Valid
Chisinau,PM2.5 - Principal,2022-10-23 08:00 AM,2022,10,23,08,25.0,78,Moderate,25.0,UG/M3,1 Hr,Valid
Chisinau,PM2.5 - Principal,2022-10-23 09:00 AM,2022,10,23,09,25.8,80,Moderate,27.0,UG/M3,1 Hr,Valid
Chisinau,PM2.5 - Principal,2022-10-23 10:00 AM,2022,10,23,10,26.2,81,Moderate,27.0,UG/M3,1 Hr,Valid
Chisinau,PM2.5 - Principal,2022-10-23 11:00 AM,2022,10,23,11,26.4,81,Moderate,27.0,UG/M3,1 Hr,Valid
Chisinau,PM2.5 - Principal,2022-10-23 12:00 PM,2022,10,23,12,26.3,81,Moderate,26.0,UG/M3,1 Hr,Valid
Chisinau,PM2.5 - Principal,2022-10-23 01:00 PM,2022,10,23,13,26.0,80,Moderate,26.0,UG/M3,1 Hr,Valid
Chisinau,PM2.5 - Principal,2022-10-23 02:00 PM,2022,10,23,14,26.1,80,Moderate,27.0,UG/M3,1 Hr,Valid
Chisinau,PM2.5 - Principal,2022-10-23 03:00 PM,2022,10,23,15,26.5,81,Moderate,28.0,UG/M3,1 Hr,Valid
Chisinau,PM2.5 - Principal,2022-10-23 04:00 PM,2022,10,23,16,24.8,78,Moderate,20.0,UG/M3,1 Hr,Valid
Chisinau,PM2.5 - Principal,2022-10-23 05:00 PM,2022,10,23,17,22.8,74,Moderate,19.0,UG/M3,1 Hr,Valid
Chisinau,PM2.5 - Principal,2022-10-23 06:00 PM,2022,10,23,18,18.5,64,Moderate,15.0,UG/M3,1 Hr,Valid
Chisinau,PM2.5 - Principal,2022-10-23 07:00 PM,2022,10,23,19,17.3,62,Moderate,16.0,UG/M3,1 Hr,Valid
Chisinau,PM2.5 - Principal,2022-10-23 08:00 PM,2022,10,23,20,15.5,58,Moderate,14.0,UG/M3,1 Hr,Valid
Chisinau,PM2.5 - Principal,2022-10-23 09:00 PM,2022,10,23,21,16.7,61,Moderate,18.0,UG/M3,1 Hr,Valid
Chisinau,PM2.5 - Principal,2022-10-23 10:00 PM,2022,10,23,22,17.3,62,Moderate,18.0,UG/M3,1 Hr,Valid
Chisinau,PM2.5 - Principal,2022-10-23 11:00 PM,2022,10,23,23,17.1,62,Moderate,17.0,UG/M3,1 Hr,Valid
Chisinau,PM2.5 - Principal,2022-10-24 12:00 AM,2022,10,24,00,20.0,68,Moderate,23.0,UG/M3,1 Hr,Valid
Chisinau,PM2.5 - Principal,2022-10-24 01:00 AM,2022,10,24,01,22.5,73,Moderate,25.0,UG/M3,1 Hr,Valid
Chisinau,PM2.5 - Principal,2022-10-24 02:00 AM,2022,10,24,02,24.2,76,Moderate,26.0,UG/M3,1 Hr,Valid
Chisinau,PM2.5 - Principal,2022-10-24 03:00 AM,2022,10,24,03,23.9,76,Moderate,24.0,UG/M3,1 Hr,Valid
Chisinau,PM2.5 - Principal,2022-10-24 04:00 AM,2022,10,24,04,23.0,74,Moderate,22.0,UG/M3,1 Hr,Valid
Chisinau,PM2.5 - Principal,2022-10-24 05:00 AM,2022,10,24,05,21.1,70,Moderate,19.0,UG/M3,1 Hr,Valid
Chisinau,PM2.5 - Principal,2022-10-24 06:00 AM,2022,10,24,06,18.7,65,Moderate,16.0,UG/M3,1 Hr,Valid
Chisinau,PM2.5 - Principal,2022-10-24 07:00 AM,2022,10,24,07,20.2,68,Moderate,22.0,UG/M3,1 Hr,Valid
Chisinau,PM2.5 - Principal,2022-10-24 08:00 AM,2022,10,24,08,19.0,66,Moderate,17.0,UG/M3,1 Hr,Valid
Chisinau,PM2.5 - Principal,2022-10-24 09:00 AM,2022,10,24,09,20.2,68,Moderate,22.0,UG/M3,1 Hr,Valid
Chisinau,PM2.5 - Principal,2022-10-24 10:00 AM,2022,10,24,10,20.9,70,Moderate,22.0,UG/M3,1 Hr,Valid
Chisinau,PM2.5 - Principal,2022-10-24 11:00 AM,2022,10,24,11,23.4,75,Moderate,27.0,UG/M3,1 Hr,Valid
Chisinau,PM2.5 - Principal,2022-10-24 12:00 PM,2022,10,24,12,31.5,92,Moderate,39.0,UG/M3,1 Hr,Valid
Chisinau,PM2.5 - Principal,2022-10-24 01:00 PM,2022,10,24,13,27.2,83,Moderate,23.0,UG/M3,1 Hr,Valid
Chisinau,PM2.5 - Principal,2022-10-24 02:00 PM,2022,10,24,14,18.1,64,Moderate,9.0,UG/M3,1 Hr,Valid
Chisinau,PM2.5 - Principal,2022-10-24 03:00 PM,2022,10,24,15,15.5,58,Moderate,13.0,UG/M3,1 Hr,Valid
Chisinau,PM2.5 - Principal,2022-10-24 04:00 PM,2022,10,24,16,13.7,54,Moderate,12.0,UG/M3,1 Hr,Valid
Chisinau,PM2.5 - Principal,2022-10-24 05:00 PM,2022,10,24,17,13.3,54,Moderate,13.0,UG/M3,1 Hr,Valid
Chisinau,PM2.5 - Principal,2022-10-24 06:00 PM,2022,10,24,18,14.1,55,Moderate,15.0,UG/M3,1 Hr,Valid
Chisinau,PM2.5 - Principal,2022-10-24 07:00 PM,2022,10,24,19,12.5,52,Moderate,11.0,UG/M3,1 Hr,Valid
Chisinau,PM2.5 - Principal,2022-10-24 08:00 PM,2022,10,24,20,14.7,56,Moderate,17.0,UG/M3,1 Hr,Valid
Chisinau,PM2.5 - Principal,2022-10-24 09:00 PM,2022,10,24,21,19.8,67,Moderate,25.0,UG/M3,1 Hr,Valid
Chisinau,PM2.5 - Principal,2022-10-24 10:00 PM,2022,10,24,22,36.9,104,Unhealthy for Sensitive Groups,54.0,UG/M3,1 Hr,Valid
Chisinau,PM2.5 - Principal,2022-10-24 11:00 PM,2022,10,24,23,35.4,100,Moderate,34.0,UG/M3,1 Hr,Valid
Chisinau,PM2.5 - Principal,2022-10-25 12:00 AM,2022,10,25,00,32.2,93,Moderate,29.0,UG/M3,1 Hr,Valid
Chisinau,PM2.5 - Principal,2022-10-25 01:00 AM,2022,10,25,01,28.1,85,Moderate,24.0,UG/M3,1 Hr,Valid
Chisinau,PM2.5 - Principal,2022-10-25 02:00 AM,2022,10,25,02,26.5,81,Moderate,25.0,UG/M3,1 Hr,Valid
Chisinau,PM2.5 - Principal,2022-10-25 03:00 AM,2022,10,25,03,25.7,80,Moderate,25.0,UG/M3,1 Hr,Valid
Chisinau,PM2.5 - Principal,2022-10-25 04:00 AM,2022,10,25,04,25.8,80,Moderate,26.0,UG/M3,1 Hr,Valid
Chisinau,PM2.5 - Principal,2022-10-25 05:00 AM,2022,10,25,05,22.4,73,Moderate,19.0,UG/M3,1 Hr,Valid
Chisinau,PM2.5 - Principal,2022-10-25 06:00 AM,2022,10,25,06,21.2,70,Moderate,20.0,UG/M3,1 Hr,Valid
Chisinau,PM2.5 - Principal,2022-10-25 07:00 AM,2022,10,25,07,23.1,74,Moderate,25.0,UG/M3,1 Hr,Valid
Chisinau,PM2.5 - Principal,2022-10-25 08:00 AM,2022,10,25,08,22.0,72,Moderate,21.0,UG/M3,1 Hr,Valid
Chisinau,PM2.5 - Principal,2022-10-25 09:00 AM,2022,10,25,09,24.0,76,Moderate,26.0,UG/M3,1 Hr,Valid
Chisinau,PM2.5 - Principal,2022-10-25 10:00 AM,2022,10,25,10,22.1,72,Moderate,20.0,UG/M3,1 Hr,Valid
Chisinau,PM2.5 - Principal,2022-10-25 11:00 AM,2022,10,25,11,21.8,71,Moderate,21.0,UG/M3,1 Hr,Valid
Chisinau,PM2.5 - Principal,2022-10-25 12:00 PM,2022,10,25,12,23.8,76,Moderate,28.0,UG/M3,1 Hr,Valid
Chisinau,PM2.5 - Principal,2022-10-25 01:00 PM,2022,10,25,13,24.2,76,Moderate,25.0,UG/M3,1 Hr,Valid
Chisinau,PM2.5 - Principal,2022-10-25 02:00 PM,2022,10,25,14,25.1,78,Moderate,27.0,UG/M3,1 Hr,Valid
Chisinau,PM2.5 - Principal,2022-10-25 03:00 PM,2022,10,25,15,22.1,72,Moderate,17.0,UG/M3,1 Hr,Valid
Chisinau,PM2.5 - Principal,2022-10-25 04:00 PM,2022,10,25,16,23.2,74,Moderate,25.0,UG/M3,1 Hr,Valid
Chisinau,PM2.5 - Principal,2022-10-25 05:00 PM,2022,10,25,17,22.7,73,Moderate,22.0,UG/M3,1 Hr,Valid
Chisinau,PM2.5 - Principal,2022-10-25 06:00 PM,2022,10,25,18,23.2,74,Moderate,24.0,UG/M3,1 Hr,Valid
Chisinau,PM2.5 - Principal,2022-10-25 07:00 PM,2022,10,25,19,23.9,76,Moderate,25.0,UG/M3,1 Hr,Valid
Chisinau,PM2.5 - Principal,2022-10-25 08:00 PM,2022,10,25,20,24.7,77,Moderate,26.0,UG/M3,1 Hr,Valid
Chisinau,PM2.5 - Principal,2022-10-25 09:00 PM,2022,10,25,21,28.2,85,Moderate,32.0,UG/M3,1 Hr,Valid
Chisinau,PM2.5 - Principal,2022-10-25 10:00 PM,2022,10,25,22,29.0,87,Moderate,30.0,UG/M3,1 Hr,Valid
Chisinau,PM2.5 - Principal,2022-10-25 11:00 PM,2022,10,25,23,28.1,85,Moderate,27.0,UG/M3,1 Hr,Valid
Chisinau,PM2.5 - Principal,2022-10-26 12:00 AM,2022,10,26,00,24.3,77,Moderate,20.0,UG/M3,1 Hr,Valid
Chisinau,PM2.5 - Principal,2022-10-26 01:00 AM,2022,10,26,01,24.6,77,Moderate,25.0,UG/M3,1 Hr,Valid
Chisinau,PM2.5 - Principal,2022-10-26 02:00 AM,2022,10,26,02,23.3,75,Moderate,22.0,UG/M3,1 Hr,Valid
Chisinau,PM2.5 - Principal,2022-10-26 03:00 AM,2022,10,26,03,22.7,73,Moderate,21.0,UG/M3,1 Hr,Valid
Chisinau,PM2.5 - Principal,2022-10-26 04:00 AM,2022,10,26,04,19.0,66,Moderate,16.0,UG/M3,1 Hr,Valid
Chisinau,PM2.5 - Principal,2022-10-26 05:00 AM,2022,10,26,05,17.0,61,Moderate,15.0,UG/M3,1 Hr,Valid
Chisinau,PM2.5 - Principal,2022-10-26 06:00 AM,2022,10,26,06,15.0,57,Moderate,13.0,UG/M3,1 Hr,Valid
Chisinau,PM2.5 - Principal,2022-10-26 07:00 AM,2022,10,26,07,14.0,55,Moderate,13.0,UG/M3,1 Hr,Valid
Chisinau,PM2.5 - Principal,2022-10-26 08:00 AM,2022,10,26,08,13.0,53,Moderate,12.0,UG/M3,1 Hr,Valid
Chisinau,PM2.5 - Principal,2022-10-26 09:00 AM,2022,10,26,09,15.9,59,Moderate,19.0,UG/M3,1 Hr,Valid
Chisinau,PM2.5 - Principal,2022-10-26 10:00 AM,2022,10,26,10,17.4,62,Moderate,19.0,UG/M3,1 Hr,Valid
Chisinau,PM2.5 - Principal,2022-10-26 11:00 AM,2022,10,26,11,18.7,65,Moderate,20.0,UG/M3,1 Hr,Valid
Chisinau,PM2.5 - Principal,2022-10-26 12:00 PM,2022,10,26,12,19.8,67,Moderate,21.0,UG/M3,1 Hr,Valid
Chisinau,PM2.5 - Principal,2022-10-26 01:00 PM,2022,10,26,13,19.8,67,Moderate,20.0,UG/M3,1 Hr,Valid
Chisinau,PM2.5 - Principal,2022-10-26 02:00 PM,2022,10,26,14,18.9,65,Moderate,18.0,UG/M3,1 Hr,Valid
Chisinau,PM2.5 - Principal,2022-10-26 03:00 PM,2022,10,26,15,18.5,64,Moderate,18.0,UG/M3,1 Hr,Valid
Chisinau,PM2.5 - Principal,2022-10-26 04:00 PM,2022,10,26,16,16.6,60,Moderate,14.0,UG/M3,1 Hr,Valid
Chisinau,PM2.5 - Principal,2022-10-26 05:00 PM,2022,10,26,17,16.7,61,Moderate,17.0,UG/M3,1 Hr,Valid
Chisinau,PM2.5 - Principal,2022-10-26 06:00 PM,2022,10,26,18,16.4,60,Moderate,16.0,UG/M3,1 Hr,Valid
Chisinau,PM2.5 - Principal,2022-10-26 07:00 PM,2022,10,26,19,16.2,60,Moderate,16.0,UG/M3,1 Hr,Valid
Chisinau,PM2.5 - Principal,2022-10-26 08:00 PM,2022,10,26,20,16.9,61,Moderate,18.0,UG/M3,1 Hr,Valid
Chisinau,PM2.5 - Principal,2022-10-26 09:00 PM,2022,10,26,21,19.3,66,Moderate,23.0,UG/M3,1 Hr,Valid
Chisinau,PM2.5 - Principal,2022-10-26 10:00 PM,2022,10,26,22,19.6,67,Moderate,20.0,UG/M3,1 Hr,Valid
Chisinau,PM2.5 - Principal,2022-10-26 11:00 PM,2022,10,26,23,26.5,81,Moderate,33.0,UG/M3,1 Hr,Valid
Chisinau,PM2.5 - Principal,2022-10-27 12:00 AM,2022,10,27,00,28.7,86,Moderate,31.0,UG/M3,1 Hr,Valid
Chisinau,PM2.5 - Principal,2022-10-27 01:00 AM,2022,10,27,01,26.8,82,Moderate,25.0,UG/M3,1 Hr,Valid
Chisinau,PM2.5 - Principal,2022-10-27 02:00 AM,2022,10,27,02,24.4,77,Moderate,22.0,UG/M3,1 Hr,Valid
Chisinau,PM2.5 - Principal,2022-10-27 03:00 AM,2022,10,27,03,23.2,74,Moderate,22.0,UG/M3,1 Hr,Valid
Chisinau,PM2.5 - Principal,2022-10-27 04:00 AM,2022,10,27,04,20.6,69,Moderate,18.0,UG/M3,1 Hr,Valid
Chisinau,PM2.5 - Principal,2022-10-27 05:00 AM,2022,10,27,05,19.8,67,Moderate,19.0,UG/M3,1 Hr,Valid
Chisinau,PM2.5 - Principal,2022-10-27 06:00 AM,2022,10,27,06,17.9,63,Moderate,16.0,UG/M3,1 Hr,Valid
Chisinau,PM2.5 - Principal,2022-10-27 07:00 AM,2022,10,27,07,19.9,67,Moderate,22.0,UG/M3,1 Hr,Valid
Chisinau,PM2.5 - Principal,2022-10-27 08:00 AM,2022,10,27,08,18.9,65,Moderate,18.0,UG/M3,1 Hr,Valid
Chisinau,PM2.5 - Principal,2022-10-27 09:00 AM,2022,10,27,09,17.4,62,Moderate,16.0,UG/M3,1 Hr,Valid
Chisinau,PM2.5 - Principal,2022-10-27 10:00 AM,2022,10,27,10,19.2,66,Moderate,21.0,UG/M3,1 Hr,Valid
Chisinau,PM2.5 - Principal,2022-10-27 11:00 AM,2022,10,27,11,18.6,65,Moderate,18.0,UG/M3,1 Hr,Valid
Chisinau,PM2.5 - Principal,2022-10-27 12:00 PM,2022,10,27,12,20.2,68,Moderate,23.0,UG/M3,1 Hr,Valid
Chisinau,PM2.5 - Principal,2022-10-27 01:00 PM,2022,10,27,13,19.4,66,Moderate,18.0,UG/M3,1 Hr,Valid
Chisinau,PM2.5 - Principal,2022-10-27 02:00 PM,2022,10,27,14,17.2,62,Moderate,14.0,UG/M3,1 Hr,Valid
Chisinau,PM2.5 - Principal,2022-10-27 03:00 PM,2022,10,27,15,15.2,58,Moderate,13.0,UG/M3,1 Hr,Valid
Chisinau,PM2.5 - Principal,2022-10-27 04:00 PM,2022,10,27,16,14.2,55,Moderate,13.0,UG/M3,1 Hr,Valid
Chisinau,PM2.5 - Principal,2022-10-27 05:00 PM,2022,10,27,17,15.4,58,Moderate,17.0,UG/M3,1 Hr,Valid
Chisinau,PM2.5 - Principal,2022-10-27 06:00 PM,2022,10,27,18,14.8,57,Moderate,14.0,UG/M3,1 Hr,Valid
Chisinau,PM2.5 - Principal,2022-10-27 07:00 PM,2022,10,27,19,14.9,57,Moderate,15.0,UG/M3,1 Hr,Valid
Chisinau,PM2.5 - Principal,2022-10-27 08:00 PM,2022,10,27,20,14.9,57,Moderate,15.0,UG/M3,1 Hr,Valid
Chisinau,PM2.5 - Principal,2022-10-27 09:00 PM,2022,10,27,21,18.0,63,Moderate,22.0,UG/M3,1 Hr,Valid
Chisinau,PM2.5 - Principal,2022-10-27 10:00 PM,2022,10,27,22,28.2,85,Moderate,38.0,UG/M3,1 Hr,Valid
Chisinau,PM2.5 - Principal,2022-10-27 11:00 PM,2022,10,27,23,36.1,102,Unhealthy for Sensitive Groups,44.0,UG/M3,1 Hr,Valid
Chisinau,PM2.5 - Principal,2022-10-28 12:00 AM,2022,10,28,00,34.5,98,Moderate,33.0,UG/M3,1 Hr,Valid
Chisinau,PM2.5 - Principal,2022-10-28 01:00 AM,2022,10,28,01,37.7,106,Unhealthy for Sensitive Groups,41.0,UG/M3,1 Hr,Valid
Chisinau,PM2.5 - Principal,2022-10-28 02:00 AM,2022,10,28,02,37.3,105,Unhealthy for Sensitive Groups,37.0,UG/M3,1 Hr,Valid
Chisinau,PM2.5 - Principal,2022-10-28 03:00 AM,2022,10,28,03,33.6,96,Moderate,30.0,UG/M3,1 Hr,Valid
Chisinau,PM2.5 - Principal,2022-10-28 04:00 AM,2022,10,28,04,31.3,91,Moderate,29.0,UG/M3,1 Hr,Valid
Chisinau,PM2.5 - Principal,2022-10-28 05:00 AM,2022,10,28,05,28.1,85,Moderate,25.0,UG/M3,1 Hr,Valid
Chisinau,PM2.5 - Principal,2022-10-28 06:00 AM,2022,10,28,06,25.0,78,Moderate,22.0,UG/M3,1 Hr,Valid
Chisinau,PM2.5 - Principal,2022-10-28 07:00 AM,2022,10,28,07,27.5,83,Moderate,30.0,UG/M3,1 Hr,Valid
Chisinau,PM2.5 - Principal,2022-10-28 08:00 AM,2022,10,28,08,25.2,79,Moderate,23.0,UG/M3,1 Hr,Valid
Chisinau,PM2.5 - Principal,2022-10-28 09:00 AM,2022,10,28,09,24.1,76,Moderate,23.0,UG/M3,1 Hr,Valid
Chisinau,PM2.5 - Principal,2022-10-28 10:00 AM,2022,10,28,10,24.5,77,Moderate,25.0,UG/M3,1 Hr,Valid
Chisinau,PM2.5 - Principal,2022-10-28 11:00 AM,2022,10,28,11,26.6,81,Moderate,29.0,UG/M3,1 Hr,Valid
Chisinau,PM2.5 - Principal,2022-10-28 12:00 PM,2022,10,28,12,27.2,83,Moderate,28.0,UG/M3,1 Hr,Valid
Chisinau,PM2.5 - Principal,2022-10-28 01:00 PM,2022,10,28,13,31.1,91,Moderate,37.0,UG/M3,1 Hr,Valid
Chisinau,PM2.5 - Principal,2022-10-28 02:00 PM,2022,10,28,14,38.0,107,Unhealthy for Sensitive Groups,44.0,UG/M3,1 Hr,Valid
Chisinau,PM2.5 - Principal,2022-10-28 03:00 PM,2022,10,28,15,26.5,81,Moderate,15.0,UG/M3,1 Hr,Valid
Chisinau,PM2.5 - Principal,2022-10-28 04:00 PM,2022,10,28,16,20.2,68,Moderate,14.0,UG/M3,1 Hr,Valid
Chisinau,PM2.5 - Principal,2022-10-28 05:00 PM,2022,10,28,17,18.1,64,Moderate,16.0,UG/M3,1 Hr,Valid
Chisinau,PM2.5 - Principal,2022-10-28 06:00 PM,2022,10,28,18,17.0,61,Moderate,16.0,UG/M3,1 Hr,Valid
Chisinau,PM2.5 - Principal,2022-10-28 07:00 PM,2022,10,28,19,20.0,68,Moderate,23.0,UG/M3,1 Hr,Valid
Chisinau,PM2.5 - Principal,2022-10-28 08:00 PM,2022,10,28,20,22.0,72,Moderate,24.0,UG/M3,1 Hr,Valid
Chisinau,PM2.5 - Principal,2022-10-28 09:00 PM,2022,10,28,21,27.5,83,Moderate,33.0,UG/M3,1 Hr,Valid
Chisinau,PM2.5 - Principal,2022-10-28 10:00 PM,2022,10,28,22,37.2,105,Unhealthy for Sensitive Groups,47.0,UG/M3,1 Hr,Valid
Chisinau,PM2.5 - Principal,2022-10-28 11:00 PM,2022,10,28,23,47.1,130,Unhealthy for Sensitive Groups,57.0,UG/M3,1 Hr,Valid
Chisinau,PM2.5 - Principal,2022-10-29 12:00 AM,2022,10,29,00,61.0,154,Unhealthy,75.0,UG/M3,1 Hr,Valid
Chisinau,PM2.5 - Principal,2022-10-29 01:00 AM,2022,10,29,01,67.5,157,Unhealthy,74.0,UG/M3,1 Hr,Valid
Chisinau,PM2.5 - Principal,2022-10-29 02:00 AM,2022,10,29,02,70.2,159,Unhealthy,73.0,UG/M3,1 Hr,Valid
Chisinau,PM2.5 - Principal,2022-10-29 03:00 AM,2022,10,29,03,74.1,161,Unhealthy,78.0,UG/M3,1 Hr,Valid
Chisinau,PM2.5 - Principal,2022-10-29 04:00 AM,2022,10,29,04,72.0,160,Unhealthy,70.0,UG/M3,1 Hr,Valid
Chisinau,PM2.5 - Principal,2022-10-29 05:00 AM,2022,10,29,05,66.0,156,Unhealthy,60.0,UG/M3,1 Hr,Valid
Chisinau,PM2.5 - Principal,2022-10-29 06:00 AM,2022,10,29,06,53.0,144,Unhealthy for Sensitive Groups,40.0,UG/M3,1 Hr,Valid
Chisinau,PM2.5 - Principal,2022-10-29 07:00 AM,2022,10,29,07,46.5,128,Unhealthy for Sensitive Groups,40.0,UG/M3,1 Hr,Valid
Chisinau,PM2.5 - Principal,2022-10-29 08:00 AM,2022,10,29,08,48.2,132,Unhealthy for Sensitive Groups,50.0,UG/M3,1 Hr,Valid
Chisinau,PM2.5 - Principal,2022-10-29 09:00 AM,2022,10,29,09,51.1,139,Unhealthy for Sensitive Groups,54.0,UG/M3,1 Hr,Valid
Chisinau,PM2.5 - Principal,2022-10-29 10:00 AM,2022,10,29,10,53.0,144,Unhealthy for Sensitive Groups,55.0,UG/M3,1 Hr,Valid
Chisinau,PM2.5 - Principal,2022-10-29 11:00 AM,2022,10,29,11,47.6,131,Unhealthy for Sensitive Groups,42.0,UG/M3,1 Hr,Valid
Chisinau,PM2.5 - Principal,2022-10-29 12:00 PM,2022,10,29,12,46.8,129,Unhealthy for Sensitive Groups,46.0,UG/M3,1 Hr,Valid
Chisinau,PM2.5 - Principal,2022-10-29 01:00 PM,2022,10,29,13,32.8,95,Moderate,19.0,UG/M3,1 Hr,Valid
Chisinau,PM2.5 - Principal,2022-10-29 02:00 PM,2022,10,29,14,26.4,81,Moderate,20.0,UG/M3,1 Hr,Valid
Chisinau,PM2.5 - Principal,2022-10-29 03:00 PM,2022,10,29,15,21.2,70,Moderate,16.0,UG/M3,1 Hr,Valid
Chisinau,PM2.5 - Principal,2022-10-29 04:00 PM,2022,10,29,16,18.5,64,Moderate,16.0,UG/M3,1 Hr,Valid
Chisinau,PM2.5 - Principal,2022-10-29 05:00 PM,2022,10,29,17,18.2,64,Moderate,18.0,UG/M3,1 Hr,Valid
Chisinau,PM2.5 - Principal,2022-10-29 06:00 PM,2022,10,29,18,17.6,63,Moderate,17.0,UG/M3,1 Hr,Valid
Chisinau,PM2.5 - Principal,2022-10-29 07:00 PM,2022,10,29,19,18.8,65,Moderate,20.0,UG/M3,1 Hr,Valid
Chisinau,PM2.5 - Principal,2022-10-29 08:00 PM,2022,10,29,20,17.9,63,Moderate,17.0,UG/M3,1 Hr,Valid
Chisinau,PM2.5 - Principal,2022-10-29 09:00 PM,2022,10,29,21,17.4,62,Moderate,17.0,UG/M3,1 Hr,Valid
Chisinau,PM2.5 - Principal,2022-10-29 10:00 PM,2022,10,29,22,19.2,66,Moderate,21.0,UG/M3,1 Hr,Valid
Chisinau,PM2.5 - Principal,2022-10-29 11:00 PM,2022,10,29,23,18.6,65,Moderate,18.0,UG/M3,1 Hr,Valid
Chisinau,PM2.5 - Principal,2022-10-30 12:00 AM,2022,10,30,00,18.0,63,Moderate,17.0,UG/M3,1 Hr,Valid
Chisinau,PM2.5 - Principal,2022-10-30 01:00 AM,2022,10,30,01,18.2,64,Moderate,19.0,UG/M3,1 Hr,Valid
Chisinau,PM2.5 - Principal,2022-10-30 02:00 AM,2022,10,30,02,16.8,61,Moderate,14.0,UG/M3,1 Hr,Valid
Chisinau,PM2.5 - Principal,2022-10-30 02:00 AM,2022,10,30,02,16.5,60,Moderate,16.0,UG/M3,1 Hr,Valid
Chisinau,PM2.5 - Principal,2022-10-30 03:00 AM,2022,10,30,03,16.3,60,Moderate,16.0,UG/M3,1 Hr,Valid
Chisinau,PM2.5 - Principal,2022-10-30 04:00 AM,2022,10,30,04,16.3,60,Moderate,-999.0,UG/M3,1 Hr,Missing
Chisinau,PM2.5 - Principal,2022-10-30 05:00 AM,2022,10,30,05,17.9,63,Moderate,20.0,UG/M3,1 Hr,Valid
Chisinau,PM2.5 - Principal,2022-10-30 06:00 AM,2022,10,30,06,17.9,63,Moderate,18.0,UG/M3,1 Hr,Valid
Chisinau,PM2.5 - Principal,2022-10-30 07:00 AM,2022,10,30,07,20.8,69,Moderate,24.0,UG/M3,1 Hr,Valid
Chisinau,PM2.5 - Principal,2022-10-30 08:00 AM,2022,10,30,08,21.3,70,Moderate,22.0,UG/M3,1 Hr,Valid
Chisinau,PM2.5 - Principal,2022-10-30 09:00 AM,2022,10,30,09,20.7,69,Moderate,20.0,UG/M3,1 Hr,Valid
Chisinau,PM2.5 - Principal,2022-10-30 10:00 AM,2022,10,30,10,20.8,69,Moderate,21.0,UG/M3,1 Hr,Valid
Chisinau,PM2.5 - Principal,2022-10-30 11:00 AM,2022,10,30,11,20.0,68,Moderate,19.0,UG/M3,1 Hr,Valid
Chisinau,PM2.5 - Principal,2022-10-30 12:00 PM,2022,10,30,12,18.3,64,Moderate,16.0,UG/M3,1 Hr,Valid
Chisinau,PM2.5 - Principal,2022-10-30 01:00 PM,2022,10,30,13,16.5,60,Moderate,14.0,UG/M3,1 Hr,Valid
Chisinau,PM2.5 - Principal,2022-10-30 02:00 PM,2022,10,30,14,16.3,60,Moderate,16.0,UG/M3,1 Hr,Valid
Chisinau,PM2.5 - Principal,2022-10-30 03:00 PM,2022,10,30,15,15.3,58,Moderate,14.0,UG/M3,1 Hr,Valid
Chisinau,PM2.5 - Principal,2022-10-30 04:00 PM,2022,10,30,16,16.0,59,Moderate,17.0,UG/M3,1 Hr,Valid
Chisinau,PM2.5 - Principal,2022-10-30 05:00 PM,2022,10,30,17,16.4,60,Moderate,17.0,UG/M3,1 Hr,Valid
Chisinau,PM2.5 - Principal,2022-10-30 06:00 PM,2022,10,30,18,17.0,61,Moderate,18.0,UG/M3,1 Hr,Valid
Chisinau,PM2.5 - Principal,2022-10-30 07:00 PM,2022,10,30,19,16.6,60,Moderate,16.0,UG/M3,1 Hr,Valid
Chisinau,PM2.5 - Principal,2022-10-30 08:00 PM,2022,10,30,20,20.9,70,Moderate,26.0,UG/M3,1 Hr,Valid
Chisinau,PM2.5 - Principal,2022-10-30 09:00 PM,2022,10,30,21,21.4,71,Moderate,22.0,UG/M3,1 Hr,Valid
Chisinau,PM2.5 - Principal,2022-10-30 10:00 PM,2022,10,30,22,25.8,80,Moderate,30.0,UG/M3,1 Hr,Valid
Chisinau,PM2.5 - Principal,2022-10-30 11:00 PM,2022,10,30,23,22.4,73,Moderate,19.0,UG/M3,1 Hr,Valid
Chisinau,PM2.5 - Principal,2022-10-31 12:00 AM,2022,10,31,00,21.7,71,Moderate,21.0,UG/M3,1 Hr,Valid
Chisinau,PM2.5 - Principal,2022-10-31 01:00 AM,2022,10,31,01,19.3,66,Moderate,17.0,UG/M3,1 Hr,Valid
Chisinau,PM2.5 - Principal,2022-10-31 02:00 AM,2022,10,31,02,18.6,65,Moderate,18.0,UG/M3,1 Hr,Valid
Chisinau,PM2.5 - Principal,2022-10-31 03:00 AM,2022,10,31,03,18.4,64,Moderate,18.0,UG/M3,1 Hr,Valid
Chisinau,PM2.5 - Principal,2022-10-31 04:00 AM,2022,10,31,04,19.6,67,Moderate,21.0,UG/M3,1 Hr,Valid
Chisinau,PM2.5 - Principal,2022-10-31 05:00 AM,2022,10,31,05,16.8,61,Moderate,14.0,UG/M3,1 Hr,Valid
Chisinau,PM2.5 - Principal,2022-10-31 06:00 AM,2022,10,31,06,18.9,65,Moderate,21.0,UG/M3,1 Hr,Valid
Chisinau,PM2.5 - Principal,2022-10-31 07:00 AM,2022,10,31,07,20.4,68,Moderate,22.0,UG/M3,1 Hr,Valid
Chisinau,PM2.5 - Principal,2022-10-31 08:00 AM,2022,10,31,08,20.7,69,Moderate,21.0,UG/M3,1 Hr,Valid
Chisinau,PM2.5 - Principal,2022-10-31 09:00 AM,2022,10,31,09,21.3,70,Moderate,22.0,UG/M3,1 Hr,Valid
Chisinau,PM2.5 - Principal,2022-10-31 10:00 AM,2022,10,31,10,22.3,72,Moderate,24.0,UG/M3,1 Hr,Valid
Chisinau,PM2.5 - Principal,2022-10-31 11:00 AM,2022,10,31,11,21.3,70,Moderate,20.0,UG/M3,1 Hr,Valid
Chisinau,PM2.5 - Principal,2022-10-31 12:00 PM,2022,10,31,12,19.1,66,Moderate,16.0,UG/M3,1 Hr,Valid
Chisinau,PM2.5 - Principal,2022-10-31 01:00 PM,2022,10,31,13,18.2,64,Moderate,17.0,UG/M3,1 Hr,Valid
Chisinau,PM2.5 - Principal,2022-10-31 02:00 PM,2022,10,31,14,17.3,62,Moderate,16.0,UG/M3,1 Hr,Valid
Chisinau,PM2.5 - Principal,2022-10-31 03:00 PM,2022,10,31,15,16.3,60,Moderate,15.0,UG/M3,1 Hr,Valid
Chisinau,PM2.5 - Principal,2022-10-31 04:00 PM,2022,10,31,16,13.4,54,Moderate,11.0,UG/M3,1 Hr,Valid
Chisinau,PM2.5 - Principal,2022-10-31 05:00 PM,2022,10,31,17,12.7,52,Moderate,12.0,UG/M3,1 Hr,Valid
Chisinau,PM2.5 - Principal,2022-10-31 06:00 PM,2022,10,31,18,15.8,59,Moderate,19.0,UG/M3,1 Hr,Valid
Chisinau,PM2.5 - Principal,2022-10-31 07:00 PM,2022,10,31,19,22.9,74,Moderate,30.0,UG/M3,1 Hr,Valid
Chisinau,PM2.5 - Principal,2022-10-31 08:00 PM,2022,10,31,20,31.4,92,Moderate,40.0,UG/M3,1 Hr,Valid
Chisinau,PM2.5 - Principal,2022-10-31 09:00 PM,2022,10,31,21,34.2,97,Moderate,37.0,UG/M3,1 Hr,Valid
Chisinau,PM2.5 - Principal,2022-10-31 10:00 PM,2022,10,31,22,49.6,136,Unhealthy for Sensitive Groups,65.0,UG/M3,1 Hr,Valid
Chisinau,PM2.5 - Principal,2022-10-31 11:00 PM,2022,10,31,23,53.3,145,Unhealthy for Sensitive Groups,57.0,UG/M3,1 Hr,Valid
Chisinau,PM2.5 - Principal,2022-11-01 12:00 AM,2022,11,01,00,51.6,141,Unhealthy for Sensitive Groups,50.0,UG/M3,1 Hr,Valid
Chisinau,PM2.5 - Principal,2022-11-01 01:00 AM,2022,11,01,01,54.8,149,Unhealthy for Sensitive Groups,58.0,UG/M3,1 Hr,Valid
Chisinau,PM2.5 - Principal,2022-11-01 02:00 AM,2022,11,01,02,53.9,146,Unhealthy for Sensitive Groups,53.0,UG/M3,1 Hr,Valid
Chisinau,PM2.5 - Principal,2022-11-01 03:00 AM,2022,11,01,03,48.9,134,Unhealthy for Sensitive Groups,44.0,UG/M3,1 Hr,Valid
Chisinau,PM2.5 - Principal,2022-11-01 04:00 AM,2022,11,01,04,46.9,129,Unhealthy for Sensitive Groups,45.0,UG/M3,1 Hr,Valid
Chisinau,PM2.5 - Principal,2022-11-01 05:00 AM,2022,11,01,05,44.9,124,Unhealthy for Sensitive Groups,43.0,UG/M3,1 Hr,Valid
Chisinau,PM2.5 - Principal,2022-11-01 06:00 AM,2022,11,01,06,42.0,117,Unhealthy for Sensitive Groups,39.0,UG/M3,1 Hr,Valid
Chisinau,PM2.5 - Principal,2022-11-01 07:00 AM,2022,11,01,07,36.5,103,Unhealthy for Sensitive Groups,31.0,UG/M3,1 Hr,Valid
Chisinau,PM2.5 - Principal,2022-11-01 08:00 AM,2022,11,01,08,32.7,94,Moderate,29.0,UG/M3,1 Hr,Valid
Chisinau,PM2.5 - Principal,2022-11-01 09:00 AM,2022,11,01,09,32.3,93,Moderate,32.0,UG/M3,1 Hr,Valid
Chisinau,PM2.5 - Principal,2022-11-01 10:00 AM,2022,11,01,10,29.1,87,Moderate,26.0,UG/M3,1 Hr,Valid
Chisinau,PM2.5 - Principal,2022-11-01 11:00 AM,2022,11,01,11,31.5,92,Moderate,34.0,UG/M3,1 Hr,Valid
Chisinau,PM2.5 - Principal,2022-11-01 12:00 PM,2022,11,01,12,31.2,91,Moderate,31.0,UG/M3,1 Hr,Valid
Chisinau,PM2.5 - Principal,2022-11-01 01:00 PM,2022,11,01,13,29.1,87,Moderate,27.0,UG/M3,1 Hr,Valid
Chisinau,PM2.5 - Principal,2022-11-01 02:00 PM,2022,11,01,14,26.1,80,Moderate,23.0,UG/M3,1 Hr,Valid
Chisinau,PM2.5 - Principal,2022-11-01 03:00 PM,2022,11,01,15,25.1,78,Moderate,24.0,UG/M3,1 Hr,Valid
Chisinau,PM2.5 - Principal,2022-11-01 04:00 PM,2022,11,01,16,21.0,70,Moderate,17.0,UG/M3,1 Hr,Valid
Chisinau,PM2.5 - Principal,2022-11-01 05:00 PM,2022,11,01,17,22.5,73,Moderate,24.0,UG/M3,1 Hr,Valid
Chisinau,PM2.5 - Principal,2022-11-01 06:00 PM,2022,11,01,18,23.2,74,Moderate,24.0,UG/M3,1 Hr,Valid
Chisinau,PM2.5 - Principal,2022-11-01 07:00 PM,2022,11,01,19,25.6,79,Moderate,28.0,UG/M3,1 Hr,Valid
Chisinau,PM2.5 - Principal,2022-11-01 08:00 PM,2022,11,01,20,29.3,87,Moderate,33.0,UG/M3,1 Hr,Valid
Chisinau,PM2.5 - Principal,2022-11-01 09:00 PM,2022,11,01,21,27.6,84,Moderate,26.0,UG/M3,1 Hr,Valid
Chisinau,PM2.5 - Principal,2022-11-01 10:00 PM,2022,11,01,22,27.3,83,Moderate,27.0,UG/M3,1 Hr,Valid
Chisinau,PM2.5 - Principal,2022-11-01 11:00 PM,2022,11,01,23,28.1,85,Moderate,29.0,UG/M3,1 Hr,Valid
Chisinau,PM2.5 - Principal,2022-11-02 12:00 AM,2022,11,02,00,28.5,85,Moderate,29.0,UG/M3,1 Hr,Valid
Chisinau,PM2.5 - Principal,2022-11-02 01:00 AM,2022,11,02,01,27.3,83,Moderate,26.0,UG/M3,1 Hr,Valid
Chisinau,PM2.5 - Principal,2022-11-02 02:00 AM,2022,11,02,02,27.1,83,Moderate,27.0,UG/M3,1 Hr,Valid
Chisinau,PM2.5 - Principal,2022-11-02 03:00 AM,2022,11,02,03,26.1,80,Moderate,25.0,UG/M3,1 Hr,Valid
Chisinau,PM2.5 - Principal,2022-11-02 04:00 AM,2022,11,02,04,25.0,78,Moderate,22.0,UG/M3,1 Hr,Valid
Chisinau,PM2.5 - Principal,2022-11-02 05:00 AM,2022,11,02,05,24.6,77,Moderate,24.0,UG/M3,1 Hr,Valid
Chisinau,PM2.5 - Principal,2022-11-02 06:00 AM,2022,11,02,06,25.4,79,Moderate,27.0,UG/M3,1 Hr,Valid
Chisinau,PM2.5 - Principal,2022-11-02 07:00 AM,2022,11,02,07,25.9,80,Moderate,27.0,UG/M3,1 Hr,Valid
Chisinau,PM2.5 - Principal,2022-11-02 08:00 AM,2022,11,02,08,27.0,82,Moderate,30.0,UG/M3,1 Hr,Valid
Chisinau,PM2.5 - Principal,2022-11-02 09:00 AM,2022,11,02,09,27.0,82,Moderate,27.0,UG/M3,1 Hr,Valid
Chisinau,PM2.5 - Principal,2022-11-02 10:00 AM,2022,11,02,10,25.6,79,Moderate,22.0,UG/M3,1 Hr,Valid
Chisinau,PM2.5 - Principal,2022-11-02 11:00 AM,2022,11,02,11,25.9,80,Moderate,27.0,UG/M3,1 Hr,Valid
Chisinau,PM2.5 - Principal,2022-11-02 12:00 PM,2022,11,02,12,25.1,78,Moderate,23.0,UG/M3,1 Hr,Valid
Chisinau,PM2.5 - Principal,2022-11-02 01:00 PM,2022,11,02,13,22.7,73,Moderate,19.0,UG/M3,1 Hr,Valid
Chisinau,PM2.5 - Principal,2022-11-02 02:00 PM,2022,11,02,14,23.5,75,Moderate,25.0,UG/M3,1 Hr,Valid
Chisinau,PM2.5 - Principal,2022-11-02 03:00 PM,2022,11,02,15,24.0,76,Moderate,25.0,UG/M3,1 Hr,Valid
Chisinau,PM2.5 - Principal,2022-11-02 04:00 PM,2022,11,02,16,24.7,77,Moderate,26.0,UG/M3,1 Hr,Valid
Chisinau,PM2.5 - Principal,2022-11-02 05:00 PM,2022,11,02,17,27.2,83,Moderate,31.0,UG/M3,1 Hr,Valid
Chisinau,PM2.5 - Principal,2022-11-02 06:00 PM,2022,11,02,18,27.1,83,Moderate,27.0,UG/M3,1 Hr,Valid
Chisinau,PM2.5 - Principal,2022-11-02 07:00 PM,2022,11,02,19,29.7,88,Moderate,33.0,UG/M3,1 Hr,Valid
Chisinau,PM2.5 - Principal,2022-11-02 08:00 PM,2022,11,02,20,34.1,97,Moderate,38.0,UG/M3,1 Hr,Valid
Chisinau,PM2.5 - Principal,2022-11-02 09:00 PM,2022,11,02,21,30.5,90,Moderate,27.0,UG/M3,1 Hr,Valid
Chisinau,PM2.5 - Principal,2022-11-02 10:00 PM,2022,11,02,22,30.2,89,Moderate,30.0,UG/M3,1 Hr,Valid
Chisinau,PM2.5 - Principal,2022-11-02 11:00 PM,2022,11,02,23,30.6,90,Moderate,31.0,UG/M3,1 Hr,Valid
Chisinau,PM2.5 - Principal,2022-11-03 12:00 AM,2022,11,03,00,32.8,95,Moderate,35.0,UG/M3,1 Hr,Valid
Chisinau,PM2.5 - Principal,2022-11-03 01:00 AM,2022,11,03,01,32.0,93,Moderate,32.0,UG/M3,1 Hr,Valid
Chisinau,PM2.5 - Principal,2022-11-03 02:00 AM,2022,11,03,02,31.3,91,Moderate,30.0,UG/M3,1 Hr,Valid
Chisinau,PM2.5 - Principal,2022-11-03 03:00 AM,2022,11,03,03,28.0,84,Moderate,23.0,UG/M3,1 Hr,Valid
Chisinau,PM2.5 - Principal,2022-11-03 04:00 AM,2022,11,03,04,27.2,83,Moderate,26.0,UG/M3,1 Hr,Valid
Chisinau,PM2.5 - Principal,2022-11-03 05:00 AM,2022,11,03,05,24.2,76,Moderate,21.0,UG/M3,1 Hr,Valid
Chisinau,PM2.5 - Principal,2022-11-03 06:00 AM,2022,11,03,06,22.7,73,Moderate,21.0,UG/M3,1 Hr,Valid
Chisinau,PM2.5 - Principal,2022-11-03 07:00 AM,2022,11,03,07,23.7,75,Moderate,25.0,UG/M3,1 Hr,Valid
Chisinau,PM2.5 - Principal,2022-11-03 08:00 AM,2022,11,03,08,23.5,75,Moderate,23.0,UG/M3,1 Hr,Valid
Chisinau,PM2.5 - Principal,2022-11-03 09:00 AM,2022,11,03,09,24.9,78,Moderate,27.0,UG/M3,1 Hr,Valid
Chisinau,PM2.5 - Principal,2022-11-03 10:00 AM,2022,11,03,10,24.5,77,Moderate,24.0,UG/M3,1 Hr,Valid
Chisinau,PM2.5 - Principal,2022-11-03 11:00 AM,2022,11,03,11,23.9,76,Moderate,23.0,UG/M3,1 Hr,Valid
Chisinau,PM2.5 - Principal,2022-11-03 12:00 PM,2022,11,03,12,21.9,72,Moderate,19.0,UG/M3,1 Hr,Valid
Chisinau,PM2.5 - Principal,2022-11-03 01:00 PM,2022,11,03,13,19.6,67,Moderate,17.0,UG/M3,1 Hr,Valid
Chisinau,PM2.5 - Principal,2022-11-03 02:00 PM,2022,11,03,14,19.3,66,Moderate,18.0,UG/M3,1 Hr,Valid
Chisinau,PM2.5 - Principal,2022-11-03 03:00 PM,2022,11,03,15,18.8,65,Moderate,18.0,UG/M3,1 Hr,Valid
Chisinau,PM2.5 - Principal,2022-11-03 04:00 PM,2022,11,03,16,16.9,61,Moderate,15.0,UG/M3,1 Hr,Valid
Chisinau,PM2.5 - Principal,2022-11-03 05:00 PM,2022,11,03,17,16.9,61,Moderate,17.0,UG/M3,1 Hr,Valid
Chisinau,PM2.5 - Principal,2022-11-03 06:00 PM,2022,11,03,18,17.4,62,Moderate,18.0,UG/M3,1 Hr,Valid
Chisinau,PM2.5 - Principal,2022-11-03 07:00 PM,2022,11,03,19,19.9,67,Moderate,23.0,UG/M3,1 Hr,Valid
Chisinau,PM2.5 - Principal,2022-11-03 08:00 PM,2022,11,03,20,29.6,88,Moderate,39.0,UG/M3,1 Hr,Valid
Chisinau,PM2.5 - Principal,2022-11-03 09:00 PM,2022,11,03,21,36.3,103,Unhealthy for Sensitive Groups,43.0,UG/M3,1 Hr,Valid
Chisinau,PM2.5 - Principal,2022-11-03 10:00 PM,2022,11,03,22,45.6,126,Unhealthy for Sensitive Groups,55.0,UG/M3,1 Hr,Valid
Chisinau,PM2.5 - Principal,2022-11-03 11:00 PM,2022,11,03,23,46.8,129,Unhealthy for Sensitive Groups,48.0,UG/M3,1 Hr,Valid
Chisinau,PM2.5 - Principal,2022-11-04 12:00 AM,2022,11,04,00,48.4,133,Unhealthy for Sensitive Groups,50.0,UG/M3,1 Hr,Valid
Chisinau,PM2.5 - Principal,2022-11-04 01:00 AM,2022,11,04,01,48.7,134,Unhealthy for Sensitive Groups,49.0,UG/M3,1 Hr,Valid
Chisinau,PM2.5 - Principal,2022-11-04 02:00 AM,2022,11,04,02,47.3,130,Unhealthy for Sensitive Groups,46.0,UG/M3,1 Hr,Valid
Chisinau,PM2.5 - Principal,2022-11-04 03:00 AM,2022,11,04,03,40.6,114,Unhealthy for Sensitive Groups,34.0,UG/M3,1 Hr,Valid
Chisinau,PM2.5 - Principal,2022-11-04 04:00 AM,2022,11,04,04,42.3,118,Unhealthy for Sensitive Groups,44.0,UG/M3,1 Hr,Valid
Chisinau,PM2.5 - Principal,2022-11-04 05:00 AM,2022,11,04,05,41.1,115,Unhealthy for Sensitive Groups,40.0,UG/M3,1 Hr,Valid
Chisinau,PM2.5 - Principal,2022-11-04 06:00 AM,2022,11,04,06,41.5,116,Unhealthy for Sensitive Groups,42.0,UG/M3,1 Hr,Valid
Chisinau,PM2.5 - Principal,2022-11-04 07:00 AM,2022,11,04,07,37.0,105,Unhealthy for Sensitive Groups,31.0,UG/M3,1 Hr,Valid
Chisinau,PM2.5 - Principal,2022-11-04 08:00 AM,2022,11,04,08,39.6,111,Unhealthy for Sensitive Groups,43.0,UG/M3,1 Hr,Valid
Chisinau,PM2.5 - Principal,2022-11-04 09:00 AM,2022,11,04,09,38.9,109,Unhealthy for Sensitive Groups,38.0,UG/M3,1 Hr,Valid
Chisinau,PM2.5 - Principal,2022-11-04 10:00 AM,2022,11,04,10,42.4,118,Unhealthy for Sensitive Groups,48.0,UG/M3,1 Hr,Valid
Chisinau,PM2.5 - Principal,2022-11-04 11:00 AM,2022,11,04,11,44.5,123,Unhealthy for Sensitive Groups,48.0,UG/M3,1 Hr,Valid
Chisinau,PM2.5 - Principal,2022-11-04 12:00 PM,2022,11,04,12,37.7,106,Unhealthy for Sensitive Groups,28.0,UG/M3,1 Hr,Valid
Chisinau,PM2.5 - Principal,2022-11-04 01:00 PM,2022,11,04,13,25.9,80,Moderate,15.0,UG/M3,1 Hr,Valid
Chisinau,PM2.5 - Principal,2022-11-04 02:00 PM,2022,11,04,14,20.4,68,Moderate,15.0,UG/M3,1 Hr,Valid
Chisinau,PM2.5 - Principal,2022-11-04 03:00 PM,2022,11,04,15,18.7,65,Moderate,17.0,UG/M3,1 Hr,Valid
Chisinau,PM2.5 - Principal,2022-11-04 04:00 PM,2022,11,04,16,19.3,66,Moderate,20.0,UG/M3,1 Hr,Valid
Chisinau,PM2.5 - Principal,2022-11-04 05:00 PM,2022,11,04,17,20.6,69,Moderate,22.0,UG/M3,1 Hr,Valid
Chisinau,PM2.5 - Principal,2022-11-04 06:00 PM,2022,11,04,18,24.3,77,Moderate,28.0,UG/M3,1 Hr,Valid
Chisinau,PM2.5 - Principal,2022-11-04 07:00 PM,2022,11,04,19,24.1,76,Moderate,24.0,UG/M3,1 Hr,Valid
Chisinau,PM2.5 - Principal,2022-11-04 08:00 PM,2022,11,04,20,25.5,79,Moderate,27.0,UG/M3,1 Hr,Valid
Chisinau,PM2.5 - Principal,2022-11-04 09:00 PM,2022,11,04,21,23.2,74,Moderate,21.0,UG/M3,1 Hr,Valid
Chisinau,PM2.5 - Principal,2022-11-04 10:00 PM,2022,11,04,22,20.1,68,Moderate,17.0,UG/M3,1 Hr,Valid
Chisinau,PM2.5 - Principal,2022-11-04 11:00 PM,2022,11,04,23,22.5,73,Moderate,25.0,UG/M3,1 Hr,Valid
Chisinau,PM2.5 - Principal,2022-11-05 12:00 AM,2022,11,05,00,22.2,72,Moderate,22.0,UG/M3,1 Hr,Valid
Chisinau,PM2.5 - Principal,2022-11-05 01:00 AM,2022,11,05,01,24.4,77,Moderate,27.0,UG/M3,1 Hr,Valid
Chisinau,PM2.5 - Principal,2022-11-05 02:00 AM,2022,11,05,02,23.7,75,Moderate,23.0,UG/M3,1 Hr,Valid
Chisinau,PM2.5 - Principal,2022-11-05 03:00 AM,2022,11,05,03,22.2,72,Moderate,20.0,UG/M3,1 Hr,Valid
Chisinau,PM2.5 - Principal,2022-11-05 04:00 AM,2022,11,05,04,20.9,70,Moderate,19.0,UG/M3,1 Hr,Valid
Chisinau,PM2.5 - Principal,2022-11-05 05:00 AM,2022,11,05,05,17.2,62,Moderate,14.0,UG/M3,1 Hr,Valid
Chisinau,PM2.5 - Principal,2022-11-05 06:00 AM,2022,11,05,06,16.2,60,Moderate,15.0,UG/M3,1 Hr,Valid
Chisinau,PM2.5 - Principal,2022-11-05 07:00 AM,2022,11,05,07,17.5,62,Moderate,19.0,UG/M3,1 Hr,Valid
Chisinau,PM2.5 - Principal,2022-11-05 08:00 AM,2022,11,05,08,17.7,63,Moderate,18.0,UG/M3,1 Hr,Valid
Chisinau,PM2.5 - Principal,2022-11-05 09:00 AM,2022,11,05,09,16.9,61,Moderate,16.0,UG/M3,1 Hr,Valid
Chisinau,PM2.5 - Principal,2022-11-05 10:00 AM,2022,11,05,10,17.4,62,Moderate,18.0,UG/M3,1 Hr,Valid
Chisinau,PM2.5 - Principal,2022-11-05 11:00 AM,2022,11,05,11,16.2,60,Moderate,15.0,UG/M3,1 Hr,Valid
Chisinau,PM2.5 - Principal,2022-11-05 12:00 PM,2022,11,05,12,14.6,56,Moderate,13.0,UG/M3,1 Hr,Valid
Chisinau,PM2.5 - Principal,2022-11-05 01:00 PM,2022,11,05,13,15.8,59,Moderate,17.0,UG/M3,1 Hr,Valid
Chisinau,PM2.5 - Principal,2022-11-05 02:00 PM,2022,11,05,14,14.8,57,Moderate,13.0,UG/M3,1 Hr,Valid
Chisinau,PM2.5 - Principal,2022-11-05 03:00 PM,2022,11,05,15,17.6,63,Moderate,22.0,UG/M3,1 Hr,Valid
Chisinau,PM2.5 - Principal,2022-11-05 04:00 PM,2022,11,05,16,17.3,62,Moderate,17.0,UG/M3,1 Hr,Valid
Chisinau,PM2.5 - Principal,2022-11-05 05:00 PM,2022,11,05,17,17.2,62,Moderate,17.0,UG/M3,1 Hr,Valid
Chisinau,PM2.5 - Principal,2022-11-05 06:00 PM,2022,11,05,18,17.1,62,Moderate,17.0,UG/M3,1 Hr,Valid
Chisinau,PM2.5 - Principal,2022-11-05 07:00 PM,2022,11,05,19,17.1,62,Moderate,-999.0,UG/M3,1 Hr,Missing
Chisinau,PM2.5 - Principal,2022-11-05 08:00 PM,2022,11,05,20,18.1,64,Moderate,19.0,UG/M3,1 Hr,Valid
Chisinau,PM2.5 - Principal,2022-11-05 09:00 PM,2022,11,05,21,19.5,67,Moderate,21.0,UG/M3,1 Hr,Valid
Chisinau,PM2.5 - Principal,2022-11-05 10:00 PM,2022,11,05,22,19.7,67,Moderate,20.0,UG/M3,1 Hr,Valid
Chisinau,PM2.5 - Principal,2022-11-05 11:00 PM,2022,11,05,23,19.4,66,Moderate,19.0,UG/M3,1 Hr,Valid
Chisinau,PM2.5 - Principal,2022-11-06 12:00 AM,2022,11,06,00,18.8,65,Moderate,18.0,UG/M3,1 Hr,Valid
Chisinau,PM2.5 - Principal,2022-11-06 01:00 AM,2022,11,06,01,17.6,63,Moderate,16.0,UG/M3,1 Hr,Valid
Chisinau,PM2.5 - Principal,2022-11-06 02:00 AM,2022,11,06,02,16.9,61,Moderate,15.0,UG/M3,1 Hr,Valid
Chisinau,PM2.5 - Principal,2022-11-06 03:00 AM,2022,11,06,03,15.2,58,Moderate,13.0,UG/M3,1 Hr,Valid
Chisinau,PM2.5 - Principal,2022-11-06 04:00 AM,2022,11,06,04,15.1,57,Moderate,15.0,UG/M3,1 Hr,Valid
Chisinau,PM2.5 - Principal,2022-11-06 05:00 AM,2022,11,06,05,16.6,60,Moderate,19.0,UG/M3,1 Hr,Valid
Chisinau,PM2.5 - Principal,2022-11-06 06:00 AM,2022,11,06,06,17.5,62,Moderate,19.0,UG/M3,1 Hr,Valid
Chisinau,PM2.5 - Principal,2022-11-06 07:00 AM,2022,11,06,07,20.0,68,Moderate,23.0,UG/M3,1 Hr,Valid
Chisinau,PM2.5 - Principal,2022-11-06 08:00 AM,2022,11,06,08,18.2,64,Moderate,16.0,UG/M3,1 Hr,Valid
Chisinau,PM2.5 - Principal,2022-11-06 09:00 AM,2022,11,06,09,18.1,64,Moderate,18.0,UG/M3,1 Hr,Valid
Chisinau,PM2.5 - Principal,2022-11-06 10:00 AM,2022,11,06,10,17.2,62,Moderate,16.0,UG/M3,1 Hr,Valid
Chisinau,PM2.5 - Principal,2022-11-06 11:00 AM,2022,11,06,11,17.1,62,Moderate,17.0,UG/M3,1 Hr,Valid
Chisinau,PM2.5 - Principal,2022-11-06 12:00 PM,2022,11,06,12,18.3,64,Moderate,20.0,UG/M3,1 Hr,Valid
Chisinau,PM2.5 - Principal,2022-11-06 01:00 PM,2022,11,06,13,19.0,66,Moderate,20.0,UG/M3,1 Hr,Valid
Chisinau,PM2.5 - Principal,2022-11-06 02:00 PM,2022,11,06,14,20.7,69,Moderate,23.0,UG/M3,1 Hr,Valid
Chisinau,PM2.5 - Principal,2022-11-06 03:00 PM,2022,11,06,15,21.2,70,Moderate,23.0,UG/M3,1 Hr,Valid
Chisinau,PM2.5 - Principal,2022-11-06 04:00 PM,2022,11,06,16,23.8,76,Moderate,27.0,UG/M3,1 Hr,Valid
Chisinau,PM2.5 - Principal,2022-11-06 05:00 PM,2022,11,06,17,28.2,85,Moderate,32.0,UG/M3,1 Hr,Valid
Chisinau,PM2.5 - Principal,2022-11-06 06:00 PM,2022,11,06,18,29.6,88,Moderate,31.0,UG/M3,1 Hr,Valid
Chisinau,PM2.5 - Principal,2022-11-06 07:00 PM,2022,11,06,19,28.3,85,Moderate,27.0,UG/M3,1 Hr,Valid
Chisinau,PM2.5 - Principal,2022-11-06 08:00 PM,2022,11,06,20,27.6,84,Moderate,27.0,UG/M3,1 Hr,Valid
Chisinau,PM2.5 - Principal,2022-11-06 09:00 PM,2022,11,06,21,24.3,77,Moderate,21.0,UG/M3,1 Hr,Valid
Chisinau,PM2.5 - Principal,2022-11-06 10:00 PM,2022,11,06,22,23.8,76,Moderate,23.0,UG/M3,1 Hr,Valid
Chisinau,PM2.5 - Principal,2022-11-06 11:00 PM,2022,11,06,23,24.2,76,Moderate,24.0,UG/M3,1 Hr,Valid
Chisinau,PM2.5 - Principal,2022-11-07 12:00 AM,2022,11,07,00,20.6,69,Moderate,17.0,UG/M3,1 Hr,Valid
Chisinau,PM2.5 - Principal,2022-11-07 01:00 AM,2022,11,07,01,20.3,68,Moderate,20.0,UG/M3,1 Hr,Valid
Chisinau,PM2.5 - Principal,2022-11-07 02:00 AM,2022,11,07,02,20.1,68,Moderate,20.0,UG/M3,1 Hr,Valid
Chisinau,PM2.5 - Principal,2022-11-07 03:00 AM,2022,11,07,03,19.1,66,Moderate,18.0,UG/M3,1 Hr,Valid
Chisinau,PM2.5 - Principal,2022-11-07 04:00 AM,2022,11,07,04,18.6,65,Moderate,18.0,UG/M3,1 Hr,Valid
Chisinau,PM2.5 - Principal,2022-11-07 05:00 AM,2022,11,07,05,18.8,65,Moderate,19.0,UG/M3,1 Hr,Valid
Chisinau,PM2.5 - Principal,2022-11-07 06:00 AM,2022,11,07,06,18.9,65,Moderate,19.0,UG/M3,1 Hr,Valid
Chisinau,PM2.5 - Principal,2022-11-07 07:00 AM,2022,11,07,07,18.2,64,Moderate,17.0,UG/M3,1 Hr,Valid
Chisinau,PM2.5 - Principal,2022-11-07 08:00 AM,2022,11,07,08,19.1,66,Moderate,21.0,UG/M3,1 Hr,Valid
Chisinau,PM2.5 - Principal,2022-11-07 09:00 AM,2022,11,07,09,19.7,67,Moderate,21.0,UG/M3,1 Hr,Valid
Chisinau,PM2.5 - Principal,2022-11-07 10:00 AM,2022,11,07,10,20.3,68,Moderate,22.0,UG/M3,1 Hr,Valid
Chisinau,PM2.5 - Principal,2022-11-07 11:00 AM,2022,11,07,11,19.3,66,Moderate,17.0,UG/M3,1 Hr,Valid
Chisinau,PM2.5 - Principal,2022-11-07 12:00 PM,2022,11,07,12,19.0,66,Moderate,18.0,UG/M3,1 Hr,Valid
Chisinau,PM2.5 - Principal,2022-11-07 01:00 PM,2022,11,07,13,19.5,67,Moderate,21.0,UG/M3,1 Hr,Valid
Chisinau,PM2.5 - Principal,2022-11-07 02:00 PM,2022,11,07,14,19.1,66,Moderate,18.0,UG/M3,1 Hr,Valid
Chisinau,PM2.5 - Principal,2022-11-07 03:00 PM,2022,11,07,15,19.1,66,Moderate,19.0,UG/M3,1 Hr,Valid
Chisinau,PM2.5 - Principal,2022-11-07 04:00 PM,2022,11,07,16,18.2,64,Moderate,16.0,UG/M3,1 Hr,Valid
Chisinau,PM2.5 - Principal,2022-11-07 05:00 PM,2022,11,07,17,18.7,65,Moderate,20.0,UG/M3,1 Hr,Valid
Chisinau,PM2.5 - Principal,2022-11-07 06:00 PM,2022,11,07,18,24.6,77,Moderate,31.0,UG/M3,1 Hr,Valid
Chisinau,PM2.5 - Principal,2022-11-07 07:00 PM,2022,11,07,19,30.9,91,Moderate,37.0,UG/M3,1 Hr,Valid
Chisinau,PM2.5 - Principal,2022-11-07 08:00 PM,2022,11,07,20,38.4,108,Unhealthy for Sensitive Groups,46.0,UG/M3,1 Hr,Valid
Chisinau,PM2.5 - Principal,2022-11-07 09:00 PM,2022,11,07,21,38.2,108,Unhealthy for Sensitive Groups,38.0,UG/M3,1 Hr,Valid
Chisinau,PM2.5 - Principal,2022-11-07 10:00 PM,2022,11,07,22,34.6,98,Moderate,31.0,UG/M3,1 Hr,Valid
Chisinau,PM2.5 - Principal,2022-11-07 11:00 PM,2022,11,07,23,30.3,89,Moderate,26.0,UG/M3,1 Hr,Valid
Chisinau,PM2.5 - Principal,2022-11-08 12:00 AM,2022,11,08,00,30.1,89,Moderate,30.0,UG/M3,1 Hr,Valid
Chisinau,PM2.5 - Principal,2022-11-08 01:00 AM,2022,11,08,01,36.0,102,Unhealthy for Sensitive Groups,42.0,UG/M3,1 Hr,Valid
Chisinau,PM2.5 - Principal,2022-11-08 02:00 AM,2022,11,08,02,35.0,99,Moderate,34.0,UG/M3,1 Hr,Valid
Chisinau,PM2.5 - Principal,2022-11-08 03:00 AM,2022,11,08,03,32.0,93,Moderate,29.0,UG/M3,1 Hr,Valid
Chisinau,PM2.5 - Principal,2022-11-08 04:00 AM,2022,11,08,04,31.0,91,Moderate,30.0,UG/M3,1 Hr,Valid
Chisinau,PM2.5 - Principal,2022-11-08 05:00 AM,2022,11,08,05,29.8,88,Moderate,28.0,UG/M3,1 Hr,Valid
Chisinau,PM2.5 - Principal,2022-11-08 06:00 AM,2022,11,08,06,29.0,87,Moderate,28.0,UG/M3,1 Hr,Valid
Chisinau,PM2.5 - Principal,2022-11-08 07:00 AM,2022,11,08,07,27.1,83,Moderate,25.0,UG/M3,1 Hr,Valid
Chisinau,PM2.5 - Principal,2022-11-08 08:00 AM,2022,11,08,08,28.9,86,Moderate,31.0,UG/M3,1 Hr,Valid
Chisinau,PM2.5 - Principal,2022-11-08 09:00 AM,2022,11,08,09,28.9,86,Moderate,29.0,UG/M3,1 Hr,Valid
Chisinau,PM2.5 - Principal,2022-11-08 10:00 AM,2022,11,08,10,30.9,91,Moderate,34.0,UG/M3,1 Hr,Valid
Chisinau,PM2.5 - Principal,2022-11-08 11:00 AM,2022,11,08,11,30.5,90,Moderate,30.0,UG/M3,1 Hr,Valid
Chisinau,PM2.5 - Principal,2022-11-08 12:00 PM,2022,11,08,12,27.2,83,Moderate,23.0,UG/M3,1 Hr,Valid
Chisinau,PM2.5 - Principal,2022-11-08 01:00 PM,2022,11,08,13,22.7,73,Moderate,18.0,UG/M3,1 Hr,Valid
Chisinau,PM2.5 - Principal,2022-11-08 02:00 PM,2022,11,08,14,21.9,72,Moderate,21.0,UG/M3,1 Hr,Valid
Chisinau,PM2.5 - Principal,2022-11-08 03:00 PM,2022,11,08,15,23.8,76,Moderate,26.0,UG/M3,1 Hr,Valid
Chisinau,PM2.5 - Principal,2022-11-08 04:00 PM,2022,11,08,16,24.3,77,Moderate,25.0,UG/M3,1 Hr,Valid
Chisinau,PM2.5 - Principal,2022-11-08 05:00 PM,2022,11,08,17,92.2,170,Unhealthy,160.0,UG/M3,1 Hr,Valid
Chisinau,PM2.5 - Principal,2022-11-08 06:00 PM,2022,11,08,18,61.1,154,Unhealthy,30.0,UG/M3,1 Hr,Valid
Chisinau,PM2.5 - Principal,2022-11-08 07:00 PM,2022,11,08,19,61.5,154,Unhealthy,62.0,UG/M3,1 Hr,Valid
Chisinau,PM2.5 - Principal,2022-11-08 08:00 PM,2022,11,08,20,71.7,159,Unhealthy,82.0,UG/M3,1 Hr,Valid
Chisinau,PM2.5 - Principal,2022-11-08 09:00 PM,2022,11,08,21,76.4,162,Unhealthy,81.0,UG/M3,1 Hr,Valid
Chisinau,PM2.5 - Principal,2022-11-08 10:00 PM,2022,11,08,22,86.7,167,Unhealthy,97.0,UG/M3,1 Hr,Valid
Chisinau,PM2.5 - Principal,2022-11-08 11:00 PM,2022,11,08,23,87.8,168,Unhealthy,89.0,UG/M3,1 Hr,Valid
Chisinau,PM2.5 - Principal,2022-11-09 12:00 AM,2022,11,09,00,90.4,169,Unhealthy,93.0,UG/M3,1 Hr,Valid
Chisinau,PM2.5 - Principal,2022-11-09 01:00 AM,2022,11,09,01,91.2,169,Unhealthy,92.0,UG/M3,1 Hr,Valid
Chisinau,PM2.5 - Principal,2022-11-09 02:00 AM,2022,11,09,02,90.1,169,Unhealthy,89.0,UG/M3,1 Hr,Valid
Chisinau,PM2.5 - Principal,2022-11-09 03:00 AM,2022,11,09,03,94.0,171,Unhealthy,98.0,UG/M3,1 Hr,Valid
Chisinau,PM2.5 - Principal,2022-11-09 04:00 AM,2022,11,09,04,84.0,166,Unhealthy,74.0,UG/M3,1 Hr,Valid
Chisinau,PM2.5 - Principal,2022-11-09 05:00 AM,2022,11,09,05,76.0,162,Unhealthy,68.0,UG/M3,1 Hr,Valid
Chisinau,PM2.5 - Principal,2022-11-09 06:00 AM,2022,11,09,06,74.7,161,Unhealthy,67.0,UG/M3,1 Hr,Valid
Chisinau,PM2.5 - Principal,2022-11-09 07:00 AM,2022,11,09,07,69.3,158,Unhealthy,61.0,UG/M3,1 Hr,Valid
Chisinau,PM2.5 - Principal,2022-11-09 08:00 AM,2022,11,09,08,66.1,156,Unhealthy,61.0,UG/M3,1 Hr,Valid
Chisinau,PM2.5 - Principal,2022-11-09 09:00 AM,2022,11,09,09,65.3,156,Unhealthy,64.0,UG/M3,1 Hr,Valid
Chisinau,PM2.5 - Principal,2022-11-09 10:00 AM,2022,11,09,10,71.9,159,Unhealthy,83.0,UG/M3,1 Hr,Valid
Chisinau,PM2.5 - Principal,2022-11-09 11:00 AM,2022,11,09,11,75.0,161,Unhealthy,80.0,UG/M3,1 Hr,Valid
Chisinau,PM2.5 - Principal,2022-11-09 12:00 PM,2022,11,09,12,70.0,158,Unhealthy,62.0,UG/M3,1 Hr,Valid
Chisinau,PM2.5 - Principal,2022-11-09 01:00 PM,2022,11,09,13,58.1,152,Unhealthy,47.0,UG/M3,1 Hr,Valid
Chisinau,PM2.5 - Principal,2022-11-09 02:00 PM,2022,11,09,14,44.5,123,Unhealthy for Sensitive Groups,31.0,UG/M3,1 Hr,Valid
Chisinau,PM2.5 - Principal,2022-11-09 03:00 PM,2022,11,09,15,30.7,90,Moderate,17.0,UG/M3,1 Hr,Valid
Chisinau,PM2.5 - Principal,2022-11-09 04:00 PM,2022,11,09,16,25.3,79,Moderate,20.0,UG/M3,1 Hr,Valid
Chisinau,PM2.5 - Principal,2022-11-09 05:00 PM,2022,11,09,17,24.1,76,Moderate,23.0,UG/M3,1 Hr,Valid
Chisinau,PM2.5 - Principal,2022-11-09 06:00 PM,2022,11,09,18,24.0,76,Moderate,24.0,UG/M3,1 Hr,Valid
Chisinau,PM2.5 - Principal,2022-11-09 07:00 PM,2022,11,09,19,23.5,75,Moderate,23.0,UG/M3,1 Hr,Valid
Chisinau,PM2.5 - Principal,2022-11-09 08:00 PM,2022,11,09,20,25.2,79,Moderate,27.0,UG/M3,1 Hr,Valid
Chisinau,PM2.5 - Principal,2022-11-09 09:00 PM,2022,11,09,21,25.1,78,Moderate,25.0,UG/M3,1 Hr,Valid
Chisinau,PM2.5 - Principal,2022-11-09 10:00 PM,2022,11,09,22,24.5,77,Moderate,24.0,UG/M3,1 Hr,Valid
Chisinau,PM2.5 - Principal,2022-11-09 11:00 PM,2022,11,09,23,22.2,72,Moderate,20.0,UG/M3,1 Hr,Valid
Chisinau,PM2.5 - Principal,2022-11-10 12:00 AM,2022,11,10,00,23.1,74,Moderate,24.0,UG/M3,1 Hr,Valid
Chisinau,PM2.5 - Principal,2022-11-10 01:00 AM,2022,11,10,01,23.0,74,Moderate,23.0,UG/M3,1 Hr,Valid
Chisinau,PM2.5 - Principal,2022-11-10 02:00 AM,2022,11,10,02,23.4,75,Moderate,24.0,UG/M3,1 Hr,Valid
Chisinau,PM2.5 - Principal,2022-11-10 03:00 AM,2022,11,10,03,21.6,71,Moderate,18.0,UG/M3,1 Hr,Valid
Chisinau,PM2.5 - Principal,2022-11-10 04:00 AM,2022,11,10,04,21.4,71,Moderate,21.0,UG/M3,1 Hr,Valid
Chisinau,PM2.5 - Principal,2022-11-10 05:00 AM,2022,11,10,05,20.2,68,Moderate,18.0,UG/M3,1 Hr,Valid
Chisinau,PM2.5 - Principal,2022-11-10 06:00 AM,2022,11,10,06,19.8,67,Moderate,19.0,UG/M3,1 Hr,Valid
Chisinau,PM2.5 - Principal,2022-11-10 07:00 AM,2022,11,10,07,20.5,69,Moderate,22.0,UG/M3,1 Hr,Valid
Chisinau,PM2.5 - Principal,2022-11-10 08:00 AM,2022,11,10,08,18.3,64,Moderate,15.0,UG/M3,1 Hr,Valid
Chisinau,PM2.5 - Principal,2022-11-10 09:00 AM,2022,11,10,09,18.6,65,Moderate,19.0,UG/M3,1 Hr,Valid
Chisinau,PM2.5 - Principal,2022-11-10 10:00 AM,2022,11,10,10,19.1,66,Moderate,20.0,UG/M3,1 Hr,Valid
Chisinau,PM2.5 - Principal,2022-11-10 11:00 AM,2022,11,10,11,18.3,64,Moderate,17.0,UG/M3,1 Hr,Valid
Chisinau,PM2.5 - Principal,2022-11-10 12:00 PM,2022,11,10,12,17.0,61,Moderate,15.0,UG/M3,1 Hr,Valid
Chisinau,PM2.5 - Principal,2022-11-10 01:00 PM,2022,11,10,13,17.0,61,Moderate,17.0,UG/M3,1 Hr,Valid
Chisinau,PM2.5 - Principal,2022-11-10 02:00 PM,2022,11,10,14,16.4,60,Moderate,15.0,UG/M3,1 Hr,Valid
Chisinau,PM2.5 - Principal,2022-11-10 03:00 PM,2022,11,10,15,15.9,59,Moderate,15.0,UG/M3,1 Hr,Valid
Chisinau,PM2.5 - Principal,2022-11-10 04:00 PM,2022,11,10,16,16.3,60,Moderate,17.0,UG/M3,1 Hr,Valid
Chisinau,PM2.5 - Principal,2022-11-10 05:00 PM,2022,11,10,17,17.1,62,Moderate,19.0,UG/M3,1 Hr,Valid
Chisinau,PM2.5 - Principal,2022-11-10 06:00 PM,2022,11,10,18,17.4,62,Moderate,18.0,UG/M3,1 Hr,Valid
Chisinau,PM2.5 - Principal,2022-11-10 07:00 PM,2022,11,10,19,21.8,71,Moderate,27.0,UG/M3,1 Hr,Valid
Chisinau,PM2.5 - Principal,2022-11-10 08:00 PM,2022,11,10,20,28.7,86,Moderate,35.0,UG/M3,1 Hr,Valid
Chisinau,PM2.5 - Principal,2022-11-10 09:00 PM,2022,11,10,21,24.8,78,Moderate,21.0,UG/M3,1 Hr,Valid
Chisinau,PM2.5 - Principal,2022-11-10 10:00 PM,2022,11,10,22,24.4,77,Moderate,24.0,UG/M3,1 Hr,Valid
Chisinau,PM2.5 - Principal,2022-11-10 11:00 PM,2022,11,10,23,23.7,75,Moderate,23.0,UG/M3,1 Hr,Valid
Chisinau,PM2.5 - Principal,2022-11-11 12:00 AM,2022,11,11,00,23.8,76,Moderate,24.0,UG/M3,1 Hr,Valid
Chisinau,PM2.5 - Principal,2022-11-11 01:00 AM,2022,11,11,01,25.4,79,Moderate,27.0,UG/M3,1 Hr,Valid
Chisinau,PM2.5 - Principal,2022-11-11 02:00 AM,2022,11,11,02,31.2,91,Moderate,37.0,UG/M3,1 Hr,Valid
Chisinau,PM2.5 - Principal,2022-11-11 03:00 AM,2022,11,11,03,41.1,115,Unhealthy for Sensitive Groups,51.0,UG/M3,1 Hr,Valid
Chisinau,PM2.5 - Principal,2022-11-11 04:00 AM,2022,11,11,04,53.0,144,Unhealthy for Sensitive Groups,65.0,UG/M3,1 Hr,Valid
Chisinau,PM2.5 - Principal,2022-11-11 05:00 AM,2022,11,11,05,49.5,135,Unhealthy for Sensitive Groups,46.0,UG/M3,1 Hr,Valid
Chisinau,PM2.5 - Principal,2022-11-11 06:00 AM,2022,11,11,06,46.7,129,Unhealthy for Sensitive Groups,44.0,UG/M3,1 Hr,Valid
Chisinau,PM2.5 - Principal,2022-11-11 07:00 AM,2022,11,11,07,36.8,104,Unhealthy for Sensitive Groups,27.0,UG/M3,1 Hr,Valid
Chisinau,PM2.5 - Principal,2022-11-11 08:00 AM,2022,11,11,08,31.4,92,Moderate,26.0,UG/M3,1 Hr,Valid
Chisinau,PM2.5 - Principal,2022-11-11 09:00 AM,2022,11,11,09,28.7,86,Moderate,26.0,UG/M3,1 Hr,Valid
Chisinau,PM2.5 - Principal,2022-11-11 10:00 AM,2022,11,11,10,28.7,86,Moderate,-999.0,UG/M3,1 Hr,Missing
Chisinau,PM2.5 - Principal,2022-11-11 11:00 AM,2022,11,11,11,24.2,76,Moderate,22.0,UG/M3,1 Hr,Valid
Chisinau,PM2.5 - Principal,2022-11-11 12:00 PM,2022,11,11,12,24.1,76,Moderate,24.0,UG/M3,1 Hr,Valid
Chisinau,PM2.5 - Principal,2022-11-11 01:00 PM,2022,11,11,13,21.3,70,Moderate,19.0,UG/M3,1 Hr,Valid
Chisinau,PM2.5 - Principal,2022-11-11 02:00 PM,2022,11,11,14,22.2,72,Moderate,23.0,UG/M3,1 Hr,Valid
Chisinau,PM2.5 - Principal,2022-11-11 03:00 PM,2022,11,11,15,22.1,72,Moderate,22.0,UG/M3,1 Hr,Valid
Chisinau,PM2.5 - Principal,2022-11-11 04:00 PM,2022,11,11,16,20.5,69,Moderate,19.0,UG/M3,1 Hr,Valid
Chisinau,PM2.5 - Principal,2022-11-11 05:00 PM,2022,11,11,17,20.7,69,Moderate,21.0,UG/M3,1 Hr,Valid
Chisinau,PM2.5 - Principal,2022-11-11 06:00 PM,2022,11,11,18,22.0,72,Moderate,24.0,UG/M3,1 Hr,Valid
Chisinau,PM2.5 - Principal,2022-11-11 07:00 PM,2022,11,11,19,23.9,76,Moderate,28.0,UG/M3,1 Hr,Valid
Chisinau,PM2.5 - Principal,2022-11-11 08:00 PM,2022,11,11,20,26.9,82,Moderate,31.0,UG/M3,1 Hr,Valid
Chisinau,PM2.5 - Principal,2022-11-11 09:00 PM,2022,11,11,21,29.1,87,Moderate,32.0,UG/M3,1 Hr,Valid
Chisinau,PM2.5 - Principal,2022-11-11 10:00 PM,2022,11,11,22,36.5,103,Unhealthy for Sensitive Groups,43.0,UG/M3,1 Hr,Valid
Chisinau,PM2.5 - Principal,2022-11-11 11:00 PM,2022,11,11,23,33.7,96,Moderate,31.0,UG/M3,1 Hr,Valid
Chisinau,PM2.5 - Principal,2022-11-12 12:00 AM,2022,11,12,00,30.3,89,Moderate,27.0,UG/M3,1 Hr,Valid
Chisinau,PM2.5 - Principal,2022-11-12 01:00 AM,2022,11,12,01,32.6,94,Moderate,35.0,UG/M3,1 Hr,Valid
Chisinau,PM2.5 - Principal,2022-11-12 02:00 AM,2022,11,12,02,31.3,91,Moderate,30.0,UG/M3,1 Hr,Valid
Chisinau,PM2.5 - Principal,2022-11-12 03:00 AM,2022,11,12,03,28.1,85,Moderate,25.0,UG/M3,1 Hr,Valid
Chisinau,PM2.5 - Principal,2022-11-12 04:00 AM,2022,11,12,04,27.0,82,Moderate,26.0,UG/M3,1 Hr,Valid
Chisinau,PM2.5 - Principal,2022-11-12 05:00 AM,2022,11,12,05,27.6,84,Moderate,28.0,UG/M3,1 Hr,Valid
Chisinau,PM2.5 - Principal,2022-11-12 06:00 AM,2022,11,12,06,24.8,78,Moderate,22.0,UG/M3,1 Hr,Valid
Chisinau,PM2.5 - Principal,2022-11-12 07:00 AM,2022,11,12,07,22.8,74,Moderate,21.0,UG/M3,1 Hr,Valid
Chisinau,PM2.5 - Principal,2022-11-12 08:00 AM,2022,11,12,08,22.4,73,Moderate,22.0,UG/M3,1 Hr,Valid
Chisinau,PM2.5 - Principal,2022-11-12 09:00 AM,2022,11,12,09,21.7,71,Moderate,21.0,UG/M3,1 Hr,Valid
Chisinau,PM2.5 - Principal,2022-11-12 10:00 AM,2022,11,12,10,22.5,73,Moderate,23.0,UG/M3,1 Hr,Valid
Chisinau,PM2.5 - Principal,2022-11-12 11:00 AM,2022,11,12,11,23.4,75,Moderate,25.0,UG/M3,1 Hr,Valid
Chisinau,PM2.5 - Principal,2022-11-12 12:00 PM,2022,11,12,12,24.8,78,Moderate,27.0,UG/M3,1 Hr,Valid
Chisinau,PM2.5 - Principal,2022-11-12 01:00 PM,2022,11,12,13,27.7,84,Moderate,33.0,UG/M3,1 Hr,Valid
Chisinau,PM2.5 - Principal,2022-11-12 02:00 PM,2022,11,12,14,28.9,86,Moderate,31.0,UG/M3,1 Hr,Valid
Chisinau,PM2.5 - Principal,2022-11-12 03:00 PM,2022,11,12,15,23.0,74,Moderate,16.0,UG/M3,1 Hr,Valid
Chisinau,PM2.5 - Principal,2022-11-12 04:00 PM,2022,11,12,16,19.0,66,Moderate,15.0,UG/M3,1 Hr,Valid
Chisinau,PM2.5 - Principal,2022-11-12 05:00 PM,2022,11,12,17,17.0,61,Moderate,15.0,UG/M3,1 Hr,Valid
Chisinau,PM2.5 - Principal,2022-11-12 06:00 PM,2022,11,12,18,18.5,64,Moderate,20.0,UG/M3,1 Hr,Valid
Chisinau,PM2.5 - Principal,2022-11-12 07:00 PM,2022,11,12,19,22.2,72,Moderate,26.0,UG/M3,1 Hr,Valid
Chisinau,PM2.5 - Principal,2022-11-12 08:00 PM,2022,11,12,20,30.1,89,Moderate,38.0,UG/M3,1 Hr,Valid
Chisinau,PM2.5 - Principal,2022-11-12 09:00 PM,2022,11,12,21,44.0,122,Unhealthy for Sensitive Groups,58.0,UG/M3,1 Hr,Valid
Chisinau,PM2.5 - Principal,2022-11-12 10:00 PM,2022,11,12,22,55.0,149,Unhealthy for Sensitive Groups,66.0,UG/M3,1 Hr,Valid
Chisinau,PM2.5 - Principal,2022-11-12 11:00 PM,2022,11,12,23,59.5,153,Unhealthy,64.0,UG/M3,1 Hr,Valid
Chisinau,PM2.5 - Principal,2022-11-13 12:00 AM,2022,11,13,00,60.2,153,Unhealthy,61.0,UG/M3,1 Hr,Valid
Chisinau,PM2.5 - Principal,2022-11-13 01:00 AM,2022,11,13,01,62.6,155,Unhealthy,65.0,UG/M3,1 Hr,Valid
Chisinau,PM2.5 - Principal,2022-11-13 02:00 AM,2022,11,13,02,62.3,155,Unhealthy,62.0,UG/M3,1 Hr,Valid
Chisinau,PM2.5 - Principal,2022-11-13 03:00 AM,2022,11,13,03,59.6,153,Unhealthy,57.0,UG/M3,1 Hr,Valid
Chisinau,PM2.5 - Principal,2022-11-13 04:00 AM,2022,11,13,04,53.3,145,Unhealthy for Sensitive Groups,47.0,UG/M3,1 Hr,Valid
Chisinau,PM2.5 - Principal,2022-11-13 05:00 AM,2022,11,13,05,46.1,127,Unhealthy for Sensitive Groups,39.0,UG/M3,1 Hr,Valid
Chisinau,PM2.5 - Principal,2022-11-13 06:00 AM,2022,11,13,06,42.0,117,Unhealthy for Sensitive Groups,38.0,UG/M3,1 Hr,Valid
Chisinau,PM2.5 - Principal,2022-11-13 07:00 AM,2022,11,13,07,39.8,112,Unhealthy for Sensitive Groups,36.0,UG/M3,1 Hr,Valid
Chisinau,PM2.5 - Principal,2022-11-13 08:00 AM,2022,11,13,08,35.0,99,Moderate,31.0,UG/M3,1 Hr,Valid
Chisinau,PM2.5 - Principal,2022-11-13 09:00 AM,2022,11,13,09,33.0,95,Moderate,31.0,UG/M3,1 Hr,Valid
Chisinau,PM2.5 - Principal,2022-11-13 10:00 AM,2022,11,13,10,34.5,98,Moderate,36.0,UG/M3,1 Hr,Valid
Chisinau,PM2.5 - Principal,2022-11-13 11:00 AM,2022,11,13,11,34.2,97,Moderate,34.0,UG/M3,1 Hr,Valid
Chisinau,PM2.5 - Principal,2022-11-13 12:00 PM,2022,11,13,12,32.1,93,Moderate,30.0,UG/M3,1 Hr,Valid
Chisinau,PM2.5 - Principal,2022-11-13 01:00 PM,2022,11,13,13,28.5,85,Moderate,25.0,UG/M3,1 Hr,Valid
Chisinau,PM2.5 - Principal,2022-11-13 02:00 PM,2022,11,13,14,28.7,86,Moderate,29.0,UG/M3,1 Hr,Valid
Chisinau,PM2.5 - Principal,2022-11-13 03:00 PM,2022,11,13,15,27.5,83,Moderate,26.0,UG/M3,1 Hr,Valid
Chisinau,PM2.5 - Principal,2022-11-13 04:00 PM,2022,11,13,16,24.5,77,Moderate,21.0,UG/M3,1 Hr,Valid
Chisinau,PM2.5 - Principal,2022-11-13 05:00 PM,2022,11,13,17,23.0,74,Moderate,21.0,UG/M3,1 Hr,Valid
Chisinau,PM2.5 - Principal,2022-11-13 06:00 PM,2022,11,13,18,22.3,72,Moderate,21.0,UG/M3,1 Hr,Valid
Chisinau,PM2.5 - Principal,2022-11-13 07:00 PM,2022,11,13,19,20.5,69,Moderate,19.0,UG/M3,1 Hr,Valid
Chisinau,PM2.5 - Principal,2022-11-13 08:00 PM,2022,11,13,20,19.1,66,Moderate,18.0,UG/M3,1 Hr,Valid
Chisinau,PM2.5 - Principal,2022-11-13 09:00 PM,2022,11,13,21,17.0,61,Moderate,15.0,UG/M3,1 Hr,Valid
Chisinau,PM2.5 - Principal,2022-11-13 10:00 PM,2022,11,13,22,15.0,57,Moderate,13.0,UG/M3,1 Hr,Valid
Chisinau,PM2.5 - Principal,2022-11-13 11:00 PM,2022,11,13,23,14.5,56,Moderate,14.0,UG/M3,1 Hr,Valid
Chisinau,PM2.5 - Principal,2022-11-14 12:00 AM,2022,11,14,00,13.2,53,Moderate,12.0,UG/M3,1 Hr,Valid
Chisinau,PM2.5 - Principal,2022-11-14 01:00 AM,2022,11,14,01,13.1,53,Moderate,13.0,UG/M3,1 Hr,Valid
Chisinau,PM2.5 - Principal,2022-11-14 02:00 AM,2022,11,14,02,10.5,44,Good,8.0,UG/M3,1 Hr,Valid
Chisinau,PM2.5 - Principal,2022-11-14 03:00 AM,2022,11,14,03,9.2,38,Good,8.0,UG/M3,1 Hr,Valid
Chisinau,PM2.5 - Principal,2022-11-14 04:00 AM,2022,11,14,04,10.6,44,Good,12.0,UG/M3,1 Hr,Valid
Chisinau,PM2.5 - Principal,2022-11-14 05:00 AM,2022,11,14,05,11.3,47,Good,12.0,UG/M3,1 Hr,Valid
Chisinau,PM2.5 - Principal,2022-11-14 06:00 AM,2022,11,14,06,11.1,46,Good,11.0,UG/M3,1 Hr,Valid
Chisinau,PM2.5 - Principal,2022-11-14 07:00 AM,2022,11,14,07,11.5,48,Good,12.0,UG/M3,1 Hr,Valid
Chisinau,PM2.5 - Principal,2022-11-14 08:00 AM,2022,11,14,08,13.1,53,Moderate,15.0,UG/M3,1 Hr,Valid
Chisinau,PM2.5 - Principal,2022-11-14 09:00 AM,2022,11,14,09,17.1,62,Moderate,21.0,UG/M3,1 Hr,Valid
Chisinau,PM2.5 - Principal,2022-11-14 10:00 AM,2022,11,14,10,16.5,60,Moderate,16.0,UG/M3,1 Hr,Valid
Chisinau,PM2.5 - Principal,2022-11-14 11:00 AM,2022,11,14,11,16.7,61,Moderate,17.0,UG/M3,1 Hr,Valid
Chisinau,PM2.5 - Principal,2022-11-14 12:00 PM,2022,11,14,12,16.8,61,Moderate,17.0,UG/M3,1 Hr,Valid
Chisinau,PM2.5 - Principal,2022-11-14 01:00 PM,2022,11,14,13,16.9,61,Moderate,17.0,UG/M3,1 Hr,Valid
Chisinau,PM2.5 - Principal,2022-11-14 02:00 PM,2022,11,14,14,16.9,61,Moderate,17.0,UG/M3,1 Hr,Valid
Chisinau,PM2.5 - Principal,2022-11-14 03:00 PM,2022,11,14,15,14.6,56,Moderate,12.0,UG/M3,1 Hr,Valid
Chisinau,PM2.5 - Principal,2022-11-14 04:00 PM,2022,11,14,16,16.6,60,Moderate,19.0,UG/M3,1 Hr,Valid
Chisinau,PM2.5 - Principal,2022-11-14 05:00 PM,2022,11,14,17,18.7,65,Moderate,21.0,UG/M3,1 Hr,Valid
Chisinau,PM2.5 - Principal,2022-11-14 06:00 PM,2022,11,14,18,24.9,78,Moderate,31.0,UG/M3,1 Hr,Valid
Chisinau,PM2.5 - Principal,2022-11-14 07:00 PM,2022,11,14,19,28.4,85,Moderate,32.0,UG/M3,1 Hr,Valid
Chisinau,PM2.5 - Principal,2022-11-14 08:00 PM,2022,11,14,20,28.2,85,Moderate,28.0,UG/M3,1 Hr,Valid
Chisinau,PM2.5 - Principal,2022-11-14 09:00 PM,2022,11,14,21,26.6,81,Moderate,25.0,UG/M3,1 Hr,Valid
Chisinau,PM2.5 - Principal,2022-11-14 10:00 PM,2022,11,14,22,26.8,82,Moderate,27.0,UG/M3,1 Hr,Valid
Chisinau,PM2.5 - Principal,2022-11-14 11:00 PM,2022,11,14,23,23.4,75,Moderate,20.0,UG/M3,1 Hr,Valid
Chisinau,PM2.5 - Principal,2022-11-15 12:00 AM,2022,11,15,00,22.7,73,Moderate,22.0,UG/M3,1 Hr,Valid
Chisinau,PM2.5 - Principal,2022-11-15 01:00 AM,2022,11,15,01,22.8,74,Moderate,23.0,UG/M3,1 Hr,Valid
Chisinau,PM2.5 - Principal,2022-11-15 02:00 AM,2022,11,15,02,21.4,71,Moderate,20.0,UG/M3,1 Hr,Valid
Chisinau,PM2.5 - Principal,2022-11-15 03:00 AM,2022,11,15,03,21.5,71,Moderate,21.0,UG/M3,1 Hr,Valid
Chisinau,PM2.5 - Principal,2022-11-15 04:00 AM,2022,11,15,04,22.5,73,Moderate,24.0,UG/M3,1 Hr,Valid
Chisinau,PM2.5 - Principal,2022-11-15 05:00 AM,2022,11,15,05,22.3,72,Moderate,22.0,UG/M3,1 Hr,Valid
Chisinau,PM2.5 - Principal,2022-11-15 06:00 AM,2022,11,15,06,19.8,67,Moderate,17.0,UG/M3,1 Hr,Valid
Chisinau,PM2.5 - Principal,2022-11-15 07:00 AM,2022,11,15,07,19.3,66,Moderate,18.0,UG/M3,1 Hr,Valid
Chisinau,PM2.5 - Principal,2022-11-15 08:00 AM,2022,11,15,08,19.2,66,Moderate,19.0,UG/M3,1 Hr,Valid
Chisinau,PM2.5 - Principal,2022-11-15 09:00 AM,2022,11,15,09,21.7,71,Moderate,26.0,UG/M3,1 Hr,Valid
Chisinau,PM2.5 - Principal,2022-11-15 10:00 AM,2022,11,15,10,21.4,71,Moderate,21.0,UG/M3,1 Hr,Valid
Chisinau,PM2.5 - Principal,2022-11-15 11:00 AM,2022,11,15,11,23.5,75,Moderate,27.0,UG/M3,1 Hr,Valid
Chisinau,PM2.5 - Principal,2022-11-15 12:00 PM,2022,11,15,12,26.5,81,Moderate,30.0,UG/M3,1 Hr,Valid
Chisinau,PM2.5 - Principal,2022-11-15 01:00 PM,2022,11,15,13,21.8,71,Moderate,16.0,UG/M3,1 Hr,Valid
Chisinau,PM2.5 - Principal,2022-11-15 02:00 PM,2022,11,15,14,19.5,67,Moderate,17.0,UG/M3,1 Hr,Valid
Chisinau,PM2.5 - Principal,2022-11-15 03:00 PM,2022,11,15,15,15.6,58,Moderate,12.0,UG/M3,1 Hr,Valid
Chisinau,PM2.5 - Principal,2022-11-15 04:00 PM,2022,11,15,16,15.3,58,Moderate,15.0,UG/M3,1 Hr,Valid
Chisinau,PM2.5 - Principal,2022-11-15 05:00 PM,2022,11,15,17,14.6,56,Moderate,14.0,UG/M3,1 Hr,Valid
Chisinau,PM2.5 - Principal,2022-11-15 06:00 PM,2022,11,15,18,17.8,63,Moderate,21.0,UG/M3,1 Hr,Valid
Chisinau,PM2.5 - Principal,2022-11-15 07:00 PM,2022,11,15,19,19.4,66,Moderate,21.0,UG/M3,1 Hr,Valid
Chisinau,PM2.5 - Principal,2022-11-15 08:00 PM,2022,11,15,20,18.2,64,Moderate,17.0,UG/M3,1 Hr,Valid
Chisinau,PM2.5 - Principal,2022-11-15 09:00 PM,2022,11,15,21,16.6,60,Moderate,15.0,UG/M3,1 Hr,Valid
Chisinau,PM2.5 - Principal,2022-11-15 10:00 PM,2022,11,15,22,15.3,58,Moderate,14.0,UG/M3,1 Hr,Valid
Chisinau,PM2.5 - Principal,2022-11-15 11:00 PM,2022,11,15,23,16.6,60,Moderate,18.0,UG/M3,1 Hr,Valid
Chisinau,PM2.5 - Principal,2022-11-16 12:00 AM,2022,11,16,00,15.9,59,Moderate,15.0,UG/M3,1 Hr,Valid
Chisinau,PM2.5 - Principal,2022-11-16 01:00 AM,2022,11,16,01,15.9,59,Moderate,16.0,UG/M3,1 Hr,Valid
Chisinau,PM2.5 - Principal,2022-11-16 02:00 AM,2022,11,16,02,15.9,59,Moderate,16.0,UG/M3,1 Hr,Valid
Chisinau,PM2.5 - Principal,2022-11-16 03:00 AM,2022,11,16,03,21.2,70,Moderate,27.0,UG/M3,1 Hr,Valid
Chisinau,PM2.5 - Principal,2022-11-16 04:00 AM,2022,11,16,04,28.7,86,Moderate,36.0,UG/M3,1 Hr,Valid
Chisinau,PM2.5 - Principal,2022-11-16 05:00 AM,2022,11,16,05,30.3,89,Moderate,32.0,UG/M3,1 Hr,Valid
Chisinau,PM2.5 - Principal,2022-11-16 06:00 AM,2022,11,16,06,32.1,93,Moderate,34.0,UG/M3,1 Hr,Valid
Chisinau,PM2.5 - Principal,2022-11-16 07:00 AM,2022,11,16,07,35.0,99,Moderate,38.0,UG/M3,1 Hr,Valid
Chisinau,PM2.5 - Principal,2022-11-16 08:00 AM,2022,11,16,08,35.0,99,Moderate,35.0,UG/M3,1 Hr,Valid
Chisinau,PM2.5 - Principal,2022-11-16 09:00 AM,2022,11,16,09,35.5,101,Unhealthy for Sensitive Groups,36.0,UG/M3,1 Hr,Valid
Chisinau,PM2.5 - Principal,2022-11-16 10:00 AM,2022,11,16,10,35.7,101,Unhealthy for Sensitive Groups,36.0,UG/M3,1 Hr,Valid
Chisinau,PM2.5 - Principal,2022-11-16 11:00 AM,2022,11,16,11,36.3,103,Unhealthy for Sensitive Groups,37.0,UG/M3,1 Hr,Valid
Chisinau,PM2.5 - Principal,2022-11-16 12:00 PM,2022,11,16,12,38.1,107,Unhealthy for Sensitive Groups,40.0,UG/M3,1 Hr,Valid
Chisinau,PM2.5 - Principal,2022-11-16 01:00 PM,2022,11,16,13,42.1,117,Unhealthy for Sensitive Groups,46.0,UG/M3,1 Hr,Valid
Chisinau,PM2.5 - Principal,2022-11-16 02:00 PM,2022,11,16,14,39.8,112,Unhealthy for Sensitive Groups,38.0,UG/M3,1 Hr,Valid
Chisinau,PM2.5 - Principal,2022-11-16 03:00 PM,2022,11,16,15,39.5,111,Unhealthy for Sensitive Groups,40.0,UG/M3,1 Hr,Valid
Chisinau,PM2.5 - Principal,2022-11-16 04:00 PM,2022,11,16,16,40.9,114,Unhealthy for Sensitive Groups,44.0,UG/M3,1 Hr,Valid
Chisinau,PM2.5 - Principal,2022-11-16 05:00 PM,2022,11,16,17,40.7,114,Unhealthy for Sensitive Groups,41.0,UG/M3,1 Hr,Valid
Chisinau,PM2.5 - Principal,2022-11-16 06:00 PM,2022,11,16,18,41.8,117,Unhealthy for Sensitive Groups,45.0,UG/M3,1 Hr,Valid
Chisinau,PM2.5 - Principal,2022-11-16 07:00 PM,2022,11,16,19,42.3,118,Unhealthy for Sensitive Groups,44.0,UG/M3,1 Hr,Valid
Chisinau,PM2.5 - Principal,2022-11-16 08:00 PM,2022,11,16,20,42.4,118,Unhealthy for Sensitive Groups,43.0,UG/M3,1 Hr,Valid
Chisinau,PM2.5 - Principal,2022-11-16 09:00 PM,2022,11,16,21,44.4,123,Unhealthy for Sensitive Groups,49.0,UG/M3,1 Hr,Valid
Chisinau,PM2.5 - Principal,2022-11-16 10:00 PM,2022,11,16,22,45.5,126,Unhealthy for Sensitive Groups,49.0,UG/M3,1 Hr,Valid
Chisinau,PM2.5 - Principal,2022-11-16 11:00 PM,2022,11,16,23,46.0,127,Unhealthy for Sensitive Groups,48.0,UG/M3,1 Hr,Valid
Chisinau,PM2.5 - Principal,2022-11-17 12:00 AM,2022,11,17,00,47.6,131,Unhealthy for Sensitive Groups,51.0,UG/M3,1 Hr,Valid
Chisinau,PM2.5 - Principal,2022-11-17 01:00 AM,2022,11,17,01,52.2,142,Unhealthy for Sensitive Groups,59.0,UG/M3,1 Hr,Valid
Chisinau,PM2.5 - Principal,2022-11-17 02:00 AM,2022,11,17,02,50.8,139,Unhealthy for Sensitive Groups,49.0,UG/M3,1 Hr,Valid
Chisinau,PM2.5 - Principal,2022-11-17 03:00 AM,2022,11,17,03,49.6,136,Unhealthy for Sensitive Groups,47.0,UG/M3,1 Hr,Valid
Chisinau,PM2.5 - Principal,2022-11-17 04:00 AM,2022,11,17,04,46.9,129,Unhealthy for Sensitive Groups,41.0,UG/M3,1 Hr,Valid
Chisinau,PM2.5 - Principal,2022-11-17 05:00 AM,2022,11,17,05,39.3,110,Unhealthy for Sensitive Groups,32.0,UG/M3,1 Hr,Valid
Chisinau,PM2.5 - Principal,2022-11-17 06:00 AM,2022,11,17,06,39.6,111,Unhealthy for Sensitive Groups,40.0,UG/M3,1 Hr,Valid
Chisinau,PM2.5 - Principal,2022-11-17 07:00 AM,2022,11,17,07,38.4,108,Unhealthy for Sensitive Groups,37.0,UG/M3,1 Hr,Valid
Chisinau,PM2.5 - Principal,2022-11-17 08:00 AM,2022,11,17,08,37.3,105,Unhealthy for Sensitive Groups,36.0,UG/M3,1 Hr,Valid
Chisinau,PM2.5 - Principal,2022-11-17 09:00 AM,2022,11,17,09,37.6,106,Unhealthy for Sensitive Groups,38.0,UG/M3,1 Hr,Valid
Chisinau,PM2.5 - Principal,2022-11-17 10:00 AM,2022,11,17,10,37.7,106,Unhealthy for Sensitive Groups,38.0,UG/M3,1 Hr,Valid
Chisinau,PM2.5 - Principal,2022-11-17 11:00 AM,2022,11,17,11,42.0,117,Unhealthy for Sensitive Groups,47.0,UG/M3,1 Hr,Valid
Chisinau,PM2.5 - Principal,2022-11-17 12:00 PM,2022,11,17,12,38.3,108,Unhealthy for Sensitive Groups,34.0,UG/M3,1 Hr,Valid
Chisinau,PM2.5 - Principal,2022-11-17 01:00 PM,2022,11,17,13,30.0,89,Moderate,22.0,UG/M3,1 Hr,Valid
Chisinau,PM2.5 - Principal,2022-11-17 02:00 PM,2022,11,17,14,22.5,73,Moderate,15.0,UG/M3,1 Hr,Valid
Chisinau,PM2.5 - Principal,2022-11-17 03:00 PM,2022,11,17,15,19.7,67,Moderate,17.0,UG/M3,1 Hr,Valid
Chisinau,PM2.5 - Principal,2022-11-17 04:00 PM,2022,11,17,16,17.3,62,Moderate,15.0,UG/M3,1 Hr,Valid
Chisinau,PM2.5 - Principal,2022-11-17 05:00 PM,2022,11,17,17,15.6,58,Moderate,14.0,UG/M3,1 Hr,Valid
Chisinau,PM2.5 - Principal,2022-11-17 06:00 PM,2022,11,17,18,15.8,59,Moderate,16.0,UG/M3,1 Hr,Valid
Chisinau,PM2.5 - Principal,2022-11-17 07:00 PM,2022,11,17,19,15.4,58,Moderate,15.0,UG/M3,1 Hr,Valid
Chisinau,PM2.5 - Principal,2022-11-17 08:00 PM,2022,11,17,20,14.2,55,Moderate,13.0,UG/M3,1 Hr,Valid
Chisinau,PM2.5 - Principal,2022-11-17 09:00 PM,2022,11,17,21,14.6,56,Moderate,15.0,UG/M3,1 Hr,Valid
Chisinau,PM2.5 - Principal,2022-11-17 10:00 PM,2022,11,17,22,13.2,53,Moderate,12.0,UG/M3,1 Hr,Valid
Chisinau,PM2.5 - Principal,2022-11-17 11:00 PM,2022,11,17,23,14.1,55,Moderate,15.0,UG/M3,1 Hr,Valid
Chisinau,PM2.5 - Principal,2022-11-18 12:00 AM,2022,11,18,00,12.5,52,Moderate,11.0,UG/M3,1 Hr,Valid
Chisinau,PM2.5 - Principal,2022-11-18 01:00 AM,2022,11,18,01,13.0,53,Moderate,13.0,UG/M3,1 Hr,Valid
Chisinau,PM2.5 - Principal,2022-11-18 02:00 AM,2022,11,18,02,12.2,51,Moderate,11.0,UG/M3,1 Hr,Valid
Chisinau,PM2.5 - Principal,2022-11-18 03:00 AM,2022,11,18,03,13.2,53,Moderate,15.0,UG/M3,1 Hr,Valid
Chisinau,PM2.5 - Principal,2022-11-18 04:00 AM,2022,11,18,04,13.7,54,Moderate,15.0,UG/M3,1 Hr,Valid
Chisinau,PM2.5 - Principal,2022-11-18 05:00 AM,2022,11,18,05,14.4,56,Moderate,16.0,UG/M3,1 Hr,Valid
Chisinau,PM2.5 - Principal,2022-11-18 06:00 AM,2022,11,18,06,13.6,54,Moderate,12.0,UG/M3,1 Hr,Valid
Chisinau,PM2.5 - Principal,2022-11-18 07:00 AM,2022,11,18,07,13.4,54,Moderate,13.0,UG/M3,1 Hr,Valid
Chisinau,PM2.5 - Principal,2022-11-18 08:00 AM,2022,11,18,08,15.2,58,Moderate,18.0,UG/M3,1 Hr,Valid
Chisinau,PM2.5 - Principal,2022-11-18 09:00 AM,2022,11,18,09,16.2,60,Moderate,18.0,UG/M3,1 Hr,Valid
Chisinau,PM2.5 - Principal,2022-11-18 10:00 AM,2022,11,18,10,18.1,64,Moderate,20.0,UG/M3,1 Hr,Valid
Chisinau,PM2.5 - Principal,2022-11-18 11:00 AM,2022,11,18,11,16.2,60,Moderate,14.0,UG/M3,1 Hr,Valid
Chisinau,PM2.5 - Principal,2022-11-18 12:00 PM,2022,11,18,12,15.7,59,Moderate,15.0,UG/M3,1 Hr,Valid
Chisinau,PM2.5 - Principal,2022-11-18 01:00 PM,2022,11,18,13,16.7,61,Moderate,18.0,UG/M3,1 Hr,Valid
Chisinau,PM2.5 - Principal,2022-11-18 02:00 PM,2022,11,18,14,18.0,63,Moderate,20.0,UG/M3,1 Hr,Valid
Chisinau,PM2.5 - Principal,2022-11-18 03:00 PM,2022,11,18,15,15.6,58,Moderate,12.0,UG/M3,1 Hr,Valid
Chisinau,PM2.5 - Principal,2022-11-18 04:00 PM,2022,11,18,16,15.7,59,Moderate,16.0,UG/M3,1 Hr,Valid
Chisinau,PM2.5 - Principal,2022-11-18 05:00 PM,2022,11,18,17,17.4,62,Moderate,20.0,UG/M3,1 Hr,Valid
Chisinau,PM2.5 - Principal,2022-11-18 06:00 PM,2022,11,18,18,18.0,63,Moderate,19.0,UG/M3,1 Hr,Valid
Chisinau,PM2.5 - Principal,2022-11-18 07:00 PM,2022,11,18,19,22.7,73,Moderate,27.0,UG/M3,1 Hr,Valid
Chisinau,PM2.5 - Principal,2022-11-18 08:00 PM,2022,11,18,20,23.3,75,Moderate,24.0,UG/M3,1 Hr,Valid
Chisinau,PM2.5 - Principal,2022-11-18 09:00 PM,2022,11,18,21,21.1,70,Moderate,19.0,UG/M3,1 Hr,Valid
Chisinau,PM2.5 - Principal,2022-11-18 10:00 PM,2022,11,18,22,20.0,68,Moderate,19.0,UG/M3,1 Hr,Valid
Chisinau,PM2.5 - Principal,2022-11-18 11:00 PM,2022,11,18,23,22.0,72,Moderate,24.0,UG/M3,1 Hr,Valid
Chisinau,PM2.5 - Principal,2022-11-19 12:00 AM,2022,11,19,00,21.5,71,Moderate,21.0,UG/M3,1 Hr,Valid
Chisinau,PM2.5 - Principal,2022-11-19 01:00 AM,2022,11,19,01,21.2,70,Moderate,21.0,UG/M3,1 Hr,Valid
Chisinau,PM2.5 - Principal,2022-11-19 02:00 AM,2022,11,19,02,15.6,58,Moderate,10.0,UG/M3,1 Hr,Valid
Chisinau,PM2.5 - Principal,2022-11-19 03:00 AM,2022,11,19,03,13.8,55,Moderate,12.0,UG/M3,1 Hr,Valid
Chisinau,PM2.5 - Principal,2022-11-19 04:00 AM,2022,11,19,04,17.4,62,Moderate,21.0,UG/M3,1 Hr,Valid
Chisinau,PM2.5 - Principal,2022-11-19 05:00 AM,2022,11,19,05,15.2,58,Moderate,13.0,UG/M3,1 Hr,Valid
Chisinau,PM2.5 - Principal,2022-11-19 06:00 AM,2022,11,19,06,13.6,54,Moderate,12.0,UG/M3,1 Hr,Valid
Chisinau,PM2.5 - Principal,2022-11-19 07:00 AM,2022,11,19,07,11.7,49,Good,10.0,UG/M3,1 Hr,Valid
Chisinau,PM2.5 - Principal,2022-11-19 08:00 AM,2022,11,19,08,13.8,55,Moderate,16.0,UG/M3,1 Hr,Valid
Chisinau,PM2.5 - Principal,2022-11-19 09:00 AM,2022,11,19,09,13.4,54,Moderate,13.0,UG/M3,1 Hr,Valid
Chisinau,PM2.5 - Principal,2022-11-19 10:00 AM,2022,11,19,10,15.2,58,Moderate,17.0,UG/M3,1 Hr,Valid
Chisinau,PM2.5 - Principal,2022-11-19 11:00 AM,2022,11,19,11,16.1,59,Moderate,17.0,UG/M3,1 Hr,Valid
Chisinau,PM2.5 - Principal,2022-11-19 12:00 PM,2022,11,19,12,18.5,64,Moderate,21.0,UG/M3,1 Hr,Valid
Chisinau,PM2.5 - Principal,2022-11-19 01:00 PM,2022,11,19,13,19.7,67,Moderate,21.0,UG/M3,1 Hr,Valid
Chisinau,PM2.5 - Principal,2022-11-19 02:00 PM,2022,11,19,14,18.8,65,Moderate,18.0,UG/M3,1 Hr,Valid
Chisinau,PM2.5 - Principal,2022-11-19 03:00 PM,2022,11,19,15,19.4,66,Moderate,20.0,UG/M3,1 Hr,Valid
Chisinau,PM2.5 - Principal,2022-11-19 04:00 PM,2022,11,19,16,19.2,66,Moderate,19.0,UG/M3,1 Hr,Valid
Chisinau,PM2.5 - Principal,2022-11-19 05:00 PM,2022,11,19,17,20.6,69,Moderate,22.0,UG/M3,1 Hr,Valid
Chisinau,PM2.5 - Principal,2022-11-19 06:00 PM,2022,11,19,18,25.8,80,Moderate,31.0,UG/M3,1 Hr,Valid
Chisinau,PM2.5 - Principal,2022-11-19 07:00 PM,2022,11,19,19,28.4,85,Moderate,31.0,UG/M3,1 Hr,Valid
Chisinau,PM2.5 - Principal,2022-11-19 08:00 PM,2022,11,19,20,30.7,90,Moderate,33.0,UG/M3,1 Hr,Valid
Chisinau,PM2.5 - Principal,2022-11-19 09:00 PM,2022,11,19,21,32.3,93,Moderate,34.0,UG/M3,1 Hr,Valid
Chisinau,PM2.5 - Principal,2022-11-19 10:00 PM,2022,11,19,22,30.1,89,Moderate,28.0,UG/M3,1 Hr,Valid
Chisinau,PM2.5 - Principal,2022-11-19 11:00 PM,2022,11,19,23,31.5,92,Moderate,33.0,UG/M3,1 Hr,Valid
Chisinau,PM2.5 - Principal,2022-11-20 12:00 AM,2022,11,20,00,29.3,87,Moderate,27.0,UG/M3,1 Hr,Valid
Chisinau,PM2.5 - Principal,2022-11-20 01:00 AM,2022,11,20,01,28.7,86,Moderate,28.0,UG/M3,1 Hr,Valid
Chisinau,PM2.5 - Principal,2022-11-20 02:00 AM,2022,11,20,02,27.1,83,Moderate,25.0,UG/M3,1 Hr,Valid
Chisinau,PM2.5 - Principal,2022-11-20 03:00 AM,2022,11,20,03,24.8,78,Moderate,22.0,UG/M3,1 Hr,Valid
Chisinau,PM2.5 - Principal,2022-11-20 04:00 AM,2022,11,20,04,26.1,80,Moderate,27.0,UG/M3,1 Hr,Valid
Chisinau,PM2.5 - Principal,2022-11-20 05:00 AM,2022,11,20,05,25.3,79,Moderate,24.0,UG/M3,1 Hr,Valid
Chisinau,PM2.5 - Principal,2022-11-20 06:00 AM,2022,11,20,06,24.8,78,Moderate,24.0,UG/M3,1 Hr,Valid
Chisinau,PM2.5 - Principal,2022-11-20 07:00 AM,2022,11,20,07,21.4,71,Moderate,18.0,UG/M3,1 Hr,Valid
Chisinau,PM2.5 - Principal,2022-11-20 08:00 AM,2022,11,20,08,19.1,66,Moderate,17.0,UG/M3,1 Hr,Valid
Chisinau,PM2.5 - Principal,2022-11-20 09:00 AM,2022,11,20,09,18.1,64,Moderate,17.0,UG/M3,1 Hr,Valid
Chisinau,PM2.5 - Principal,2022-11-20 10:00 AM,2022,11,20,10,17.0,61,Moderate,16.0,UG/M3,1 Hr,Valid
Chisinau,PM2.5 - Principal,2022-11-20 11:00 AM,2022,11,20,11,18.1,64,Moderate,19.0,UG/M3,1 Hr,Valid
Chisinau,PM2.5 - Principal,2022-11-20 12:00 PM,2022,11,20,12,20.2,68,Moderate,23.0,UG/M3,1 Hr,Valid
Chisinau,PM2.5 - Principal,2022-11-20 01:00 PM,2022,11,20,13,20.4,68,Moderate,21.0,UG/M3,1 Hr,Valid
Chisinau,PM2.5 - Principal,2022-11-20 02:00 PM,2022,11,20,14,20.2,68,Moderate,20.0,UG/M3,1 Hr,Valid
Chisinau,PM2.5 - Principal,2022-11-20 03:00 PM,2022,11,20,15,18.5,64,Moderate,16.0,UG/M3,1 Hr,Valid
Chisinau,PM2.5 - Principal,2022-11-20 04:00 PM,2022,11,20,16,18.8,65,Moderate,19.0,UG/M3,1 Hr,Valid
Chisinau,PM2.5 - Principal,2022-11-20 05:00 PM,2022,11,20,17,18.2,64,Moderate,17.0,UG/M3,1 Hr,Valid
Chisinau,PM2.5 - Principal,2022-11-20 06:00 PM,2022,11,20,18,18.1,64,Moderate,18.0,UG/M3,1 Hr,Valid
Chisinau,PM2.5 - Principal,2022-11-20 07:00 PM,2022,11,20,19,18.4,64,Moderate,19.0,UG/M3,1 Hr,Valid
Chisinau,PM2.5 - Principal,2022-11-20 08:00 PM,2022,11,20,20,21.3,70,Moderate,26.0,UG/M3,1 Hr,Valid
Chisinau,PM2.5 - Principal,2022-11-20 09:00 PM,2022,11,20,21,25.7,80,Moderate,30.0,UG/M3,1 Hr,Valid
Chisinau,PM2.5 - Principal,2022-11-20 10:00 PM,2022,11,20,22,27.7,84,Moderate,30.0,UG/M3,1 Hr,Valid
Chisinau,PM2.5 - Principal,2022-11-20 11:00 PM,2022,11,20,23,26.4,81,Moderate,25.0,UG/M3,1 Hr,Valid
Chisinau,PM2.5 - Principal,2022-11-21 12:00 AM,2022,11,21,00,25.3,79,Moderate,24.0,UG/M3,1 Hr,Valid
Chisinau,PM2.5 - Principal,2022-11-21 01:00 AM,2022,11,21,01,22.8,74,Moderate,20.0,UG/M3,1 Hr,Valid
Chisinau,PM2.5 - Principal,2022-11-21 02:00 AM,2022,11,21,02,21.5,71,Moderate,20.0,UG/M3,1 Hr,Valid
Chisinau,PM2.5 - Principal,2022-11-21 03:00 AM,2022,11,21,03,20.1,68,Moderate,18.0,UG/M3,1 Hr,Valid
Chisinau,PM2.5 - Principal,2022-11-21 04:00 AM,2022,11,21,04,18.0,63,Moderate,16.0,UG/M3,1 Hr,Valid
Chisinau,PM2.5 - Principal,2022-11-21 05:00 AM,2022,11,21,05,15.4,58,Moderate,13.0,UG/M3,1 Hr,Valid
Chisinau,PM2.5 - Principal,2022-11-21 06:00 AM,2022,11,21,06,16.2,60,Moderate,17.0,UG/M3,1 Hr,Valid
Chisinau,PM2.5 - Principal,2022-11-21 07:00 AM,2022,11,21,07,14.6,56,Moderate,13.0,UG/M3,1 Hr,Valid
Chisinau,PM2.5 - Principal,2022-11-21 08:00 AM,2022,11,21,08,15.8,59,Moderate,17.0,UG/M3,1 Hr,Valid
Chisinau,PM2.5 - Principal,2022-11-21 09:00 AM,2022,11,21,09,14.8,57,Moderate,14.0,UG/M3,1 Hr,Valid
Chisinau,PM2.5 - Principal,2022-11-21 10:00 AM,2022,11,21,10,14.4,56,Moderate,14.0,UG/M3,1 Hr,Valid
Chisinau,PM2.5 - Principal,2022-11-21 11:00 AM,2022,11,21,11,12.7,52,Moderate,11.0,UG/M3,1 Hr,Valid
Chisinau,PM2.5 - Principal,2022-11-21 12:00 PM,2022,11,21,12,11.3,47,Good,10.0,UG/M3,1 Hr,Valid
Chisinau,PM2.5 - Principal,2022-11-21 01:00 PM,2022,11,21,13,11.6,48,Good,12.0,UG/M3,1 Hr,Valid
Chisinau,PM2.5 - Principal,2022-11-21 02:00 PM,2022,11,21,14,12.7,52,Moderate,14.0,UG/M3,1 Hr,Valid
Chisinau,PM2.5 - Principal,2022-11-21 03:00 PM,2022,11,21,15,14.0,55,Moderate,16.0,UG/M3,1 Hr,Valid
Chisinau,PM2.5 - Principal,2022-11-21 04:00 PM,2022,11,21,16,14.8,57,Moderate,16.0,UG/M3,1 Hr,Valid
Chisinau,PM2.5 - Principal,2022-11-21 05:00 PM,2022,11,21,17,12.8,52,Moderate,10.0,UG/M3,1 Hr,Valid
Chisinau,PM2.5 - Principal,2022-11-21 06:00 PM,2022,11,21,18,13.3,54,Moderate,14.0,UG/M3,1 Hr,Valid
Chisinau,PM2.5 - Principal,2022-11-21 07:00 PM,2022,11,21,19,14.4,56,Moderate,16.0,UG/M3,1 Hr,Valid
Chisinau,PM2.5 - Principal,2022-11-21 08:00 PM,2022,11,21,20,14.2,55,Moderate,14.0,UG/M3,1 Hr,Valid
Chisinau,PM2.5 - Principal,2022-11-21 09:00 PM,2022,11,21,21,15.3,58,Moderate,17.0,UG/M3,1 Hr,Valid
Chisinau,PM2.5 - Principal,2022-11-21 10:00 PM,2022,11,21,22,15.2,58,Moderate,15.0,UG/M3,1 Hr,Valid
Chisinau,PM2.5 - Principal,2022-11-21 11:00 PM,2022,11,21,23,14.3,56,Moderate,13.0,UG/M3,1 Hr,Valid
Chisinau,PM2.5 - Principal,2022-11-22 12:00 AM,2022,11,22,00,13.7,54,Moderate,13.0,UG/M3,1 Hr,Valid
Chisinau,PM2.5 - Principal,2022-11-22 01:00 AM,2022,11,22,01,13.4,54,Moderate,13.0,UG/M3,1 Hr,Valid
Chisinau,PM2.5 - Principal,2022-11-22 02:00 AM,2022,11,22,02,13.6,54,Moderate,14.0,UG/M3,1 Hr,Valid
Chisinau,PM2.5 - Principal,2022-11-22 03:00 AM,2022,11,22,03,15.0,57,Moderate,17.0,UG/M3,1 Hr,Valid
Chisinau,PM2.5 - Principal,2022-11-22 04:00 AM,2022,11,22,04,15.0,57,Moderate,15.0,UG/M3,1 Hr,Valid
Chisinau,PM2.5 - Principal,2022-11-22 05:00 AM,2022,11,22,05,15.3,58,Moderate,17.0,UG/M3,1 Hr,Valid
Chisinau,PM2.5 - Principal,2022-11-22 06:00 AM,2022,11,22,06,15.2,58,Moderate,15.0,UG/M3,1 Hr,Valid
Chisinau,PM2.5 - Principal,2022-11-22 07:00 AM,2022,11,22,07,16.5,60,Moderate,19.0,UG/M3,1 Hr,Valid
Chisinau,PM2.5 - Principal,2022-11-22 08:00 AM,2022,11,22,08,20.9,70,Moderate,25.0,UG/M3,1 Hr,Valid
Chisinau,PM2.5 - Principal,2022-11-22 09:00 AM,2022,11,22,09,20.9,70,Moderate,21.0,UG/M3,1 Hr,Valid
Chisinau,PM2.5 - Principal,2022-11-22 10:00 AM,2022,11,22,10,19.0,66,Moderate,17.0,UG/M3,1 Hr,Valid
Chisinau,PM2.5 - Principal,2022-11-22 11:00 AM,2022,11,22,11,19.5,67,Moderate,20.0,UG/M3,1 Hr,Valid
Chisinau,PM2.5 - Principal,2022-11-22 12:00 PM,2022,11,22,12,18.3,64,Moderate,17.0,UG/M3,1 Hr,Valid
Chisinau,PM2.5 - Principal,2022-11-22 01:00 PM,2022,11,22,13,18.6,65,Moderate,19.0,UG/M3,1 Hr,Valid
Chisinau,PM2.5 - Principal,2022-11-22 02:00 PM,2022,11,22,14,14.8,57,Moderate,11.0,UG/M3,1 Hr,Valid
Chisinau,PM2.5 - Principal,2022-11-22 03:00 PM,2022,11,22,15,15.9,59,Moderate,17.0,UG/M3,1 Hr,Valid
Chisinau,PM2.5 - Principal,2022-11-22 04:00 PM,2022,11,22,16,16.4,60,Moderate,17.0,UG/M3,1 Hr,Valid
Chisinau,PM2.5 - Principal,2022-11-22 05:00 PM,2022,11,22,17,17.2,62,Moderate,18.0,UG/M3,1 Hr,Valid
Chisinau,PM2.5 - Principal,2022-11-22 06:00 PM,2022,11,22,18,22.6,73,Moderate,28.0,UG/M3,1 Hr,Valid
Chisinau,PM2.5 - Principal,2022-11-22 07:00 PM,2022,11,22,19,38.3,108,Unhealthy for Sensitive Groups,54.0,UG/M3,1 Hr,Valid
Chisinau,PM2.5 - Principal,2022-11-22 08:00 PM,2022,11,22,20,48.1,132,Unhealthy for Sensitive Groups,58.0,UG/M3,1 Hr,Valid
Chisinau,PM2.5 - Principal,2022-11-22 09:00 PM,2022,11,22,21,64.0,155,Unhealthy,80.0,UG/M3,1 Hr,Valid
Chisinau,PM2.5 - Principal,2022-11-22 10:00 PM,2022,11,22,22,80.5,164,Unhealthy,97.0,UG/M3,1 Hr,Valid
Chisinau,PM2.5 - Principal,2022-11-22 11:00 PM,2022,11,22,23,107.2,178,Unhealthy,134.0,UG/M3,1 Hr,Valid
Chisinau,PM2.5 - Principal,2022-11-23 12:00 AM,2022,11,23,00,109.6,179,Unhealthy,112.0,UG/M3,1 Hr,Valid
Chisinau,PM2.5 - Principal,2022-11-23 01:00 AM,2022,11,23,01,102.3,175,Unhealthy,95.0,UG/M3,1 Hr,Valid
Chisinau,PM2.5 - Principal,2022-11-23 02:00 AM,2022,11,23,02,89.1,168,Unhealthy,76.0,UG/M3,1 Hr,Valid
Chisinau,PM2.5 - Principal,2022-11-23 03:00 AM,2022,11,23,03,81.5,164,Unhealthy,74.0,UG/M3,1 Hr,Valid
Chisinau,PM2.5 - Principal,2022-11-23 04:00 AM,2022,11,23,04,63.3,155,Unhealthy,45.0,UG/M3,1 Hr,Valid
Chisinau,PM2.5 - Principal,2022-11-23 05:00 AM,2022,11,23,05,47.6,131,Unhealthy for Sensitive Groups,32.0,UG/M3,1 Hr,Valid
Chisinau,PM2.5 - Principal,2022-11-23 06:00 AM,2022,11,23,06,40.8,114,Unhealthy for Sensitive Groups,34.0,UG/M3,1 Hr,Valid
Chisinau,PM2.5 - Principal,2022-11-23 07:00 AM,2022,11,23,07,34.4,98,Moderate,28.0,UG/M3,1 Hr,Valid
Chisinau,PM2.5 - Principal,2022-11-23 08:00 AM,2022,11,23,08,31.2,91,Moderate,28.0,UG/M3,1 Hr,Valid
Chisinau,PM2.5 - Principal,2022-11-23 09:00 AM,2022,11,23,09,32.0,93,Moderate,33.0,UG/M3,1 Hr,Valid
Chisinau,PM2.5 - Principal,2022-11-23 10:00 AM,2022,11,23,10,31.5,92,Moderate,31.0,UG/M3,1 Hr,Valid
Chisinau,PM2.5 - Principal,2022-11-23 11:00 AM,2022,11,23,11,28.7,86,Moderate,26.0,UG/M3,1 Hr,Valid
Chisinau,PM2.5 - Principal,2022-11-23 12:00 PM,2022,11,23,12,28.3,85,Moderate,28.0,UG/M3,1 Hr,Valid
Chisinau,PM2.5 - Principal,2022-11-23 01:00 PM,2022,11,23,13,27.6,84,Moderate,27.0,UG/M3,1 Hr,Valid
Chisinau,PM2.5 - Principal,2022-11-23 02:00 PM,2022,11,23,14,27.3,83,Moderate,27.0,UG/M3,1 Hr,Valid
Chisinau,PM2.5 - Principal,2022-11-23 03:00 PM,2022,11,23,15,27.3,83,Moderate,27.0,UG/M3,1 Hr,Valid
Chisinau,PM2.5 - Principal,2022-11-23 04:00 PM,2022,11,23,16,27.8,84,Moderate,-999.0,UG/M3,1 Hr,Missing
Chisinau,PM2.5 - Principal,2022-11-23 06:00 PM,2022,11,23,18,-999.0,-999,N/A,17.0,UG/M3,1 Hr,Valid
Chisinau,PM2.5 - Principal,2022-11-23 07:00 PM,2022,11,23,19,15.9,59,Moderate,14.0,UG/M3,1 Hr,Valid
Chisinau,PM2.5 - Principal,2022-11-23 08:00 PM,2022,11,23,20,15.4,58,Moderate,15.0,UG/M3,1 Hr,Valid
Chisinau,PM2.5 - Principal,2022-11-23 09:00 PM,2022,11,23,21,14.1,55,Moderate,13.0,UG/M3,1 Hr,Valid
Chisinau,PM2.5 - Principal,2022-11-23 10:00 PM,2022,11,23,22,13.0,53,Moderate,12.0,UG/M3,1 Hr,Valid
Chisinau,PM2.5 - Principal,2022-11-23 11:00 PM,2022,11,23,23,12.5,52,Moderate,12.0,UG/M3,1 Hr,Valid
Chisinau,PM2.5 - Principal,2022-11-24 12:00 AM,2022,11,24,00,11.7,49,Good,11.0,UG/M3,1 Hr,Valid
Chisinau,PM2.5 - Principal,2022-11-24 01:00 AM,2022,11,24,01,10.3,43,Good,9.0,UG/M3,1 Hr,Valid
Chisinau,PM2.5 - Principal,2022-11-24 02:00 AM,2022,11,24,02,11.6,48,Good,13.0,UG/M3,1 Hr,Valid
Chisinau,PM2.5 - Principal,2022-11-24 03:00 AM,2022,11,24,03,12.7,52,Moderate,14.0,UG/M3,1 Hr,Valid
Chisinau,PM2.5 - Principal,2022-11-24 04:00 AM,2022,11,24,04,15.4,58,Moderate,18.0,UG/M3,1 Hr,Valid
Chisinau,PM2.5 - Principal,2022-11-24 05:00 AM,2022,11,24,05,14.2,55,Moderate,13.0,UG/M3,1 Hr,Valid
Chisinau,PM2.5 - Principal,2022-11-24 06:00 AM,2022,11,24,06,13.1,53,Moderate,12.0,UG/M3,1 Hr,Valid
Chisinau,PM2.5 - Principal,2022-11-24 07:00 AM,2022,11,24,07,14.0,55,Moderate,15.0,UG/M3,1 Hr,Valid
Chisinau,PM2.5 - Principal,2022-11-24 08:00 AM,2022,11,24,08,15.5,58,Moderate,17.0,UG/M3,1 Hr,Valid
Chisinau,PM2.5 - Principal,2022-11-24 09:00 AM,2022,11,24,09,12.7,52,Moderate,10.0,UG/M3,1 Hr,Valid
Chisinau,PM2.5 - Principal,2022-11-24 10:00 AM,2022,11,24,10,12.8,52,Moderate,13.0,UG/M3,1 Hr,Valid
Chisinau,PM2.5 - Principal,2022-11-24 11:00 AM,2022,11,24,11,13.9,55,Moderate,15.0,UG/M3,1 Hr,Valid
Chisinau,PM2.5 - Principal,2022-11-24 12:00 PM,2022,11,24,12,14.4,56,Moderate,15.0,UG/M3,1 Hr,Valid
Chisinau,PM2.5 - Principal,2022-11-24 01:00 PM,2022,11,24,13,13.7,54,Moderate,13.0,UG/M3,1 Hr,Valid
Chisinau,PM2.5 - Principal,2022-11-24 02:00 PM,2022,11,24,14,13.4,54,Moderate,13.0,UG/M3,1 Hr,Valid
Chisinau,PM2.5 - Principal,2022-11-24 03:00 PM,2022,11,24,15,12.7,52,Moderate,12.0,UG/M3,1 Hr,Valid
Chisinau,PM2.5 - Principal,2022-11-24 04:00 PM,2022,11,24,16,12.9,53,Moderate,13.0,UG/M3,1 Hr,Valid
Chisinau,PM2.5 - Principal,2022-11-24 05:00 PM,2022,11,24,17,13.3,54,Moderate,14.0,UG/M3,1 Hr,Valid
Chisinau,PM2.5 - Principal,2022-11-24 06:00 PM,2022,11,24,18,12.3,51,Moderate,11.0,UG/M3,1 Hr,Valid
Chisinau,PM2.5 - Principal,2022-11-24 07:00 PM,2022,11,24,19,14.2,55,Moderate,17.0,UG/M3,1 Hr,Valid
Chisinau,PM2.5 - Principal,2022-11-24 08:00 PM,2022,11,24,20,14.9,57,Moderate,16.0,UG/M3,1 Hr,Valid
Chisinau,PM2.5 - Principal,2022-11-24 09:00 PM,2022,11,24,21,17.3,62,Moderate,20.0,UG/M3,1 Hr,Valid
Chisinau,PM2.5 - Principal,2022-11-24 10:00 PM,2022,11,24,22,14.4,56,Moderate,11.0,UG/M3,1 Hr,Valid
Chisinau,PM2.5 - Principal,2022-11-24 11:00 PM,2022,11,24,23,14.7,56,Moderate,15.0,UG/M3,1 Hr,Valid
Chisinau,PM2.5 - Principal,2022-11-25 12:00 AM,2022,11,25,00,13.9,55,Moderate,13.0,UG/M3,1 Hr,Valid
Chisinau,PM2.5 - Principal,2022-11-25 01:00 AM,2022,11,25,01,14.4,56,Moderate,15.0,UG/M3,1 Hr,Valid
Chisinau,PM2.5 - Principal,2022-11-25 02:00 AM,2022,11,25,02,13.3,54,Moderate,12.0,UG/M3,1 Hr,Valid
Chisinau,PM2.5 - Principal,2022-11-25 03:00 AM,2022,11,25,03,12.7,52,Moderate,12.0,UG/M3,1 Hr,Valid
Chisinau,PM2.5 - Principal,2022-11-25 04:00 AM,2022,11,25,04,11.9,50,Good,11.0,UG/M3,1 Hr,Valid
Chisinau,PM2.5 - Principal,2022-11-25 05:00 AM,2022,11,25,05,10.4,43,Good,9.0,UG/M3,1 Hr,Valid
Chisinau,PM2.5 - Principal,2022-11-25 06:00 AM,2022,11,25,06,12.7,52,Moderate,15.0,UG/M3,1 Hr,Valid
Chisinau,PM2.5 - Principal,2022-11-25 07:00 AM,2022,11,25,07,12.8,52,Moderate,13.0,UG/M3,1 Hr,Valid
Chisinau,PM2.5 - Principal,2022-11-25 08:00 AM,2022,11,25,08,12.9,53,Moderate,13.0,UG/M3,1 Hr,Valid
Chisinau,PM2.5 - Principal,2022-11-25 09:00 AM,2022,11,25,09,12.8,52,Moderate,13.0,UG/M3,1 Hr,Valid
Chisinau,PM2.5 - Principal,2022-11-25 10:00 AM,2022,11,25,10,13.3,54,Moderate,14.0,UG/M3,1 Hr,Valid
Chisinau,PM2.5 - Principal,2022-11-25 11:00 AM,2022,11,25,11,12.7,52,Moderate,12.0,UG/M3,1 Hr,Valid
Chisinau,PM2.5 - Principal,2022-11-25 12:00 PM,2022,11,25,12,13.6,54,Moderate,15.0,UG/M3,1 Hr,Valid
Chisinau,PM2.5 - Principal,2022-11-25 01:00 PM,2022,11,25,13,15.3,58,Moderate,17.0,UG/M3,1 Hr,Valid
Chisinau,PM2.5 - Principal,2022-11-25 02:00 PM,2022,11,25,14,16.1,59,Moderate,17.0,UG/M3,1 Hr,Valid
Chisinau,PM2.5 - Principal,2022-11-25 03:00 PM,2022,11,25,15,15.5,58,Moderate,15.0,UG/M3,1 Hr,Valid
Chisinau,PM2.5 - Principal,2022-11-25 04:00 PM,2022,11,25,16,16.8,61,Moderate,18.0,UG/M3,1 Hr,Valid
Chisinau,PM2.5 - Principal,2022-11-25 05:00 PM,2022,11,25,17,15.8,59,Moderate,15.0,UG/M3,1 Hr,Valid
Chisinau,PM2.5 - Principal,2022-11-25 06:00 PM,2022,11,25,18,16.2,60,Moderate,17.0,UG/M3,1 Hr,Valid
Chisinau,PM2.5 - Principal,2022-11-25 07:00 PM,2022,11,25,19,16.8,61,Moderate,18.0,UG/M3,1 Hr,Valid
Chisinau,PM2.5 - Principal,2022-11-25 08:00 PM,2022,11,25,20,18.2,64,Moderate,20.0,UG/M3,1 Hr,Valid
Chisinau,PM2.5 - Principal,2022-11-25 09:00 PM,2022,11,25,21,18.9,65,Moderate,20.0,UG/M3,1 Hr,Valid
Chisinau,PM2.5 - Principal,2022-11-25 10:00 PM,2022,11,25,22,20.4,68,Moderate,22.0,UG/M3,1 Hr,Valid
Chisinau,PM2.5 - Principal,2022-11-25 11:00 PM,2022,11,25,23,18.8,65,Moderate,17.0,UG/M3,1 Hr,Valid
Chisinau,PM2.5 - Principal,2022-11-26 12:00 AM,2022,11,26,00,17.9,63,Moderate,16.0,UG/M3,1 Hr,Valid
Chisinau,PM2.5 - Principal,2022-11-26 01:00 AM,2022,11,26,01,17.9,63,Moderate,18.0,UG/M3,1 Hr,Valid
Chisinau,PM2.5 - Principal,2022-11-26 02:00 AM,2022,11,26,02,18.6,65,Moderate,20.0,UG/M3,1 Hr,Valid
Chisinau,PM2.5 - Principal,2022-11-26 03:00 AM,2022,11,26,03,20.1,68,Moderate,23.0,UG/M3,1 Hr,Valid
Chisinau,PM2.5 - Principal,2022-11-26 04:00 AM,2022,11,26,04,21.1,70,Moderate,23.0,UG/M3,1 Hr,Valid
Chisinau,PM2.5 - Principal,2022-11-26 05:00 AM,2022,11,26,05,21.2,70,Moderate,22.0,UG/M3,1 Hr,Valid
Chisinau,PM2.5 - Principal,2022-11-26 06:00 AM,2022,11,26,06,21.2,70,Moderate,-999.0,UG/M3,1 Hr,Missing
Chisinau,PM2.5 - Principal,2022-12-02 10:00 AM,2022,12,02,10,-999.0,-999,N/A,30.0,UG/M3,1 Hr,Valid
Chisinau,PM2.5 - Principal,2022-12-02 11:00 AM,2022,12,02,11,27.8,84,Moderate,26.0,UG/M3,1 Hr,Valid
Chisinau,PM2.5 - Principal,2022-12-02 12:00 PM,2022,12,02,12,27.9,84,Moderate,28.0,UG/M3,1 Hr,Valid
Chisinau,PM2.5 - Principal,2022-12-02 01:00 PM,2022,12,02,13,27.3,83,Moderate,26.0,UG/M3,1 Hr,Valid
Chisinau,PM2.5 - Principal,2022-12-02 02:00 PM,2022,12,02,14,25.4,79,Moderate,22.0,UG/M3,1 Hr,Valid
Chisinau,PM2.5 - Principal,2022-12-02 03:00 PM,2022,12,02,15,25.2,79,Moderate,25.0,UG/M3,1 Hr,Valid
Chisinau,PM2.5 - Principal,2022-12-02 04:00 PM,2022,12,02,16,25.1,78,Moderate,25.0,UG/M3,1 Hr,Valid
Chisinau,PM2.5 - Principal,2022-12-02 05:00 PM,2022,12,02,17,25.1,78,Moderate,-999.0,UG/M3,1 Hr,Missing
Chisinau,PM2.5 - Principal,2022-12-15 12:00 PM,2022,12,15,12,-999.0,-999,N/A,14.0,UG/M3,1 Hr,Valid
Chisinau,PM2.5 - Principal,2022-12-15 01:00 PM,2022,12,15,13,16.8,61,Moderate,19.0,UG/M3,1 Hr,Valid
Chisinau,PM2.5 - Principal,2022-12-15 02:00 PM,2022,12,15,14,20.0,68,Moderate,23.0,UG/M3,1 Hr,Valid
Chisinau,PM2.5 - Principal,2022-12-15 03:00 PM,2022,12,15,15,20.5,69,Moderate,21.0,UG/M3,1 Hr,Valid
Chisinau,PM2.5 - Principal,2022-12-15 04:00 PM,2022,12,15,16,20.7,69,Moderate,21.0,UG/M3,1 Hr,Valid
Chisinau,PM2.5 - Principal,2022-12-15 05:00 PM,2022,12,15,17,20.4,68,Moderate,20.0,UG/M3,1 Hr,Valid
Chisinau,PM2.5 - Principal,2022-12-15 06:00 PM,2022,12,15,18,21.4,71,Moderate,23.0,UG/M3,1 Hr,Valid
Chisinau,PM2.5 - Principal,2022-12-15 07:00 PM,2022,12,15,19,26.8,82,Moderate,32.0,UG/M3,1 Hr,Valid
Chisinau,PM2.5 - Principal,2022-12-15 08:00 PM,2022,12,15,20,26.9,82,Moderate,27.0,UG/M3,1 Hr,Valid
Chisinau,PM2.5 - Principal,2022-12-15 09:00 PM,2022,12,15,21,26.4,81,Moderate,26.0,UG/M3,1 Hr,Valid
Chisinau,PM2.5 - Principal,2022-12-15 10:00 PM,2022,12,15,22,27.2,83,Moderate,28.0,UG/M3,1 Hr,Valid
Chisinau,PM2.5 - Principal,2022-12-15 11:00 PM,2022,12,15,23,27.6,84,Moderate,28.0,UG/M3,1 Hr,Valid
Chisinau,PM2.5 - Principal,2022-12-16 12:00 AM,2022,12,16,00,27.3,83,Moderate,-999.0,UG/M3,1 Hr,Missing
Chisinau,PM2.5 - Principal,2022-12-16 11:00 AM,2022,12,16,11,-999.0,-999,N/A,12.0,UG/M3,1 Hr,Valid
Chisinau,PM2.5 - Principal,2022-12-16 12:00 PM,2022,12,16,12,10.9,45,Good,10.0,UG/M3,1 Hr,Valid
Chisinau,PM2.5 - Principal,2022-12-16 01:00 PM,2022,12,16,13,10.0,42,Good,9.0,UG/M3,1 Hr,Valid
Chisinau,PM2.5 - Principal,2022-12-16 02:00 PM,2022,12,16,14,10.0,42,Good,10.0,UG/M3,1 Hr,Valid
Chisinau,PM2.5 - Principal,2022-12-16 03:00 PM,2022,12,16,15,13.3,54,Moderate,17.0,UG/M3,1 Hr,Valid
Chisinau,PM2.5 - Principal,2022-12-16 04:00 PM,2022,12,16,16,15.1,57,Moderate,17.0,UG/M3,1 Hr,Valid
Chisinau,PM2.5 - Principal,2022-12-16 05:00 PM,2022,12,16,17,16.0,59,Moderate,17.0,UG/M3,1 Hr,Valid
Chisinau,PM2.5 - Principal,2022-12-16 06:00 PM,2022,12,16,18,16.0,59,Moderate,16.0,UG/M3,1 Hr,Valid
Chisinau,PM2.5 - Principal,2022-12-16 07:00 PM,2022,12,16,19,16.0,59,Moderate,16.0,UG/M3,1 Hr,Valid
Chisinau,PM2.5 - Principal,2022-12-16 08:00 PM,2022,12,16,20,17.5,62,Moderate,19.0,UG/M3,1 Hr,Valid
Chisinau,PM2.5 - Principal,2022-12-16 09:00 PM,2022,12,16,21,20.2,68,Moderate,23.0,UG/M3,1 Hr,Valid
Chisinau,PM2.5 - Principal,2022-12-16 10:00 PM,2022,12,16,22,23.1,74,Moderate,26.0,UG/M3,1 Hr,Valid
Chisinau,PM2.5 - Principal,2022-12-16 11:00 PM,2022,12,16,23,23.5,75,Moderate,24.0,UG/M3,1 Hr,Valid
Chisinau,PM2.5 - Principal,2022-12-17 12:00 AM,2022,12,17,00,25.2,79,Moderate,27.0,UG/M3,1 Hr,Valid
Chisinau,PM2.5 - Principal,2022-12-17 01:00 AM,2022,12,17,01,24.1,76,Moderate,23.0,UG/M3,1 Hr,Valid
Chisinau,PM2.5 - Principal,2022-12-17 02:00 AM,2022,12,17,02,24.3,77,Moderate,25.0,UG/M3,1 Hr,Valid
Chisinau,PM2.5 - Principal,2022-12-17 03:00 AM,2022,12,17,03,24.2,76,Moderate,24.0,UG/M3,1 Hr,Valid
Chisinau,PM2.5 - Principal,2022-12-17 04:00 AM,2022,12,17,04,24.5,77,Moderate,25.0,UG/M3,1 Hr,Valid
Chisinau,PM2.5 - Principal,2022-12-17 05:00 AM,2022,12,17,05,22.7,73,Moderate,20.0,UG/M3,1 Hr,Valid
Chisinau,PM2.5 - Principal,2022-12-17 06:00 AM,2022,12,17,06,23.2,74,Moderate,24.0,UG/M3,1 Hr,Valid
Chisinau,PM2.5 - Principal,2022-12-17 07:00 AM,2022,12,17,07,22.6,73,Moderate,21.0,UG/M3,1 Hr,Valid
Chisinau,PM2.5 - Principal,2022-12-17 08:00 AM,2022,12,17,08,22.8,74,Moderate,23.0,UG/M3,1 Hr,Valid
Chisinau,PM2.5 - Principal,2022-12-17 09:00 AM,2022,12,17,09,24.3,77,Moderate,28.0,UG/M3,1 Hr,Valid
Chisinau,PM2.5 - Principal,2022-12-17 10:00 AM,2022,12,17,10,23.0,74,Moderate,20.0,UG/M3,1 Hr,Valid
Chisinau,PM2.5 - Principal,2022-12-17 11:00 AM,2022,12,17,11,23.0,74,Moderate,23.0,UG/M3,1 Hr,Valid
Chisinau,PM2.5 - Principal,2022-12-17 12:00 PM,2022,12,17,12,21.1,70,Moderate,18.0,UG/M3,1 Hr,Valid
Chisinau,PM2.5 - Principal,2022-12-17 01:00 PM,2022,12,17,13,18.7,65,Moderate,16.0,UG/M3,1 Hr,Valid
Chisinau,PM2.5 - Principal,2022-12-17 02:00 PM,2022,12,17,14,19.2,66,Moderate,20.0,UG/M3,1 Hr,Valid
Chisinau,PM2.5 - Principal,2022-12-17 03:00 PM,2022,12,17,15,20.4,68,Moderate,22.0,UG/M3,1 Hr,Valid
Chisinau,PM2.5 - Principal,2022-12-17 04:00 PM,2022,12,17,16,21.5,71,Moderate,23.0,UG/M3,1 Hr,Valid
Chisinau,PM2.5 - Principal,2022-12-17 05:00 PM,2022,12,17,17,27.8,84,Moderate,34.0,UG/M3,1 Hr,Valid
Chisinau,PM2.5 - Principal,2022-12-17 06:00 PM,2022,12,17,18,26.4,81,Moderate,25.0,UG/M3,1 Hr,Valid
Chisinau,PM2.5 - Principal,2022-12-17 07:00 PM,2022,12,17,19,24.7,77,Moderate,23.0,UG/M3,1 Hr,Valid
Chisinau,PM2.5 - Principal,2022-12-17 08:00 PM,2022,12,17,20,25.3,79,Moderate,26.0,UG/M3,1 Hr,Valid
Chisinau,PM2.5 - Principal,2022-12-17 09:00 PM,2022,12,17,21,21.1,70,Moderate,17.0,UG/M3,1 Hr,Valid
Chisinau,PM2.5 - Principal,2022-12-17 10:00 PM,2022,12,17,22,20.0,68,Moderate,19.0,UG/M3,1 Hr,Valid
Chisinau,PM2.5 - Principal,2022-12-17 11:00 PM,2022,12,17,23,17.0,61,Moderate,14.0,UG/M3,1 Hr,Valid
Chisinau,PM2.5 - Principal,2022-12-18 12:00 AM,2022,12,18,00,15.0,57,Moderate,13.0,UG/M3,1 Hr,Valid
Chisinau,PM2.5 - Principal,2022-12-18 01:00 AM,2022,12,18,01,16.0,59,Moderate,17.0,UG/M3,1 Hr,Valid
Chisinau,PM2.5 - Principal,2022-12-18 02:00 AM,2022,12,18,02,18.5,64,Moderate,21.0,UG/M3,1 Hr,Valid
Chisinau,PM2.5 - Principal,2022-12-18 03:00 AM,2022,12,18,03,21.2,70,Moderate,24.0,UG/M3,1 Hr,Valid
Chisinau,PM2.5 - Principal,2022-12-18 04:00 AM,2022,12,18,04,22.1,72,Moderate,23.0,UG/M3,1 Hr,Valid
Chisinau,PM2.5 - Principal,2022-12-18 05:00 AM,2022,12,18,05,24.0,76,Moderate,26.0,UG/M3,1 Hr,Valid
Chisinau,PM2.5 - Principal,2022-12-18 06:00 AM,2022,12,18,06,24.5,77,Moderate,25.0,UG/M3,1 Hr,Valid
Chisinau,PM2.5 - Principal,2022-12-18 07:00 AM,2022,12,18,07,25.7,80,Moderate,27.0,UG/M3,1 Hr,Valid
Chisinau,PM2.5 - Principal,2022-12-18 08:00 AM,2022,12,18,08,24.8,78,Moderate,24.0,UG/M3,1 Hr,Valid
Chisinau,PM2.5 - Principal,2022-12-18 09:00 AM,2022,12,18,09,26.4,81,Moderate,28.0,UG/M3,1 Hr,Valid
Chisinau,PM2.5 - Principal,2022-12-18 10:00 AM,2022,12,18,10,23.7,75,Moderate,21.0,UG/M3,1 Hr,Valid
Chisinau,PM2.5 - Principal,2022-12-18 11:00 AM,2022,12,18,11,25.3,79,Moderate,27.0,UG/M3,1 Hr,Valid
Chisinau,PM2.5 - Principal,2022-12-18 12:00 PM,2022,12,18,12,26.8,82,Moderate,29.0,UG/M3,1 Hr,Valid
Chisinau,PM2.5 - Principal,2022-12-18 01:00 PM,2022,12,18,13,25.8,80,Moderate,25.0,UG/M3,1 Hr,Valid
Chisinau,PM2.5 - Principal,2022-12-18 02:00 PM,2022,12,18,14,25.1,78,Moderate,23.0,UG/M3,1 Hr,Valid
Chisinau,PM2.5 - Principal,2022-12-18 03:00 PM,2022,12,18,15,22.2,72,Moderate,18.0,UG/M3,1 Hr,Valid
Chisinau,PM2.5 - Principal,2022-12-18 04:00 PM,2022,12,18,16,19.9,67,Moderate,17.0,UG/M3,1 Hr,Valid
Chisinau,PM2.5 - Principal,2022-12-18 05:00 PM,2022,12,18,17,17.9,63,Moderate,16.0,UG/M3,1 Hr,Valid
Chisinau,PM2.5 - Principal,2022-12-18 06:00 PM,2022,12,18,18,18.8,65,Moderate,20.0,UG/M3,1 Hr,Valid
Chisinau,PM2.5 - Principal,2022-12-18 07:00 PM,2022,12,18,19,18.4,64,Moderate,18.0,UG/M3,1 Hr,Valid
Chisinau,PM2.5 - Principal,2022-12-18 08:00 PM,2022,12,18,20,19.1,66,Moderate,20.0,UG/M3,1 Hr,Valid
Chisinau,PM2.5 - Principal,2022-12-18 09:00 PM,2022,12,18,21,20.4,68,Moderate,22.0,UG/M3,1 Hr,Valid
Chisinau,PM2.5 - Principal,2022-12-18 10:00 PM,2022,12,18,22,21.1,70,Moderate,22.0,UG/M3,1 Hr,Valid
Chisinau,PM2.5 - Principal,2022-12-18 11:00 PM,2022,12,18,23,21.5,71,Moderate,22.0,UG/M3,1 Hr,Valid
Chisinau,PM2.5 - Principal,2022-12-19 12:00 AM,2022,12,19,00,21.5,71,Moderate,22.0,UG/M3,1 Hr,Valid
Chisinau,PM2.5 - Principal,2022-12-19 01:00 AM,2022,12,19,01,20.2,68,Moderate,18.0,UG/M3,1 Hr,Valid
Chisinau,PM2.5 - Principal,2022-12-19 02:00 AM,2022,12,19,02,20.1,68,Moderate,20.0,UG/M3,1 Hr,Valid
Chisinau,PM2.5 - Principal,2022-12-19 03:00 AM,2022,12,19,03,21.0,70,Moderate,23.0,UG/M3,1 Hr,Valid
Chisinau,PM2.5 - Principal,2022-12-19 04:00 AM,2022,12,19,04,21.0,70,Moderate,21.0,UG/M3,1 Hr,Valid
Chisinau,PM2.5 - Principal,2022-12-19 05:00 AM,2022,12,19,05,21.8,71,Moderate,24.0,UG/M3,1 Hr,Valid
Chisinau,PM2.5 - Principal,2022-12-19 06:00 AM,2022,12,19,06,24.2,76,Moderate,28.0,UG/M3,1 Hr,Valid
Chisinau,PM2.5 - Principal,2022-12-19 07:00 AM,2022,12,19,07,23.8,76,Moderate,23.0,UG/M3,1 Hr,Valid
Chisinau,PM2.5 - Principal,2022-12-19 08:00 AM,2022,12,19,08,25.3,79,Moderate,28.0,UG/M3,1 Hr,Valid
Chisinau,PM2.5 - Principal,2022-12-19 09:00 AM,2022,12,19,09,25.9,80,Moderate,27.0,UG/M3,1 Hr,Valid
Chisinau,PM2.5 - Principal,2022-12-19 10:00 AM,2022,12,19,10,24.8,78,Moderate,23.0,UG/M3,1 Hr,Valid
Chisinau,PM2.5 - Principal,2022-12-19 11:00 AM,2022,12,19,11,25.6,79,Moderate,27.0,UG/M3,1 Hr,Valid
Chisinau,PM2.5 - Principal,2022-12-19 12:00 PM,2022,12,19,12,25.4,79,Moderate,25.0,UG/M3,1 Hr,Valid
Chisinau,PM2.5 - Principal,2022-12-19 01:00 PM,2022,12,19,13,25.5,79,Moderate,26.0,UG/M3,1 Hr,Valid
Chisinau,PM2.5 - Principal,2022-12-19 02:00 PM,2022,12,19,14,25.1,78,Moderate,24.0,UG/M3,1 Hr,Valid
Chisinau,PM2.5 - Principal,2022-12-19 03:00 PM,2022,12,19,15,24.6,77,Moderate,23.0,UG/M3,1 Hr,Valid
Chisinau,PM2.5 - Principal,2022-12-19 04:00 PM,2022,12,19,16,25.2,79,Moderate,27.0,UG/M3,1 Hr,Valid
Chisinau,PM2.5 - Principal,2022-12-19 05:00 PM,2022,12,19,17,27.6,84,Moderate,33.0,UG/M3,1 Hr,Valid
Chisinau,PM2.5 - Principal,2022-12-19 06:00 PM,2022,12,19,18,30.3,89,Moderate,35.0,UG/M3,1 Hr,Valid
Chisinau,PM2.5 - Principal,2022-12-19 07:00 PM,2022,12,19,19,38.3,108,Unhealthy for Sensitive Groups,45.0,UG/M3,1 Hr,Valid
Chisinau,PM2.5 - Principal,2022-12-19 08:00 PM,2022,12,19,20,41.6,116,Unhealthy for Sensitive Groups,45.0,UG/M3,1 Hr,Valid
Chisinau,PM2.5 - Principal,2022-12-19 09:00 PM,2022,12,19,21,57.8,152,Unhealthy,74.0,UG/M3,1 Hr,Valid
Chisinau,PM2.5 - Principal,2022-12-19 10:00 PM,2022,12,19,22,67.9,157,Unhealthy,78.0,UG/M3,1 Hr,Valid
Chisinau,PM2.5 - Principal,2022-12-19 11:00 PM,2022,12,19,23,67.4,157,Unhealthy,67.0,UG/M3,1 Hr,Valid
Chisinau,PM2.5 - Principal,2022-12-20 12:00 AM,2022,12,20,00,80.7,164,Unhealthy,94.0,UG/M3,1 Hr,Valid
Chisinau,PM2.5 - Principal,2022-12-20 01:00 AM,2022,12,20,01,75.3,161,Unhealthy,70.0,UG/M3,1 Hr,Valid
Chisinau,PM2.5 - Principal,2022-12-20 02:00 AM,2022,12,20,02,76.6,162,Unhealthy,78.0,UG/M3,1 Hr,Valid
Chisinau,PM2.5 - Principal,2022-12-20 03:00 AM,2022,12,20,03,74.3,161,Unhealthy,72.0,UG/M3,1 Hr,Valid
Chisinau,PM2.5 - Principal,2022-12-20 04:00 AM,2022,12,20,04,63.1,155,Unhealthy,52.0,UG/M3,1 Hr,Valid
Chisinau,PM2.5 - Principal,2022-12-20 05:00 AM,2022,12,20,05,57.5,152,Unhealthy,52.0,UG/M3,1 Hr,Valid
Chisinau,PM2.5 - Principal,2022-12-20 06:00 AM,2022,12,20,06,48.2,132,Unhealthy for Sensitive Groups,39.0,UG/M3,1 Hr,Valid
Chisinau,PM2.5 - Principal,2022-12-20 07:00 AM,2022,12,20,07,43.1,120,Unhealthy for Sensitive Groups,38.0,UG/M3,1 Hr,Valid
Chisinau,PM2.5 - Principal,2022-12-20 08:00 AM,2022,12,20,08,36.5,103,Unhealthy for Sensitive Groups,30.0,UG/M3,1 Hr,Valid
Chisinau,PM2.5 - Principal,2022-12-20 09:00 AM,2022,12,20,09,35.7,101,Unhealthy for Sensitive Groups,35.0,UG/M3,1 Hr,Valid
Chisinau,PM2.5 - Principal,2022-12-20 10:00 AM,2022,12,20,10,33.8,97,Moderate,32.0,UG/M3,1 Hr,Valid
Chisinau,PM2.5 - Principal,2022-12-20 11:00 AM,2022,12,20,11,29.9,88,Moderate,26.0,UG/M3,1 Hr,Valid
Chisinau,PM2.5 - Principal,2022-12-20 12:00 PM,2022,12,20,12,22.9,74,Moderate,16.0,UG/M3,1 Hr,Valid
Chisinau,PM2.5 - Principal,2022-12-20 01:00 PM,2022,12,20,13,20.9,70,Moderate,19.0,UG/M3,1 Hr,Valid
Chisinau,PM2.5 - Principal,2022-12-20 02:00 PM,2022,12,20,14,16.9,61,Moderate,13.0,UG/M3,1 Hr,Valid
Chisinau,PM2.5 - Principal,2022-12-20 03:00 PM,2022,12,20,15,17.4,62,Moderate,18.0,UG/M3,1 Hr,Valid
Chisinau,PM2.5 - Principal,2022-12-20 04:00 PM,2022,12,20,16,17.2,62,Moderate,17.0,UG/M3,1 Hr,Valid
Chisinau,PM2.5 - Principal,2022-12-20 05:00 PM,2022,12,20,17,18.1,64,Moderate,19.0,UG/M3,1 Hr,Valid
Chisinau,PM2.5 - Principal,2022-12-20 06:00 PM,2022,12,20,18,19.5,67,Moderate,21.0,UG/M3,1 Hr,Valid
Chisinau,PM2.5 - Principal,2022-12-20 07:00 PM,2022,12,20,19,21.2,70,Moderate,23.0,UG/M3,1 Hr,Valid
Chisinau,PM2.5 - Principal,2022-12-20 08:00 PM,2022,12,20,20,20.6,69,Moderate,20.0,UG/M3,1 Hr,Valid
Chisinau,PM2.5 - Principal,2022-12-20 09:00 PM,2022,12,20,21,20.3,68,Moderate,20.0,UG/M3,1 Hr,Valid
Chisinau,PM2.5 - Principal,2022-12-20 10:00 PM,2022,12,20,22,19.6,67,Moderate,19.0,UG/M3,1 Hr,Valid
Chisinau,PM2.5 - Principal,2022-12-20 11:00 PM,2022,12,20,23,18.5,64,Moderate,17.0,UG/M3,1 Hr,Valid
Chisinau,PM2.5 - Principal,2022-12-21 12:00 AM,2022,12,21,00,22.1,72,Moderate,26.0,UG/M3,1 Hr,Valid
Chisinau,PM2.5 - Principal,2022-12-21 01:00 AM,2022,12,21,01,21.5,71,Moderate,21.0,UG/M3,1 Hr,Valid
Chisinau,PM2.5 - Principal,2022-12-21 02:00 AM,2022,12,21,02,21.1,70,Moderate,21.0,UG/M3,1 Hr,Valid
Chisinau,PM2.5 - Principal,2022-12-21 03:00 AM,2022,12,21,03,22.1,72,Moderate,24.0,UG/M3,1 Hr,Valid
Chisinau,PM2.5 - Principal,2022-12-21 04:00 AM,2022,12,21,04,23.5,75,Moderate,26.0,UG/M3,1 Hr,Valid
Chisinau,PM2.5 - Principal,2022-12-21 05:00 AM,2022,12,21,05,22.9,74,Moderate,22.0,UG/M3,1 Hr,Valid
Chisinau,PM2.5 - Principal,2022-12-21 06:00 AM,2022,12,21,06,22.9,74,Moderate,23.0,UG/M3,1 Hr,Valid
Chisinau,PM2.5 - Principal,2022-12-21 07:00 AM,2022,12,21,07,23.6,75,Moderate,25.0,UG/M3,1 Hr,Valid
Chisinau,PM2.5 - Principal,2022-12-21 08:00 AM,2022,12,21,08,25.9,80,Moderate,29.0,UG/M3,1 Hr,Valid
Chisinau,PM2.5 - Principal,2022-12-21 09:00 AM,2022,12,21,09,28.3,85,Moderate,31.0,UG/M3,1 Hr,Valid
Chisinau,PM2.5 - Principal,2022-12-21 10:00 AM,2022,12,21,10,27.7,84,Moderate,27.0,UG/M3,1 Hr,Valid
Chisinau,PM2.5 - Principal,2022-12-21 11:00 AM,2022,12,21,11,26.5,81,Moderate,25.0,UG/M3,1 Hr,Valid
Chisinau,PM2.5 - Principal,2022-12-21 12:00 PM,2022,12,21,12,27.3,83,Moderate,29.0,UG/M3,1 Hr,Valid
Chisinau,PM2.5 - Principal,2022-12-21 01:00 PM,2022,12,21,13,27.8,84,Moderate,29.0,UG/M3,1 Hr,Valid
Chisinau,PM2.5 - Principal,2022-12-21 02:00 PM,2022,12,21,14,29.6,88,Moderate,33.0,UG/M3,1 Hr,Valid
Chisinau,PM2.5 - Principal,2022-12-21 03:00 PM,2022,12,21,15,30.4,89,Moderate,32.0,UG/M3,1 Hr,Valid
Chisinau,PM2.5 - Principal,2022-12-21 04:00 PM,2022,12,21,16,30.9,91,Moderate,32.0,UG/M3,1 Hr,Valid
Chisinau,PM2.5 - Principal,2022-12-21 05:00 PM,2022,12,21,17,30.5,90,Moderate,30.0,UG/M3,1 Hr,Valid
Chisinau,PM2.5 - Principal,2022-12-21 06:00 PM,2022,12,21,18,29.8,88,Moderate,28.0,UG/M3,1 Hr,Valid
Chisinau,PM2.5 - Principal,2022-12-21 07:00 PM,2022,12,21,19,29.9,88,Moderate,30.0,UG/M3,1 Hr,Valid
Chisinau,PM2.5 - Principal,2022-12-21 08:00 PM,2022,12,21,20,28.9,86,Moderate,26.0,UG/M3,1 Hr,Valid
Chisinau,PM2.5 - Principal,2022-12-21 09:00 PM,2022,12,21,21,27.4,83,Moderate,24.0,UG/M3,1 Hr,Valid
Chisinau,PM2.5 - Principal,2022-12-21 10:00 PM,2022,12,21,22,27.3,83,Moderate,27.0,UG/M3,1 Hr,Valid
Chisinau,PM2.5 - Principal,2022-12-21 11:00 PM,2022,12,21,23,28.3,85,Moderate,31.0,UG/M3,1 Hr,Valid
Chisinau,PM2.5 - Principal,2022-12-22 12:00 AM,2022,12,22,00,27.4,83,Moderate,25.0,UG/M3,1 Hr,Valid
Chisinau,PM2.5 - Principal,2022-12-22 01:00 AM,2022,12,22,01,27.0,82,Moderate,26.0,UG/M3,1 Hr,Valid
Chisinau,PM2.5 - Principal,2022-12-22 02:00 AM,2022,12,22,02,25.8,80,Moderate,23.0,UG/M3,1 Hr,Valid
Chisinau,PM2.5 - Principal,2022-12-22 03:00 AM,2022,12,22,03,24.4,77,Moderate,22.0,UG/M3,1 Hr,Valid
Chisinau,PM2.5 - Principal,2022-12-22 04:00 AM,2022,12,22,04,24.6,77,Moderate,25.0,UG/M3,1 Hr,Valid
Chisinau,PM2.5 - Principal,2022-12-22 05:00 AM,2022,12,22,05,25.0,78,Moderate,26.0,UG/M3,1 Hr,Valid
Chisinau,PM2.5 - Principal,2022-12-22 06:00 AM,2022,12,22,06,25.3,79,Moderate,26.0,UG/M3,1 Hr,Valid
Chisinau,PM2.5 - Principal,2022-12-22 07:00 AM,2022,12,22,07,25.2,79,Moderate,25.0,UG/M3,1 Hr,Valid
Chisinau,PM2.5 - Principal,2022-12-22 08:00 AM,2022,12,22,08,24.5,77,Moderate,23.0,UG/M3,1 Hr,Valid
Chisinau,PM2.5 - Principal,2022-12-22 09:00 AM,2022,12,22,09,26.4,81,Moderate,31.0,UG/M3,1 Hr,Valid
Chisinau,PM2.5 - Principal,2022-12-22 10:00 AM,2022,12,22,10,26.0,80,Moderate,25.0,UG/M3,1 Hr,Valid
Chisinau,PM2.5 - Principal,2022-12-22 11:00 AM,2022,12,22,11,26.8,82,Moderate,29.0,UG/M3,1 Hr,Valid
Chisinau,PM2.5 - Principal,2022-12-22 12:00 PM,2022,12,22,12,27.2,83,Moderate,28.0,UG/M3,1 Hr,Valid
Chisinau,PM2.5 - Principal,2022-12-22 01:00 PM,2022,12,22,13,27.7,84,Moderate,29.0,UG/M3,1 Hr,Valid
Chisinau,PM2.5 - Principal,2022-12-22 02:00 PM,2022,12,22,14,27.8,84,Moderate,28.0,UG/M3,1 Hr,Valid
Chisinau,PM2.5 - Principal,2022-12-22 03:00 PM,2022,12,22,15,28.6,86,Moderate,31.0,UG/M3,1 Hr,Valid
Chisinau,PM2.5 - Principal,2022-12-22 04:00 PM,2022,12,22,16,28.7,86,Moderate,29.0,UG/M3,1 Hr,Valid
Chisinau,PM2.5 - Principal,2022-12-22 05:00 PM,2022,12,22,17,29.7,88,Moderate,32.0,UG/M3,1 Hr,Valid
Chisinau,PM2.5 - Principal,2022-12-22 06:00 PM,2022,12,22,18,30.4,89,Moderate,32.0,UG/M3,1 Hr,Valid
Chisinau,PM2.5 - Principal,2022-12-22 07:00 PM,2022,12,22,19,32.7,94,Moderate,36.0,UG/M3,1 Hr,Valid
Chisinau,PM2.5 - Principal,2022-12-22 08:00 PM,2022,12,22,20,32.8,95,Moderate,34.0,UG/M3,1 Hr,Valid
Chisinau,PM2.5 - Principal,2022-12-22 09:00 PM,2022,12,22,21,33.2,95,Moderate,34.0,UG/M3,1 Hr,Valid
Chisinau,PM2.5 - Principal,2022-12-22 10:00 PM,2022,12,22,22,33.2,95,Moderate,35.0,UG/M3,1 Hr,Valid
Chisinau,PM2.5 - Principal,2022-12-22 11:00 PM,2022,12,22,23,34.3,98,Moderate,37.0,UG/M3,1 Hr,Valid
Chisinau,PM2.5 - Principal,2022-12-23 12:00 AM,2022,12,23,00,34.0,97,Moderate,33.0,UG/M3,1 Hr,Valid
Chisinau,PM2.5 - Principal,2022-12-23 01:00 AM,2022,12,23,01,33.8,97,Moderate,33.0,UG/M3,1 Hr,Valid
Chisinau,PM2.5 - Principal,2022-12-23 02:00 AM,2022,12,23,02,32.7,94,Moderate,29.0,UG/M3,1 Hr,Valid
Chisinau,PM2.5 - Principal,2022-12-23 03:00 AM,2022,12,23,03,33.0,95,Moderate,34.0,UG/M3,1 Hr,Valid
Chisinau,PM2.5 - Principal,2022-12-23 04:00 AM,2022,12,23,04,33.1,95,Moderate,33.0,UG/M3,1 Hr,Valid
Chisinau,PM2.5 - Principal,2022-12-23 05:00 AM,2022,12,23,05,31.7,92,Moderate,28.0,UG/M3,1 Hr,Valid
Chisinau,PM2.5 - Principal,2022-12-23 06:00 AM,2022,12,23,06,31.8,92,Moderate,32.0,UG/M3,1 Hr,Valid
Chisinau,PM2.5 - Principal,2022-12-23 07:00 AM,2022,12,23,07,32.3,93,Moderate,34.0,UG/M3,1 Hr,Valid
Chisinau,PM2.5 - Principal,2022-12-23 08:00 AM,2022,12,23,08,32.4,94,Moderate,33.0,UG/M3,1 Hr,Valid
Chisinau,PM2.5 - Principal,2022-12-23 09:00 AM,2022,12,23,09,33.3,96,Moderate,36.0,UG/M3,1 Hr,Valid
Chisinau,PM2.5 - Principal,2022-12-23 10:00 AM,2022,12,23,10,33.5,96,Moderate,34.0,UG/M3,1 Hr,Valid
Chisinau,PM2.5 - Principal,2022-12-23 11:00 AM,2022,12,23,11,34.3,98,Moderate,37.0,UG/M3,1 Hr,Valid
Chisinau,PM2.5 - Principal,2022-12-23 12:00 PM,2022,12,23,12,33.5,96,Moderate,31.0,UG/M3,1 Hr,Valid
Chisinau,PM2.5 - Principal,2022-12-23 01:00 PM,2022,12,23,13,33.9,97,Moderate,35.0,UG/M3,1 Hr,Valid
Chisinau,PM2.5 - Principal,2022-12-23 02:00 PM,2022,12,23,14,36.2,103,Unhealthy for Sensitive Groups,41.0,UG/M3,1 Hr,Valid
Chisinau,PM2.5 - Principal,2022-12-23 03:00 PM,2022,12,23,15,51.7,141,Unhealthy for Sensitive Groups,66.0,UG/M3,1 Hr,Valid
Chisinau,PM2.5 - Principal,2022-12-23 04:00 PM,2022,12,23,16,56.8,152,Unhealthy,62.0,UG/M3,1 Hr,Valid
Chisinau,PM2.5 - Principal,2022-12-23 05:00 PM,2022,12,23,17,58.4,152,Unhealthy,60.0,UG/M3,1 Hr,Valid
Chisinau,PM2.5 - Principal,2022-12-23 06:00 PM,2022,12,23,18,58.7,153,Unhealthy,59.0,UG/M3,1 Hr,Valid
Chisinau,PM2.5 - Principal,2022-12-23 07:00 PM,2022,12,23,19,67.3,157,Unhealthy,76.0,UG/M3,1 Hr,Valid
Chisinau,PM2.5 - Principal,2022-12-23 08:00 PM,2022,12,23,20,101.6,175,Unhealthy,136.0,UG/M3,1 Hr,Valid
Chisinau,PM2.5 - Principal,2022-12-23 09:00 PM,2022,12,23,21,103.3,176,Unhealthy,105.0,UG/M3,1 Hr,Valid
Chisinau,PM2.5 - Principal,2022-12-23 10:00 PM,2022,12,23,22,118.6,184,Unhealthy,134.0,UG/M3,1 Hr,Valid
Chisinau,PM2.5 - Principal,2022-12-23 11:00 PM,2022,12,23,23,142.8,196,Unhealthy,167.0,UG/M3,1 Hr,Valid
Chisinau,PM2.5 - Principal,2022-12-24 12:00 AM,2022,12,24,00,150.9,201,Very Unhealthy,159.0,UG/M3,1 Hr,Valid
Chisinau,PM2.5 - Principal,2022-12-24 01:00 AM,2022,12,24,01,143.4,196,Unhealthy,136.0,UG/M3,1 Hr,Valid
Chisinau,PM2.5 - Principal,2022-12-24 02:00 AM,2022,12,24,02,142.7,196,Unhealthy,142.0,UG/M3,1 Hr,Valid
Chisinau,PM2.5 - Principal,2022-12-24 03:00 AM,2022,12,24,03,137.3,193,Unhealthy,132.0,UG/M3,1 Hr,Valid
Chisinau,PM2.5 - Principal,2022-12-24 04:00 AM,2022,12,24,04,134.7,192,Unhealthy,132.0,UG/M3,1 Hr,Valid
Chisinau,PM2.5 - Principal,2022-12-24 05:00 AM,2022,12,24,05,127.8,188,Unhealthy,121.0,UG/M3,1 Hr,Valid
Chisinau,PM2.5 - Principal,2022-12-24 06:00 AM,2022,12,24,06,126.4,188,Unhealthy,125.0,UG/M3,1 Hr,Valid
Chisinau,PM2.5 - Principal,2022-12-24 07:00 AM,2022,12,24,07,126.1,187,Unhealthy,122.0,UG/M3,1 Hr,Valid
Chisinau,PM2.5 - Principal,2022-12-24 08:00 AM,2022,12,24,08,122.3,185,Unhealthy,116.0,UG/M3,1 Hr,Valid
Chisinau,PM2.5 - Principal,2022-12-24 09:00 AM,2022,12,24,09,123.3,186,Unhealthy,122.0,UG/M3,1 Hr,Valid
Chisinau,PM2.5 - Principal,2022-12-24 10:00 AM,2022,12,24,10,128.1,188,Unhealthy,139.0,UG/M3,1 Hr,Valid
Chisinau,PM2.5 - Principal,2022-12-24 11:00 AM,2022,12,24,11,118.3,183,Unhealthy,101.0,UG/M3,1 Hr,Valid
Chisinau,PM2.5 - Principal,2022-12-24 12:00 PM,2022,12,24,12,109.0,179,Unhealthy,92.0,UG/M3,1 Hr,Valid
Chisinau,PM2.5 - Principal,2022-12-24 01:00 PM,2022,12,24,13,90.6,169,Unhealthy,75.0,UG/M3,1 Hr,Valid
Chisinau,PM2.5 - Principal,2022-12-24 02:00 PM,2022,12,24,14,72.6,160,Unhealthy,56.0,UG/M3,1 Hr,Valid
Chisinau,PM2.5 - Principal,2022-12-24 03:00 PM,2022,12,24,15,59.8,153,Unhealthy,47.0,UG/M3,1 Hr,Valid
Chisinau,PM2.5 - Principal,2022-12-24 04:00 PM,2022,12,24,16,58.4,152,Unhealthy,57.0,UG/M3,1 Hr,Valid
Chisinau,PM2.5 - Principal,2022-12-24 05:00 PM,2022,12,24,17,50.6,138,Unhealthy for Sensitive Groups,43.0,UG/M3,1 Hr,Valid
Chisinau,PM2.5 - Principal,2022-12-24 06:00 PM,2022,12,24,18,48.3,133,Unhealthy for Sensitive Groups,46.0,UG/M3,1 Hr,Valid
Chisinau,PM2.5 - Principal,2022-12-24 07:00 PM,2022,12,24,19,53.1,144,Unhealthy for Sensitive Groups,58.0,UG/M3,1 Hr,Valid
Chisinau,PM2.5 - Principal,2022-12-24 08:00 PM,2022,12,24,20,61.0,154,Unhealthy,69.0,UG/M3,1 Hr,Valid
Chisinau,PM2.5 - Principal,2022-12-24 09:00 PM,2022,12,24,21,73.0,160,Unhealthy,85.0,UG/M3,1 Hr,Valid
Chisinau,PM2.5 - Principal,2022-12-24 10:00 PM,2022,12,24,22,85.5,166,Unhealthy,98.0,UG/M3,1 Hr,Valid
Chisinau,PM2.5 - Principal,2022-12-24 11:00 PM,2022,12,24,23,93.7,171,Unhealthy,102.0,UG/M3,1 Hr,Valid
Chisinau,PM2.5 - Principal,2022-12-25 12:00 AM,2022,12,25,00,98.8,173,Unhealthy,104.0,UG/M3,1 Hr,Valid
Chisinau,PM2.5 - Principal,2022-12-25 01:00 AM,2022,12,25,01,96.9,172,Unhealthy,95.0,UG/M3,1 Hr,Valid
Chisinau,PM2.5 - Principal,2022-12-25 02:00 AM,2022,12,25,02,93.9,171,Unhealthy,91.0,UG/M3,1 Hr,Valid
Chisinau,PM2.5 - Principal,2022-12-25 03:00 AM,2022,12,25,03,84.9,166,Unhealthy,76.0,UG/M3,1 Hr,Valid
Chisinau,PM2.5 - Principal,2022-12-25 04:00 AM,2022,12,25,04,75.9,162,Unhealthy,67.0,UG/M3,1 Hr,Valid
Chisinau,PM2.5 - Principal,2022-12-25 05:00 AM,2022,12,25,05,64.4,156,Unhealthy,53.0,UG/M3,1 Hr,Valid
Chisinau,PM2.5 - Principal,2022-12-25 06:00 AM,2022,12,25,06,56.2,151,Unhealthy,48.0,UG/M3,1 Hr,Valid
Chisinau,PM2.5 - Principal,2022-12-25 07:00 AM,2022,12,25,07,49.1,134,Unhealthy for Sensitive Groups,42.0,UG/M3,1 Hr,Valid
Chisinau,PM2.5 - Principal,2022-12-25 08:00 AM,2022,12,25,08,44.5,123,Unhealthy for Sensitive Groups,40.0,UG/M3,1 Hr,Valid
Chisinau,PM2.5 - Principal,2022-12-25 09:00 AM,2022,12,25,09,41.7,116,Unhealthy for Sensitive Groups,39.0,UG/M3,1 Hr,Valid
Chisinau,PM2.5 - Principal,2022-12-25 10:00 AM,2022,12,25,10,39.3,110,Unhealthy for Sensitive Groups,37.0,UG/M3,1 Hr,Valid
Chisinau,PM2.5 - Principal,2022-12-25 11:00 AM,2022,12,25,11,34.1,97,Moderate,29.0,UG/M3,1 Hr,Valid
Chisinau,PM2.5 - Principal,2022-12-25 12:00 PM,2022,12,25,12,30.0,89,Moderate,26.0,UG/M3,1 Hr,Valid
Chisinau,PM2.5 - Principal,2022-12-25 01:00 PM,2022,12,25,13,33.0,95,Moderate,36.0,UG/M3,1 Hr,Valid
Chisinau,PM2.5 - Principal,2022-12-25 02:00 PM,2022,12,25,14,33.0,95,Moderate,33.0,UG/M3,1 Hr,Valid
Chisinau,PM2.5 - Principal,2022-12-25 03:00 PM,2022,12,25,15,29.4,87,Moderate,26.0,UG/M3,1 Hr,Valid
Chisinau,PM2.5 - Principal,2022-12-25 04:00 PM,2022,12,25,16,28.2,85,Moderate,27.0,UG/M3,1 Hr,Valid
Chisinau,PM2.5 - Principal,2022-12-25 05:00 PM,2022,12,25,17,26.1,80,Moderate,24.0,UG/M3,1 Hr,Valid
Chisinau,PM2.5 - Principal,2022-12-25 06:00 PM,2022,12,25,18,26.8,82,Moderate,27.0,UG/M3,1 Hr,Valid
Chisinau,PM2.5 - Principal,2022-12-25 07:00 PM,2022,12,25,19,25.1,78,Moderate,23.0,UG/M3,1 Hr,Valid
Chisinau,PM2.5 - Principal,2022-12-25 08:00 PM,2022,12,25,20,24.7,77,Moderate,24.0,UG/M3,1 Hr,Valid
Chisinau,PM2.5 - Principal,2022-12-25 09:00 PM,2022,12,25,21,24.1,76,Moderate,23.0,UG/M3,1 Hr,Valid
Chisinau,PM2.5 - Principal,2022-12-25 10:00 PM,2022,12,25,22,25.9,80,Moderate,29.0,UG/M3,1 Hr,Valid
Chisinau,PM2.5 - Principal,2022-12-25 11:00 PM,2022,12,25,23,27.0,82,Moderate,29.0,UG/M3,1 Hr,Valid
Chisinau,PM2.5 - Principal,2022-12-26 12:00 AM,2022,12,26,00,25.9,80,Moderate,24.0,UG/M3,1 Hr,Valid
Chisinau,PM2.5 - Principal,2022-12-26 01:00 AM,2022,12,26,01,24.1,76,Moderate,21.0,UG/M3,1 Hr,Valid
Chisinau,PM2.5 - Principal,2022-12-26 02:00 AM,2022,12,26,02,21.0,70,Moderate,17.0,UG/M3,1 Hr,Valid
Chisinau,PM2.5 - Principal,2022-12-26 03:00 AM,2022,12,26,03,19.7,67,Moderate,18.0,UG/M3,1 Hr,Valid
Chisinau,PM2.5 - Principal,2022-12-26 04:00 AM,2022,12,26,04,17.9,63,Moderate,16.0,UG/M3,1 Hr,Valid
Chisinau,PM2.5 - Principal,2022-12-26 05:00 AM,2022,12,26,05,18.8,65,Moderate,20.0,UG/M3,1 Hr,Valid
Chisinau,PM2.5 - Principal,2022-12-26 06:00 AM,2022,12,26,06,16.3,60,Moderate,14.0,UG/M3,1 Hr,Valid
Chisinau,PM2.5 - Principal,2022-12-26 07:00 AM,2022,12,26,07,17.6,63,Moderate,19.0,UG/M3,1 Hr,Valid
Chisinau,PM2.5 - Principal,2022-12-26 08:00 AM,2022,12,26,08,17.3,62,Moderate,17.0,UG/M3,1 Hr,Valid
Chisinau,PM2.5 - Principal,2022-12-26 09:00 AM,2022,12,26,09,17.1,62,Moderate,17.0,UG/M3,1 Hr,Valid
Chisinau,PM2.5 - Principal,2022-12-26 10:00 AM,2022,12,26,10,19.5,67,Moderate,22.0,UG/M3,1 Hr,Valid
Chisinau,PM2.5 - Principal,2022-12-26 11:00 AM,2022,12,26,11,39.2,110,Unhealthy for Sensitive Groups,59.0,UG/M3,1 Hr,Valid
Chisinau,PM2.5 - Principal,2022-12-26 12:00 PM,2022,12,26,12,33.6,96,Moderate,28.0,UG/M3,1 Hr,Valid
Chisinau,PM2.5 - Principal,2022-12-26 01:00 PM,2022,12,26,13,27.3,83,Moderate,21.0,UG/M3,1 Hr,Valid
Chisinau,PM2.5 - Principal,2022-12-26 02:00 PM,2022,12,26,14,23.1,74,Moderate,19.0,UG/M3,1 Hr,Valid
Chisinau,PM2.5 - Principal,2022-12-26 03:00 PM,2022,12,26,15,19.0,66,Moderate,15.0,UG/M3,1 Hr,Valid
Chisinau,PM2.5 - Principal,2022-12-26 04:00 PM,2022,12,26,16,18.5,64,Moderate,18.0,UG/M3,1 Hr,Valid
Chisinau,PM2.5 - Principal,2022-12-26 05:00 PM,2022,12,26,17,19.7,67,Moderate,21.0,UG/M3,1 Hr,Valid
Chisinau,PM2.5 - Principal,2022-12-26 06:00 PM,2022,12,26,18,20.8,69,Moderate,22.0,UG/M3,1 Hr,Valid
Chisinau,PM2.5 - Principal,2022-12-26 07:00 PM,2022,12,26,19,21.4,71,Moderate,22.0,UG/M3,1 Hr,Valid
Chisinau,PM2.5 - Principal,2022-12-26 08:00 PM,2022,12,26,20,23.2,74,Moderate,25.0,UG/M3,1 Hr,Valid
Chisinau,PM2.5 - Principal,2022-12-26 09:00 PM,2022,12,26,21,24.6,77,Moderate,26.0,UG/M3,1 Hr,Valid
Chisinau,PM2.5 - Principal,2022-12-26 10:00 PM,2022,12,26,22,25.3,79,Moderate,26.0,UG/M3,1 Hr,Valid
Chisinau,PM2.5 - Principal,2022-12-26 11:00 PM,2022,12,26,23,23.2,74,Moderate,21.0,UG/M3,1 Hr,Valid
Chisinau,PM2.5 - Principal,2022-12-27 12:00 AM,2022,12,27,00,23.9,76,Moderate,25.0,UG/M3,1 Hr,Valid
Chisinau,PM2.5 - Principal,2022-12-27 01:00 AM,2022,12,27,01,25.3,79,Moderate,27.0,UG/M3,1 Hr,Valid
Chisinau,PM2.5 - Principal,2022-12-27 02:00 AM,2022,12,27,02,24.7,77,Moderate,24.0,UG/M3,1 Hr,Valid
Chisinau,PM2.5 - Principal,2022-12-27 03:00 AM,2022,12,27,03,25.4,79,Moderate,27.0,UG/M3,1 Hr,Valid
Chisinau,PM2.5 - Principal,2022-12-27 04:00 AM,2022,12,27,04,23.8,76,Moderate,20.0,UG/M3,1 Hr,Valid
Chisinau,PM2.5 - Principal,2022-12-27 05:00 AM,2022,12,27,05,24.7,77,Moderate,27.0,UG/M3,1 Hr,Valid
Chisinau,PM2.5 - Principal,2022-12-27 06:00 AM,2022,12,27,06,24.5,77,Moderate,24.0,UG/M3,1 Hr,Valid
Chisinau,PM2.5 - Principal,2022-12-27 07:00 AM,2022,12,27,07,25.9,80,Moderate,29.0,UG/M3,1 Hr,Valid
Chisinau,PM2.5 - Principal,2022-12-27 08:00 AM,2022,12,27,08,30.1,89,Moderate,35.0,UG/M3,1 Hr,Valid
Chisinau,PM2.5 - Principal,2022-12-27 09:00 AM,2022,12,27,09,34.7,99,Moderate,39.0,UG/M3,1 Hr,Valid
Chisinau,PM2.5 - Principal,2022-12-27 10:00 AM,2022,12,27,10,37.4,106,Unhealthy for Sensitive Groups,40.0,UG/M3,1 Hr,Valid
Chisinau,PM2.5 - Principal,2022-12-27 11:00 AM,2022,12,27,11,59.2,153,Unhealthy,81.0,UG/M3,1 Hr,Valid
Chisinau,PM2.5 - Principal,2022-12-27 12:00 PM,2022,12,27,12,116.1,182,Unhealthy,173.0,UG/M3,1 Hr,Valid
Chisinau,PM2.5 - Principal,2022-12-27 01:00 PM,2022,12,27,13,87.5,168,Unhealthy,59.0,UG/M3,1 Hr,Valid
Chisinau,PM2.5 - Principal,2022-12-27 02:00 PM,2022,12,27,14,69.2,158,Unhealthy,51.0,UG/M3,1 Hr,Valid
Chisinau,PM2.5 - Principal,2022-12-27 03:00 PM,2022,12,27,15,64.1,155,Unhealthy,59.0,UG/M3,1 Hr,Valid
Chisinau,PM2.5 - Principal,2022-12-27 04:00 PM,2022,12,27,16,56.0,151,Unhealthy,48.0,UG/M3,1 Hr,Valid
Chisinau,PM2.5 - Principal,2022-12-27 05:00 PM,2022,12,27,17,46.5,128,Unhealthy for Sensitive Groups,37.0,UG/M3,1 Hr,Valid
Chisinau,PM2.5 - Principal,2022-12-27 06:00 PM,2022,12,27,18,33.7,96,Moderate,21.0,UG/M3,1 Hr,Valid
Chisinau,PM2.5 - Principal,2022-12-27 07:00 PM,2022,12,27,19,25.8,80,Moderate,18.0,UG/M3,1 Hr,Valid
Chisinau,PM2.5 - Principal,2022-12-27 08:00 PM,2022,12,27,20,22.9,74,Moderate,20.0,UG/M3,1 Hr,Valid
Chisinau,PM2.5 - Principal,2022-12-27 09:00 PM,2022,12,27,21,18.9,65,Moderate,15.0,UG/M3,1 Hr,Valid
Chisinau,PM2.5 - Principal,2022-12-27 10:00 PM,2022,12,27,22,15.4,58,Moderate,12.0,UG/M3,1 Hr,Valid
Chisinau,PM2.5 - Principal,2022-12-27 11:00 PM,2022,12,27,23,16.2,60,Moderate,17.0,UG/M3,1 Hr,Valid
Chisinau,PM2.5 - Principal,2022-12-28 12:00 AM,2022,12,28,00,15.0,57,Moderate,14.0,UG/M3,1 Hr,Valid
Chisinau,PM2.5 - Principal,2022-12-28 01:00 AM,2022,12,28,01,13.5,54,Moderate,12.0,UG/M3,1 Hr,Valid
Chisinau,PM2.5 - Principal,2022-12-28 02:00 AM,2022,12,28,02,14.7,56,Moderate,16.0,UG/M3,1 Hr,Valid
Chisinau,PM2.5 - Principal,2022-12-28 03:00 AM,2022,12,28,03,15.8,59,Moderate,17.0,UG/M3,1 Hr,Valid
Chisinau,PM2.5 - Principal,2022-12-28 04:00 AM,2022,12,28,04,14.9,57,Moderate,14.0,UG/M3,1 Hr,Valid
Chisinau,PM2.5 - Principal,2022-12-28 05:00 AM,2022,12,28,05,15.8,59,Moderate,17.0,UG/M3,1 Hr,Valid
Chisinau,PM2.5 - Principal,2022-12-28 06:00 AM,2022,12,28,06,14.6,56,Moderate,13.0,UG/M3,1 Hr,Valid
Chisinau,PM2.5 - Principal,2022-12-28 07:00 AM,2022,12,28,07,15.5,58,Moderate,17.0,UG/M3,1 Hr,Valid
Chisinau,PM2.5 - Principal,2022-12-28 08:00 AM,2022,12,28,08,16.8,61,Moderate,19.0,UG/M3,1 Hr,Valid
Chisinau,PM2.5 - Principal,2022-12-28 09:00 AM,2022,12,28,09,19.3,66,Moderate,22.0,UG/M3,1 Hr,Valid
Chisinau,PM2.5 - Principal,2022-12-28 10:00 AM,2022,12,28,10,17.8,63,Moderate,16.0,UG/M3,1 Hr,Valid
Chisinau,PM2.5 - Principal,2022-12-28 11:00 AM,2022,12,28,11,17.4,62,Moderate,17.0,UG/M3,1 Hr,Valid
Chisinau,PM2.5 - Principal,2022-12-28 12:00 PM,2022,12,28,12,14.9,57,Moderate,12.0,UG/M3,1 Hr,Valid
Chisinau,PM2.5 - Principal,2022-12-28 01:00 PM,2022,12,28,13,14.5,56,Moderate,14.0,UG/M3,1 Hr,Valid
Chisinau,PM2.5 - Principal,2022-12-28 02:00 PM,2022,12,28,14,13.8,55,Moderate,13.0,UG/M3,1 Hr,Valid
Chisinau,PM2.5 - Principal,2022-12-28 03:00 PM,2022,12,28,15,13.4,54,Moderate,13.0,UG/M3,1 Hr,Valid
Chisinau,PM2.5 - Principal,2022-12-28 04:00 PM,2022,12,28,16,15.0,57,Moderate,17.0,UG/M3,1 Hr,Valid
Chisinau,PM2.5 - Principal,2022-12-28 05:00 PM,2022,12,28,17,18.8,65,Moderate,23.0,UG/M3,1 Hr,Valid
Chisinau,PM2.5 - Principal,2022-12-28 06:00 PM,2022,12,28,18,26.0,80,Moderate,33.0,UG/M3,1 Hr,Valid
Chisinau,PM2.5 - Principal,2022-12-28 07:00 PM,2022,12,28,19,35.0,99,Moderate,44.0,UG/M3,1 Hr,Valid
Chisinau,PM2.5 - Principal,2022-12-28 08:00 PM,2022,12,28,20,42.0,117,Unhealthy for Sensitive Groups,49.0,UG/M3,1 Hr,Valid
Chisinau,PM2.5 - Principal,2022-12-28 09:00 PM,2022,12,28,21,61.0,154,Unhealthy,80.0,UG/M3,1 Hr,Valid
Chisinau,PM2.5 - Principal,2022-12-28 10:00 PM,2022,12,28,22,68.0,157,Unhealthy,75.0,UG/M3,1 Hr,Valid
Chisinau,PM2.5 - Principal,2022-12-28 11:00 PM,2022,12,28,23,64.0,155,Unhealthy,60.0,UG/M3,1 Hr,Valid
Chisinau,PM2.5 - Principal,2022-12-29 12:00 AM,2022,12,29,00,56.5,152,Unhealthy,49.0,UG/M3,1 Hr,Valid
Chisinau,PM2.5 - Principal,2022-12-29 01:00 AM,2022,12,29,01,39.2,110,Unhealthy for Sensitive Groups,22.0,UG/M3,1 Hr,Valid
Chisinau,PM2.5 - Principal,2022-12-29 02:00 AM,2022,12,29,02,32.1,93,Moderate,25.0,UG/M3,1 Hr,Valid
Chisinau,PM2.5 - Principal,2022-12-29 03:00 AM,2022,12,29,03,31.5,92,Moderate,31.0,UG/M3,1 Hr,Valid
Chisinau,PM2.5 - Principal,2022-12-29 04:00 AM,2022,12,29,04,24.7,77,Moderate,18.0,UG/M3,1 Hr,Valid
Chisinau,PM2.5 - Principal,2022-12-29 05:00 AM,2022,12,29,05,20.8,69,Moderate,17.0,UG/M3,1 Hr,Valid
Chisinau,PM2.5 - Principal,2022-12-29 06:00 AM,2022,12,29,06,19.4,66,Moderate,18.0,UG/M3,1 Hr,Valid
Chisinau,PM2.5 - Principal,2022-12-29 07:00 AM,2022,12,29,07,18.2,64,Moderate,17.0,UG/M3,1 Hr,Valid
Chisinau,PM2.5 - Principal,2022-12-29 08:00 AM,2022,12,29,08,17.6,63,Moderate,17.0,UG/M3,1 Hr,Valid
Chisinau,PM2.5 - Principal,2022-12-29 09:00 AM,2022,12,29,09,17.2,62,Moderate,17.0,UG/M3,1 Hr,Valid
Chisinau,PM2.5 - Principal,2022-12-29 10:00 AM,2022,12,29,10,18.1,64,Moderate,19.0,UG/M3,1 Hr,Valid
Chisinau,PM2.5 - Principal,2022-12-29 11:00 AM,2022,12,29,11,19.0,66,Moderate,20.0,UG/M3,1 Hr,Valid
Chisinau,PM2.5 - Principal,2022-12-29 12:00 PM,2022,12,29,12,18.9,65,Moderate,19.0,UG/M3,1 Hr,Valid
Chisinau,PM2.5 - Principal,2022-12-29 01:00 PM,2022,12,29,13,16.5,60,Moderate,14.0,UG/M3,1 Hr,Valid
Chisinau,PM2.5 - Principal,2022-12-29 02:00 PM,2022,12,29,14,15.7,59,Moderate,15.0,UG/M3,1 Hr,Valid
Chisinau,PM2.5 - Principal,2022-12-29 03:00 PM,2022,12,29,15,14.4,56,Moderate,12.0,UG/M3,1 Hr,Valid
Chisinau,PM2.5 - Principal,2022-12-29 04:00 PM,2022,12,29,16,15.8,59,Moderate,18.0,UG/M3,1 Hr,Valid
Chisinau,PM2.5 - Principal,2022-12-29 05:00 PM,2022,12,29,17,17.1,62,Moderate,19.0,UG/M3,1 Hr,Valid
Chisinau,PM2.5 - Principal,2022-12-29 06:00 PM,2022,12,29,18,20.0,68,Moderate,23.0,UG/M3,1 Hr,Valid
Chisinau,PM2.5 - Principal,2022-12-29 07:00 PM,2022,12,29,19,23.1,74,Moderate,26.0,UG/M3,1 Hr,Valid
Chisinau,PM2.5 - Principal,2022-12-29 08:00 PM,2022,12,29,20,29.0,87,Moderate,35.0,UG/M3,1 Hr,Valid
Chisinau,PM2.5 - Principal,2022-12-29 09:00 PM,2022,12,29,21,33.0,95,Moderate,37.0,UG/M3,1 Hr,Valid
Chisinau,PM2.5 - Principal,2022-12-29 10:00 PM,2022,12,29,22,35.0,99,Moderate,37.0,UG/M3,1 Hr,Valid
Chisinau,PM2.5 - Principal,2022-12-29 11:00 PM,2022,12,29,23,40.0,112,Unhealthy for Sensitive Groups,45.0,UG/M3,1 Hr,Valid
Chisinau,PM2.5 - Principal,2022-12-30 12:00 AM,2022,12,30,00,42.0,117,Unhealthy for Sensitive Groups,44.0,UG/M3,1 Hr,Valid
Chisinau,PM2.5 - Principal,2022-12-30 01:00 AM,2022,12,30,01,44.5,123,Unhealthy for Sensitive Groups,47.0,UG/M3,1 Hr,Valid
Chisinau,PM2.5 - Principal,2022-12-30 02:00 AM,2022,12,30,02,44.7,124,Unhealthy for Sensitive Groups,45.0,UG/M3,1 Hr,Valid
Chisinau,PM2.5 - Principal,2022-12-30 03:00 AM,2022,12,30,03,43.3,120,Unhealthy for Sensitive Groups,42.0,UG/M3,1 Hr,Valid
Chisinau,PM2.5 - Principal,2022-12-30 04:00 AM,2022,12,30,04,45.1,125,Unhealthy for Sensitive Groups,47.0,UG/M3,1 Hr,Valid
Chisinau,PM2.5 - Principal,2022-12-30 05:00 AM,2022,12,30,05,47.1,130,Unhealthy for Sensitive Groups,49.0,UG/M3,1 Hr,Valid
Chisinau,PM2.5 - Principal,2022-12-30 06:00 AM,2022,12,30,06,46.9,129,Unhealthy for Sensitive Groups,47.0,UG/M3,1 Hr,Valid
Chisinau,PM2.5 - Principal,2022-12-30 07:00 AM,2022,12,30,07,49.1,134,Unhealthy for Sensitive Groups,54.0,UG/M3,1 Hr,Valid
Chisinau,PM2.5 - Principal,2022-12-30 08:00 AM,2022,12,30,08,55.8,151,Unhealthy,64.0,UG/M3,1 Hr,Valid
Chisinau,PM2.5 - Principal,2022-12-30 09:00 AM,2022,12,30,09,59.2,153,Unhealthy,64.0,UG/M3,1 Hr,Valid
Chisinau,PM2.5 - Principal,2022-12-30 10:00 AM,2022,12,30,10,57.7,152,Unhealthy,-999.0,UG/M3,1 Hr,Missing
Chisinau,PM2.5 - Principal,2022-12-30 11:00 AM,2022,12,30,11,95.5,172,Unhealthy,113.0,UG/M3,1 Hr,Valid
Chisinau,PM2.5 - Principal,2022-12-30 12:00 PM,2022,12,30,12,112.9,181,Unhealthy,126.0,UG/M3,1 Hr,Valid
Chisinau,PM2.5 - Principal,2022-12-30 01:00 PM,2022,12,30,13,77.7,162,Unhealthy,47.0,UG/M3,1 Hr,Valid
Chisinau,PM2.5 - Principal,2022-12-30 02:00 PM,2022,12,30,14,65.5,156,Unhealthy,54.0,UG/M3,1 Hr,Valid
Chisinau,PM2.5 - Principal,2022-12-30 03:00 PM,2022,12,30,15,59.6,153,Unhealthy,54.0,UG/M3,1 Hr,Valid
Chisinau,PM2.5 - Principal,2022-12-30 04:00 PM,2022,12,30,16,58.3,152,Unhealthy,57.0,UG/M3,1 Hr,Valid
Chisinau,PM2.5 - Principal,2022-12-30 05:00 PM,2022,12,30,17,56.1,151,Unhealthy,54.0,UG/M3,1 Hr,Valid
Chisinau,PM2.5 - Principal,2022-12-30 06:00 PM,2022,12,30,18,66.0,156,Unhealthy,76.0,UG/M3,1 Hr,Valid
Chisinau,PM2.5 - Principal,2022-12-30 07:00 PM,2022,12,30,19,91.0,169,Unhealthy,116.0,UG/M3,1 Hr,Valid
Chisinau,PM2.5 - Principal,2022-12-30 08:00 PM,2022,12,30,20,96.5,172,Unhealthy,102.0,UG/M3,1 Hr,Valid
Chisinau,PM2.5 - Principal,2022-12-30 09:00 PM,2022,12,30,21,113.2,181,Unhealthy,130.0,UG/M3,1 Hr,Valid
Chisinau,PM2.5 - Principal,2022-12-30 10:00 PM,2022,12,30,22,114.6,182,Unhealthy,116.0,UG/M3,1 Hr,Valid
Chisinau,PM2.5 - Principal,2022-12-30 11:00 PM,2022,12,30,23,134.8,192,Unhealthy,155.0,UG/M3,1 Hr,Valid
Chisinau,PM2.5 - Principal,2022-12-31 12:00 AM,2022,12,31,00,141.4,195,Unhealthy,148.0,UG/M3,1 Hr,Valid
Chisinau,PM2.5 - Principal,2022-12-31 01:00 AM,2022,12,31,01,140.2,195,Unhealthy,139.0,UG/M3,1 Hr,Valid
Chisinau,PM2.5 - Principal,2022-12-31 02:00 AM,2022,12,31,02,147.1,198,Unhealthy,154.0,UG/M3,1 Hr,Valid
Chisinau,PM2.5 - Principal,2022-12-31 03:00 AM,2022,12,31,03,133.5,191,Unhealthy,120.0,UG/M3,1 Hr,Valid
Chisinau,PM2.5 - Principal,2022-12-31 04:00 AM,2022,12,31,04,121.2,185,Unhealthy,109.0,UG/M3,1 Hr,Valid
Chisinau,PM2.5 - Principal,2022-12-31 05:00 AM,2022,12,31,05,112.1,180,Unhealthy,103.0,UG/M3,1 Hr,Valid
Chisinau,PM2.5 - Principal,2022-12-31 06:00 AM,2022,12,31,06,108.7,178,Unhealthy,96.0,UG/M3,1 Hr,Valid
Chisinau,PM2.5 - Principal,2022-12-31 07:00 AM,2022,12,31,07,102.6,175,Unhealthy,94.0,UG/M3,1 Hr,Valid
Chisinau,PM2.5 - Principal,2022-12-31 08:00 AM,2022,12,31,08,92.1,170,Unhealthy,83.0,UG/M3,1 Hr,Valid
Chisinau,PM2.5 - Principal,2022-12-31 09:00 AM,2022,12,31,09,92.9,170,Unhealthy,94.0,UG/M3,1 Hr,Valid
Chisinau,PM2.5 - Principal,2022-12-31 10:00 AM,2022,12,31,10,91.5,170,Unhealthy,90.0,UG/M3,1 Hr,Valid
Chisinau,PM2.5 - Principal,2022-12-31 11:00 AM,2022,12,31,11,99.1,174,Unhealthy,108.0,UG/M3,1 Hr,Valid
Chisinau,PM2.5 - Principal,2022-12-31 12:00 PM,2022,12,31,12,106.9,178,Unhealthy,116.0,UG/M3,1 Hr,Valid
Chisinau,PM2.5 - Principal,2022-12-31 01:00 PM,2022,12,31,13,94.2,171,Unhealthy,80.0,UG/M3,1 Hr,Valid
Chisinau,PM2.5 - Principal,2022-12-31 02:00 PM,2022,12,31,14,63.9,155,Unhealthy,34.0,UG/M3,1 Hr,Valid
Chisinau,PM2.5 - Principal,2022-12-31 03:00 PM,2022,12,31,15,44.4,123,Unhealthy for Sensitive Groups,25.0,UG/M3,1 Hr,Valid
Chisinau,PM2.5 - Principal,2022-12-31 04:00 PM,2022,12,31,16,33.7,96,Moderate,23.0,UG/M3,1 Hr,Valid
Chisinau,PM2.5 - Principal,2022-12-31 05:00 PM,2022,12,31,17,29.8,88,Moderate,26.0,UG/M3,1 Hr,Valid
Chisinau,PM2.5 - Principal,2022-12-31 06:00 PM,2022,12,31,18,35.4,100,Moderate,41.0,UG/M3,1 Hr,Valid
Chisinau,PM2.5 - Principal,2022-12-31 07:00 PM,2022,12,31,19,41.7,116,Unhealthy for Sensitive Groups,48.0,UG/M3,1 Hr,Valid
Chisinau,PM2.5 - Principal,2022-12-31 08:00 PM,2022,12,31,20,49.3,135,Unhealthy for Sensitive Groups,57.0,UG/M3,1 Hr,Valid
Chisinau,PM2.5 - Principal,2022-12-31 09:00 PM,2022,12,31,21,54.6,148,Unhealthy for Sensitive Groups,60.0,UG/M3,1 Hr,Valid
Chisinau,PM2.5 - Principal,2022-12-31 10:00 PM,2022,12,31,22,50.3,137,Unhealthy for Sensitive Groups,46.0,UG/M3,1 Hr,Valid
Chisinau,PM2.5 - Principal,2022-12-31 11:00 PM,2022,12,31,23,47.1,130,Unhealthy for Sensitive Groups,44.0,UG/M3,1 Hr,Valid
Chisinau,PM2.5 - Principal,2023-01-01 12:00 AM,2023,01,01,00,51.0,139,Unhealthy for Sensitive Groups,55.0,UG/M3,1 Hr,Valid
