Site,Parameter,Date (LT),Year,Month,Day,Hour,NowCast Conc.,AQI,AQI Category,Raw Conc.,Conc. Unit,Duration,QC Name
Dubai,PM2.5 - Principal,2023-01-01 01:00 AM,2023,01,01,01,25.4,79,Moderate,28.0,UG/M3,1 Hr,Valid
Dubai,PM2.5 - Principal,2023-01-01 02:00 AM,2023,01,01,02,27.1,83,Moderate,30.0,UG/M3,1 Hr,Valid
Dubai,PM2.5 - Principal,2023-01-01 03:00 AM,2023,01,01,03,25.7,80,Moderate,23.0,UG/M3,1 Hr,Valid
Dubai,PM2.5 - Principal,2023-01-01 04:00 AM,2023,01,01,04,19.3,66,Moderate,13.0,UG/M3,1 Hr,Valid
Dubai,PM2.5 - Principal,2023-01-01 05:00 AM,2023,01,01,05,21.6,71,Moderate,24.0,UG/M3,1 Hr,Valid
Dubai,PM2.5 - Principal,2023-01-01 06:00 AM,2023,01,01,06,21.8,71,Moderate,22.0,UG/M3,1 Hr,Valid
Dubai,PM2.5 - Principal,2023-01-01 07:00 AM,2023,01,01,07,24.4,77,Moderate,27.0,UG/M3,1 Hr,Valid
Dubai,PM2.5 - Principal,2023-01-01 08:00 AM,2023,01,01,08,46.2,127,Unhealthy for Sensitive Groups,68.0,UG/M3,1 Hr,Valid
Dubai,PM2.5 - Principal,2023-01-01 09:00 AM,2023,01,01,09,56.1,151,Unhealthy,66.0,UG/M3,1 Hr,Valid
Dubai,PM2.5 - Principal,2023-01-01 10:00 AM,2023,01,01,10,56.5,152,Unhealthy,57.0,UG/M3,1 Hr,Valid
Dubai,PM2.5 - Principal,2023-01-01 11:00 AM,2023,01,01,11,51.7,141,Unhealthy for Sensitive Groups,47.0,UG/M3,1 Hr,Valid
Dubai,PM2.5 - Principal,2023-01-01 12:00 PM,2023,01,01,12,35.8,102,Unhealthy for Sensitive Groups,20.0,UG/M3,1 Hr,Valid
Dubai,PM2.5 - Principal,2023-01-01 01:00 PM,2023,01,01,13,30.9,91,Moderate,26.0,UG/M3,1 Hr,Valid
Dubai,PM2.5 - Principal,2023-01-01 02:00 PM,2023,01,01,14,28.9,86,Moderate,27.0,UG/M3,1 Hr,Valid
Dubai,PM2.5 - Principal,2023-01-01 03:00 PM,2023,01,01,15,27.9,84,Moderate,27.0,UG/M3,1 Hr,Valid
Dubai,PM2.5 - Principal,2023-01-01 04:00 PM,2023,01,01,16,28.4,85,Moderate,29.0,UG/M3,1 Hr,Valid
Dubai,PM2.5 - Principal,2023-01-01 05:00 PM,2023,01,01,17,36.2,103,Unhealthy for Sensitive Groups,44.0,UG/M3,1 Hr,Valid
Dubai,PM2.5 - Principal,2023-01-01 06:00 PM,2023,01,01,18,40.6,114,Unhealthy for Sensitive Groups,45.0,UG/M3,1 Hr,Valid
Dubai,PM2.5 - Principal,2023-01-01 07:00 PM,2023,01,01,19,40.3,113,Unhealthy for Sensitive Groups,40.0,UG/M3,1 Hr,Valid
Dubai,PM2.5 - Principal,2023-01-01 08:00 PM,2023,01,01,20,40.6,114,Unhealthy for Sensitive Groups,41.0,UG/M3,1 Hr,Valid
Dubai,PM2.5 - Principal,2023-01-01 09:00 PM,2023,01,01,21,33.8,97,Moderate,27.0,UG/M3,1 Hr,Valid
Dubai,PM2.5 - Principal,2023-01-01 10:00 PM,2023,01,01,22,30.4,89,Moderate,27.0,UG/M3,1 Hr,Valid
Dubai,PM2.5 - Principal,2023-01-01 11:00 PM,2023,01,01,23,25.2,79,Moderate,20.0,UG/M3,1 Hr,Valid
Dubai,PM2.5 - Principal,2023-01-02 12:00 AM,2023,01,02,00,23.1,74,Moderate,21.0,UG/M3,1 Hr,Valid
Dubai,PM2.5 - Principal,2023-01-02 01:00 AM,2023,01,02,01,37.0,105,Unhealthy for Sensitive Groups,51.0,UG/M3,1 Hr,Valid
Dubai,PM2.5 - Principal,2023-01-02 02:00 AM,2023,01,02,02,46.5,128,Unhealthy for Sensitive Groups,56.0,UG/M3,1 Hr,Valid
Dubai,PM2.5 - Principal,2023-01-02 03:00 AM,2023,01,02,03,54.2,147,Unhealthy for Sensitive Groups,62.0,UG/M3,1 Hr,Valid
Dubai,PM2.5 - Principal,2023-01-02 04:00 AM,2023,01,02,04,57.1,152,Unhealthy,60.0,UG/M3,1 Hr,Valid
Dubai,PM2.5 - Principal,2023-01-02 05:00 AM,2023,01,02,05,57.5,152,Unhealthy,58.0,UG/M3,1 Hr,Valid
Dubai,PM2.5 - Principal,2023-01-02 06:00 AM,2023,01,02,06,54.7,148,Unhealthy for Sensitive Groups,52.0,UG/M3,1 Hr,Valid
Dubai,PM2.5 - Principal,2023-01-02 07:00 AM,2023,01,02,07,59.8,153,Unhealthy,65.0,UG/M3,1 Hr,Valid
Dubai,PM2.5 - Principal,2023-01-02 08:00 AM,2023,01,02,08,67.9,157,Unhealthy,76.0,UG/M3,1 Hr,Valid
Dubai,PM2.5 - Principal,2023-01-02 09:00 AM,2023,01,02,09,75.9,162,Unhealthy,84.0,UG/M3,1 Hr,Valid
Dubai,PM2.5 - Principal,2023-01-02 10:00 AM,2023,01,02,10,68.9,158,Unhealthy,62.0,UG/M3,1 Hr,Valid
Dubai,PM2.5 - Principal,2023-01-02 11:00 AM,2023,01,02,11,70.0,158,Unhealthy,71.0,UG/M3,1 Hr,Valid
Dubai,PM2.5 - Principal,2023-01-02 12:00 PM,2023,01,02,12,64.6,156,Unhealthy,57.0,UG/M3,1 Hr,Valid
Dubai,PM2.5 - Principal,2023-01-02 01:00 PM,2023,01,02,13,57.3,152,Unhealthy,48.0,UG/M3,1 Hr,Valid
Dubai,PM2.5 - Principal,2023-01-02 02:00 PM,2023,01,02,14,47.8,131,Unhealthy for Sensitive Groups,40.0,UG/M3,1 Hr,Valid
Dubai,PM2.5 - Principal,2023-01-02 03:00 PM,2023,01,02,15,38.9,109,Unhealthy for Sensitive Groups,30.0,UG/M3,1 Hr,Valid
Dubai,PM2.5 - Principal,2023-01-02 04:00 PM,2023,01,02,16,34.4,98,Moderate,30.0,UG/M3,1 Hr,Valid
Dubai,PM2.5 - Principal,2023-01-02 05:00 PM,2023,01,02,17,34.4,98,Moderate,-999.0,UG/M3,1 Hr,Missing
Dubai,PM2.5 - Principal,2023-01-06 10:00 AM,2023,01,06,10,-999.0,-999,N/A,51.0,UG/M3,1 Hr,Valid
Dubai,PM2.5 - Principal,2023-01-06 11:00 AM,2023,01,06,11,51.5,140,Unhealthy for Sensitive Groups,52.0,UG/M3,1 Hr,Valid
Dubai,PM2.5 - Principal,2023-01-06 12:00 PM,2023,01,06,12,61.9,154,Unhealthy,74.0,UG/M3,1 Hr,Valid
Dubai,PM2.5 - Principal,2023-01-06 01:00 PM,2023,01,06,13,65.9,156,Unhealthy,72.0,UG/M3,1 Hr,Valid
Dubai,PM2.5 - Principal,2023-01-06 02:00 PM,2023,01,06,14,51.1,139,Unhealthy for Sensitive Groups,35.0,UG/M3,1 Hr,Valid
Dubai,PM2.5 - Principal,2023-01-06 03:00 PM,2023,01,06,15,42.9,119,Unhealthy for Sensitive Groups,35.0,UG/M3,1 Hr,Valid
Dubai,PM2.5 - Principal,2023-01-06 04:00 PM,2023,01,06,16,33.9,97,Moderate,25.0,UG/M3,1 Hr,Valid
Dubai,PM2.5 - Principal,2023-01-06 05:00 PM,2023,01,06,17,27.9,84,Moderate,22.0,UG/M3,1 Hr,Valid
Dubai,PM2.5 - Principal,2023-01-06 06:00 PM,2023,01,06,18,26.4,81,Moderate,25.0,UG/M3,1 Hr,Valid
Dubai,PM2.5 - Principal,2023-01-06 07:00 PM,2023,01,06,19,21.7,71,Moderate,17.0,UG/M3,1 Hr,Valid
Dubai,PM2.5 - Principal,2023-01-06 08:00 PM,2023,01,06,20,23.8,76,Moderate,26.0,UG/M3,1 Hr,Valid
Dubai,PM2.5 - Principal,2023-01-06 09:00 PM,2023,01,06,21,21.4,71,Moderate,19.0,UG/M3,1 Hr,Valid
Dubai,PM2.5 - Principal,2023-01-06 10:00 PM,2023,01,06,22,17.2,62,Moderate,13.0,UG/M3,1 Hr,Valid
Dubai,PM2.5 - Principal,2023-01-06 11:00 PM,2023,01,06,23,18.1,64,Moderate,19.0,UG/M3,1 Hr,Valid
Dubai,PM2.5 - Principal,2023-01-07 12:00 AM,2023,01,07,00,17.5,62,Moderate,17.0,UG/M3,1 Hr,Valid
Dubai,PM2.5 - Principal,2023-01-07 01:00 AM,2023,01,07,01,17.7,63,Moderate,18.0,UG/M3,1 Hr,Valid
Dubai,PM2.5 - Principal,2023-01-07 02:00 AM,2023,01,07,02,14.8,57,Moderate,12.0,UG/M3,1 Hr,Valid
Dubai,PM2.5 - Principal,2023-01-07 03:00 AM,2023,01,07,03,17.4,62,Moderate,20.0,UG/M3,1 Hr,Valid
Dubai,PM2.5 - Principal,2023-01-07 04:00 AM,2023,01,07,04,22.2,72,Moderate,27.0,UG/M3,1 Hr,Valid
Dubai,PM2.5 - Principal,2023-01-07 05:00 AM,2023,01,07,05,25.1,78,Moderate,28.0,UG/M3,1 Hr,Valid
Dubai,PM2.5 - Principal,2023-01-07 06:00 AM,2023,01,07,06,18.0,63,Moderate,11.0,UG/M3,1 Hr,Valid
Dubai,PM2.5 - Principal,2023-01-07 07:00 AM,2023,01,07,07,13.0,53,Moderate,8.0,UG/M3,1 Hr,Valid
Dubai,PM2.5 - Principal,2023-01-07 08:00 AM,2023,01,07,08,11.0,46,Good,9.0,UG/M3,1 Hr,Valid
Dubai,PM2.5 - Principal,2023-01-07 09:00 AM,2023,01,07,09,17.5,62,Moderate,24.0,UG/M3,1 Hr,Valid
Dubai,PM2.5 - Principal,2023-01-07 10:00 AM,2023,01,07,10,21.7,71,Moderate,26.0,UG/M3,1 Hr,Valid
Dubai,PM2.5 - Principal,2023-01-07 11:00 AM,2023,01,07,11,22.3,72,Moderate,23.0,UG/M3,1 Hr,Valid
Dubai,PM2.5 - Principal,2023-01-07 12:00 PM,2023,01,07,12,14.1,55,Moderate,6.0,UG/M3,1 Hr,Valid
Dubai,PM2.5 - Principal,2023-01-07 01:00 PM,2023,01,07,13,14.0,55,Moderate,14.0,UG/M3,1 Hr,Valid
Dubai,PM2.5 - Principal,2023-01-07 02:00 PM,2023,01,07,14,13.0,53,Moderate,12.0,UG/M3,1 Hr,Valid
Dubai,PM2.5 - Principal,2023-01-07 03:00 PM,2023,01,07,15,14.0,55,Moderate,15.0,UG/M3,1 Hr,Valid
Dubai,PM2.5 - Principal,2023-01-07 04:00 PM,2023,01,07,16,11.5,48,Good,9.0,UG/M3,1 Hr,Valid
Dubai,PM2.5 - Principal,2023-01-07 05:00 PM,2023,01,07,17,12.7,52,Moderate,14.0,UG/M3,1 Hr,Valid
Dubai,PM2.5 - Principal,2023-01-07 06:00 PM,2023,01,07,18,11.3,47,Good,10.0,UG/M3,1 Hr,Valid
Dubai,PM2.5 - Principal,2023-01-07 07:00 PM,2023,01,07,19,13.1,53,Moderate,15.0,UG/M3,1 Hr,Valid
Dubai,PM2.5 - Principal,2023-01-07 08:00 PM,2023,01,07,20,14.0,55,Moderate,15.0,UG/M3,1 Hr,Valid
Dubai,PM2.5 - Principal,2023-01-07 09:00 PM,2023,01,07,21,15.5,58,Moderate,17.0,UG/M3,1 Hr,Valid
Dubai,PM2.5 - Principal,2023-01-07 10:00 PM,2023,01,07,22,15.2,58,Moderate,15.0,UG/M3,1 Hr,Valid
Dubai,PM2.5 - Principal,2023-01-07 11:00 PM,2023,01,07,23,19.1,66,Moderate,23.0,UG/M3,1 Hr,Valid
Dubai,PM2.5 - Principal,2023-01-08 12:00 AM,2023,01,08,00,21.0,70,Moderate,23.0,UG/M3,1 Hr,Valid
Dubai,PM2.5 - Principal,2023-01-08 01:00 AM,2023,01,08,01,23.0,74,Moderate,25.0,UG/M3,1 Hr,Valid
Dubai,PM2.5 - Principal,2023-01-08 02:00 AM,2023,01,08,02,26.0,80,Moderate,29.0,UG/M3,1 Hr,Valid
Dubai,PM2.5 - Principal,2023-01-08 03:00 AM,2023,01,08,03,27.0,82,Moderate,28.0,UG/M3,1 Hr,Valid
Dubai,PM2.5 - Principal,2023-01-08 04:00 AM,2023,01,08,04,28.0,84,Moderate,29.0,UG/M3,1 Hr,Valid
Dubai,PM2.5 - Principal,2023-01-08 05:00 AM,2023,01,08,05,27.5,83,Moderate,27.0,UG/M3,1 Hr,Valid
Dubai,PM2.5 - Principal,2023-01-08 06:00 AM,2023,01,08,06,25.7,80,Moderate,24.0,UG/M3,1 Hr,Valid
Dubai,PM2.5 - Principal,2023-01-08 07:00 AM,2023,01,08,07,27.8,84,Moderate,30.0,UG/M3,1 Hr,Valid
Dubai,PM2.5 - Principal,2023-01-08 08:00 AM,2023,01,08,08,25.9,80,Moderate,24.0,UG/M3,1 Hr,Valid
Dubai,PM2.5 - Principal,2023-01-08 09:00 AM,2023,01,08,09,30.4,89,Moderate,35.0,UG/M3,1 Hr,Valid
Dubai,PM2.5 - Principal,2023-01-08 10:00 AM,2023,01,08,10,29.5,88,Moderate,30.0,UG/M3,1 Hr,Valid
Dubai,PM2.5 - Principal,2023-01-08 11:00 AM,2023,01,08,11,26.8,82,Moderate,22.0,UG/M3,1 Hr,Valid
Dubai,PM2.5 - Principal,2023-01-08 12:00 PM,2023,01,08,12,25.7,80,Moderate,24.0,UG/M3,1 Hr,Valid
Dubai,PM2.5 - Principal,2023-01-08 01:00 PM,2023,01,08,13,24.7,77,Moderate,23.0,UG/M3,1 Hr,Valid
Dubai,PM2.5 - Principal,2023-01-08 02:00 PM,2023,01,08,14,23.1,74,Moderate,21.0,UG/M3,1 Hr,Valid
Dubai,PM2.5 - Principal,2023-01-08 03:00 PM,2023,01,08,15,22.2,72,Moderate,21.0,UG/M3,1 Hr,Valid
Dubai,PM2.5 - Principal,2023-01-08 04:00 PM,2023,01,08,16,17.8,63,Moderate,14.0,UG/M3,1 Hr,Valid
Dubai,PM2.5 - Principal,2023-01-08 05:00 PM,2023,01,08,17,18.4,64,Moderate,19.0,UG/M3,1 Hr,Valid
Dubai,PM2.5 - Principal,2023-01-08 06:00 PM,2023,01,08,18,22.2,72,Moderate,26.0,UG/M3,1 Hr,Valid
Dubai,PM2.5 - Principal,2023-01-08 07:00 PM,2023,01,08,19,24.6,77,Moderate,27.0,UG/M3,1 Hr,Valid
Dubai,PM2.5 - Principal,2023-01-08 08:00 PM,2023,01,08,20,24.3,77,Moderate,24.0,UG/M3,1 Hr,Valid
Dubai,PM2.5 - Principal,2023-01-08 09:00 PM,2023,01,08,21,24.1,76,Moderate,24.0,UG/M3,1 Hr,Valid
Dubai,PM2.5 - Principal,2023-01-08 10:00 PM,2023,01,08,22,23.0,74,Moderate,22.0,UG/M3,1 Hr,Valid
Dubai,PM2.5 - Principal,2023-01-08 11:00 PM,2023,01,08,23,24.4,77,Moderate,26.0,UG/M3,1 Hr,Valid
Dubai,PM2.5 - Principal,2023-01-09 12:00 AM,2023,01,09,00,26.2,81,Moderate,28.0,UG/M3,1 Hr,Valid
Dubai,PM2.5 - Principal,2023-01-09 01:00 AM,2023,01,09,01,28.6,86,Moderate,31.0,UG/M3,1 Hr,Valid
Dubai,PM2.5 - Principal,2023-01-09 02:00 AM,2023,01,09,02,30.3,89,Moderate,32.0,UG/M3,1 Hr,Valid
Dubai,PM2.5 - Principal,2023-01-09 03:00 AM,2023,01,09,03,31.1,91,Moderate,32.0,UG/M3,1 Hr,Valid
Dubai,PM2.5 - Principal,2023-01-09 04:00 AM,2023,01,09,04,32.2,93,Moderate,34.0,UG/M3,1 Hr,Valid
Dubai,PM2.5 - Principal,2023-01-09 05:00 AM,2023,01,09,05,32.9,95,Moderate,35.0,UG/M3,1 Hr,Valid
Dubai,PM2.5 - Principal,2023-01-09 06:00 AM,2023,01,09,06,37.6,106,Unhealthy for Sensitive Groups,42.0,UG/M3,1 Hr,Valid
Dubai,PM2.5 - Principal,2023-01-09 07:00 AM,2023,01,09,07,47.4,130,Unhealthy for Sensitive Groups,57.0,UG/M3,1 Hr,Valid
Dubai,PM2.5 - Principal,2023-01-09 08:00 AM,2023,01,09,08,57.7,152,Unhealthy,68.0,UG/M3,1 Hr,Valid
Dubai,PM2.5 - Principal,2023-01-09 09:00 AM,2023,01,09,09,68.8,158,Unhealthy,80.0,UG/M3,1 Hr,Valid
Dubai,PM2.5 - Principal,2023-01-09 10:00 AM,2023,01,09,10,68.4,158,Unhealthy,68.0,UG/M3,1 Hr,Valid
Dubai,PM2.5 - Principal,2023-01-09 11:00 AM,2023,01,09,11,67.7,157,Unhealthy,67.0,UG/M3,1 Hr,Valid
Dubai,PM2.5 - Principal,2023-01-09 12:00 PM,2023,01,09,12,52.3,142,Unhealthy for Sensitive Groups,37.0,UG/M3,1 Hr,Valid
Dubai,PM2.5 - Principal,2023-01-09 01:00 PM,2023,01,09,13,48.6,133,Unhealthy for Sensitive Groups,45.0,UG/M3,1 Hr,Valid
Dubai,PM2.5 - Principal,2023-01-09 02:00 PM,2023,01,09,14,44.8,124,Unhealthy for Sensitive Groups,41.0,UG/M3,1 Hr,Valid
Dubai,PM2.5 - Principal,2023-01-09 03:00 PM,2023,01,09,15,39.9,112,Unhealthy for Sensitive Groups,35.0,UG/M3,1 Hr,Valid
Dubai,PM2.5 - Principal,2023-01-09 04:00 PM,2023,01,09,16,38.9,109,Unhealthy for Sensitive Groups,38.0,UG/M3,1 Hr,Valid
Dubai,PM2.5 - Principal,2023-01-09 05:00 PM,2023,01,09,17,35.9,102,Unhealthy for Sensitive Groups,33.0,UG/M3,1 Hr,Valid
Dubai,PM2.5 - Principal,2023-01-09 06:00 PM,2023,01,09,18,34.4,98,Moderate,33.0,UG/M3,1 Hr,Valid
Dubai,PM2.5 - Principal,2023-01-09 07:00 PM,2023,01,09,19,37.2,105,Unhealthy for Sensitive Groups,40.0,UG/M3,1 Hr,Valid
Dubai,PM2.5 - Principal,2023-01-09 08:00 PM,2023,01,09,20,40.6,114,Unhealthy for Sensitive Groups,44.0,UG/M3,1 Hr,Valid
Dubai,PM2.5 - Principal,2023-01-09 09:00 PM,2023,01,09,21,54.3,147,Unhealthy for Sensitive Groups,68.0,UG/M3,1 Hr,Valid
Dubai,PM2.5 - Principal,2023-01-09 10:00 PM,2023,01,09,22,72.1,160,Unhealthy,90.0,UG/M3,1 Hr,Valid
Dubai,PM2.5 - Principal,2023-01-09 11:00 PM,2023,01,09,23,79.5,163,Unhealthy,87.0,UG/M3,1 Hr,Valid
Dubai,PM2.5 - Principal,2023-01-10 12:00 AM,2023,01,10,00,70.7,159,Unhealthy,62.0,UG/M3,1 Hr,Valid
Dubai,PM2.5 - Principal,2023-01-10 01:00 AM,2023,01,10,01,73.9,161,Unhealthy,77.0,UG/M3,1 Hr,Valid
Dubai,PM2.5 - Principal,2023-01-10 02:00 AM,2023,01,10,02,79.4,163,Unhealthy,85.0,UG/M3,1 Hr,Valid
Dubai,PM2.5 - Principal,2023-01-10 03:00 AM,2023,01,10,03,74.2,161,Unhealthy,69.0,UG/M3,1 Hr,Valid
Dubai,PM2.5 - Principal,2023-01-10 04:00 AM,2023,01,10,04,77.1,162,Unhealthy,80.0,UG/M3,1 Hr,Valid
Dubai,PM2.5 - Principal,2023-01-10 05:00 AM,2023,01,10,05,77.0,162,Unhealthy,77.0,UG/M3,1 Hr,Valid
Dubai,PM2.5 - Principal,2023-01-10 06:00 AM,2023,01,10,06,72.5,160,Unhealthy,68.0,UG/M3,1 Hr,Valid
Dubai,PM2.5 - Principal,2023-01-10 07:00 AM,2023,01,10,07,77.2,162,Unhealthy,82.0,UG/M3,1 Hr,Valid
Dubai,PM2.5 - Principal,2023-01-10 08:00 AM,2023,01,10,08,72.6,160,Unhealthy,64.0,UG/M3,1 Hr,Valid
Dubai,PM2.5 - Principal,2023-01-10 09:00 AM,2023,01,10,09,71.5,159,Unhealthy,69.0,UG/M3,1 Hr,Valid
Dubai,PM2.5 - Principal,2023-01-10 10:00 AM,2023,01,10,10,72.6,160,Unhealthy,75.0,UG/M3,1 Hr,Valid
Dubai,PM2.5 - Principal,2023-01-10 11:00 AM,2023,01,10,11,86.3,167,Unhealthy,106.0,UG/M3,1 Hr,Valid
Dubai,PM2.5 - Principal,2023-01-10 12:00 PM,2023,01,10,12,122.6,186,Unhealthy,156.0,UG/M3,1 Hr,Valid
Dubai,PM2.5 - Principal,2023-01-10 01:00 PM,2023,01,10,13,184.3,234,Very Unhealthy,246.0,UG/M3,1 Hr,Valid
Dubai,PM2.5 - Principal,2023-01-10 02:00 PM,2023,01,10,14,296.7,347,Hazardous,409.0,UG/M3,1 Hr,Valid
Dubai,PM2.5 - Principal,2023-01-10 03:00 PM,2023,01,10,15,417.4,445,Hazardous,538.0,UG/M3,1 Hr,Valid
Dubai,PM2.5 - Principal,2023-01-10 04:00 PM,2023,01,10,16,308.2,358,Hazardous,199.0,UG/M3,1 Hr,Valid
Dubai,PM2.5 - Principal,2023-01-10 05:00 PM,2023,01,10,17,234.6,284,Very Unhealthy,161.0,UG/M3,1 Hr,Valid
Dubai,PM2.5 - Principal,2023-01-10 06:00 PM,2023,01,10,18,170.8,221,Very Unhealthy,107.0,UG/M3,1 Hr,Valid
Dubai,PM2.5 - Principal,2023-01-10 07:00 PM,2023,01,10,19,111.4,180,Unhealthy,52.0,UG/M3,1 Hr,Valid
Dubai,PM2.5 - Principal,2023-01-10 08:00 PM,2023,01,10,20,73.6,160,Unhealthy,36.0,UG/M3,1 Hr,Valid
Dubai,PM2.5 - Principal,2023-01-10 09:00 PM,2023,01,10,21,48.3,133,Unhealthy for Sensitive Groups,23.0,UG/M3,1 Hr,Valid
Dubai,PM2.5 - Principal,2023-01-10 10:00 PM,2023,01,10,22,41.1,115,Unhealthy for Sensitive Groups,34.0,UG/M3,1 Hr,Valid
Dubai,PM2.5 - Principal,2023-01-10 11:00 PM,2023,01,10,23,40.0,112,Unhealthy for Sensitive Groups,39.0,UG/M3,1 Hr,Valid
Dubai,PM2.5 - Principal,2023-01-11 12:00 AM,2023,01,11,00,44.5,123,Unhealthy for Sensitive Groups,49.0,UG/M3,1 Hr,Valid
Dubai,PM2.5 - Principal,2023-01-11 01:00 AM,2023,01,11,01,38.7,109,Unhealthy for Sensitive Groups,33.0,UG/M3,1 Hr,Valid
Dubai,PM2.5 - Principal,2023-01-11 02:00 AM,2023,01,11,02,36.3,103,Unhealthy for Sensitive Groups,34.0,UG/M3,1 Hr,Valid
Dubai,PM2.5 - Principal,2023-01-11 03:00 AM,2023,01,11,03,33.5,96,Moderate,31.0,UG/M3,1 Hr,Valid
Dubai,PM2.5 - Principal,2023-01-11 04:00 AM,2023,01,11,04,32.2,93,Moderate,31.0,UG/M3,1 Hr,Valid
Dubai,PM2.5 - Principal,2023-01-11 05:00 AM,2023,01,11,05,28.1,85,Moderate,24.0,UG/M3,1 Hr,Valid
Dubai,PM2.5 - Principal,2023-01-11 06:00 AM,2023,01,11,06,28.0,84,Moderate,28.0,UG/M3,1 Hr,Valid
Dubai,PM2.5 - Principal,2023-01-11 07:00 AM,2023,01,11,07,28.0,84,Moderate,28.0,UG/M3,1 Hr,Valid
Dubai,PM2.5 - Principal,2023-01-11 08:00 AM,2023,01,11,08,31.0,91,Moderate,34.0,UG/M3,1 Hr,Valid
Dubai,PM2.5 - Principal,2023-01-11 09:00 AM,2023,01,11,09,33.5,96,Moderate,36.0,UG/M3,1 Hr,Valid
Dubai,PM2.5 - Principal,2023-01-11 10:00 AM,2023,01,11,10,33.2,95,Moderate,33.0,UG/M3,1 Hr,Valid
Dubai,PM2.5 - Principal,2023-01-11 11:00 AM,2023,01,11,11,34.1,97,Moderate,35.0,UG/M3,1 Hr,Valid
Dubai,PM2.5 - Principal,2023-01-11 12:00 PM,2023,01,11,12,34.7,99,Moderate,37.0,UG/M3,1 Hr,Valid
Dubai,PM2.5 - Principal,2023-01-11 01:00 PM,2023,01,11,13,36.0,102,Unhealthy for Sensitive Groups,38.0,UG/M3,1 Hr,Valid
Dubai,PM2.5 - Principal,2023-01-11 02:00 PM,2023,01,11,14,37.2,105,Unhealthy for Sensitive Groups,39.0,UG/M3,1 Hr,Valid
Dubai,PM2.5 - Principal,2023-01-11 03:00 PM,2023,01,11,15,37.5,106,Unhealthy for Sensitive Groups,38.0,UG/M3,1 Hr,Valid
Dubai,PM2.5 - Principal,2023-01-11 04:00 PM,2023,01,11,16,37.7,106,Unhealthy for Sensitive Groups,38.0,UG/M3,1 Hr,Valid
Dubai,PM2.5 - Principal,2023-01-11 05:00 PM,2023,01,11,17,36.9,104,Unhealthy for Sensitive Groups,36.0,UG/M3,1 Hr,Valid
Dubai,PM2.5 - Principal,2023-01-11 06:00 PM,2023,01,11,18,37.5,106,Unhealthy for Sensitive Groups,39.0,UG/M3,1 Hr,Valid
Dubai,PM2.5 - Principal,2023-01-11 07:00 PM,2023,01,11,19,38.4,108,Unhealthy for Sensitive Groups,42.0,UG/M3,1 Hr,Valid
Dubai,PM2.5 - Principal,2023-01-11 08:00 PM,2023,01,11,20,39.3,110,Unhealthy for Sensitive Groups,42.0,UG/M3,1 Hr,Valid
Dubai,PM2.5 - Principal,2023-01-11 09:00 PM,2023,01,11,21,38.8,109,Unhealthy for Sensitive Groups,37.0,UG/M3,1 Hr,Valid
Dubai,PM2.5 - Principal,2023-01-11 10:00 PM,2023,01,11,22,38.3,108,Unhealthy for Sensitive Groups,36.0,UG/M3,1 Hr,Valid
Dubai,PM2.5 - Principal,2023-01-11 11:00 PM,2023,01,11,23,36.7,104,Unhealthy for Sensitive Groups,32.0,UG/M3,1 Hr,Valid
Dubai,PM2.5 - Principal,2023-01-12 12:00 AM,2023,01,12,00,35.8,102,Unhealthy for Sensitive Groups,33.0,UG/M3,1 Hr,Valid
Dubai,PM2.5 - Principal,2023-01-12 01:00 AM,2023,01,12,01,33.8,97,Moderate,30.0,UG/M3,1 Hr,Valid
Dubai,PM2.5 - Principal,2023-01-12 02:00 AM,2023,01,12,02,33.5,96,Moderate,33.0,UG/M3,1 Hr,Valid
Dubai,PM2.5 - Principal,2023-01-12 03:00 AM,2023,01,12,03,34.2,97,Moderate,36.0,UG/M3,1 Hr,Valid
Dubai,PM2.5 - Principal,2023-01-12 04:00 AM,2023,01,12,04,41.6,116,Unhealthy for Sensitive Groups,52.0,UG/M3,1 Hr,Valid
Dubai,PM2.5 - Principal,2023-01-12 05:00 AM,2023,01,12,05,48.0,132,Unhealthy for Sensitive Groups,55.0,UG/M3,1 Hr,Valid
Dubai,PM2.5 - Principal,2023-01-12 06:00 AM,2023,01,12,06,52.5,143,Unhealthy for Sensitive Groups,57.0,UG/M3,1 Hr,Valid
Dubai,PM2.5 - Principal,2023-01-12 07:00 AM,2023,01,12,07,57.0,152,Unhealthy,61.0,UG/M3,1 Hr,Valid
Dubai,PM2.5 - Principal,2023-01-12 08:00 AM,2023,01,12,08,61.0,154,Unhealthy,65.0,UG/M3,1 Hr,Valid
Dubai,PM2.5 - Principal,2023-01-12 09:00 AM,2023,01,12,09,68.5,158,Unhealthy,76.0,UG/M3,1 Hr,Valid
Dubai,PM2.5 - Principal,2023-01-12 10:00 AM,2023,01,12,10,76.2,162,Unhealthy,84.0,UG/M3,1 Hr,Valid
Dubai,PM2.5 - Principal,2023-01-12 11:00 AM,2023,01,12,11,72.6,160,Unhealthy,69.0,UG/M3,1 Hr,Valid
Dubai,PM2.5 - Principal,2023-01-12 12:00 PM,2023,01,12,12,67.8,157,Unhealthy,63.0,UG/M3,1 Hr,Valid
Dubai,PM2.5 - Principal,2023-01-12 01:00 PM,2023,01,12,13,74.4,161,Unhealthy,81.0,UG/M3,1 Hr,Valid
Dubai,PM2.5 - Principal,2023-01-12 02:00 PM,2023,01,12,14,75.2,161,Unhealthy,76.0,UG/M3,1 Hr,Valid
Dubai,PM2.5 - Principal,2023-01-12 03:00 PM,2023,01,12,15,73.8,160,Unhealthy,73.0,UG/M3,1 Hr,Valid
Dubai,PM2.5 - Principal,2023-01-12 04:00 PM,2023,01,12,16,75.5,161,Unhealthy,79.0,UG/M3,1 Hr,Valid
Dubai,PM2.5 - Principal,2023-01-12 05:00 PM,2023,01,12,17,82.5,165,Unhealthy,93.0,UG/M3,1 Hr,Valid
Dubai,PM2.5 - Principal,2023-01-12 06:00 PM,2023,01,12,18,81.8,165,Unhealthy,82.0,UG/M3,1 Hr,Valid
Dubai,PM2.5 - Principal,2023-01-12 07:00 PM,2023,01,12,19,80.0,164,Unhealthy,77.0,UG/M3,1 Hr,Valid
Dubai,PM2.5 - Principal,2023-01-12 08:00 PM,2023,01,12,20,79.1,163,Unhealthy,77.0,UG/M3,1 Hr,Valid
Dubai,PM2.5 - Principal,2023-01-12 09:00 PM,2023,01,12,21,87.3,167,Unhealthy,101.0,UG/M3,1 Hr,Valid
Dubai,PM2.5 - Principal,2023-01-12 10:00 PM,2023,01,12,22,80.8,164,Unhealthy,70.0,UG/M3,1 Hr,Valid
Dubai,PM2.5 - Principal,2023-01-12 11:00 PM,2023,01,12,23,77.4,162,Unhealthy,72.0,UG/M3,1 Hr,Valid
Dubai,PM2.5 - Principal,2023-01-13 12:00 AM,2023,01,13,00,88.4,168,Unhealthy,108.0,UG/M3,1 Hr,Valid
Dubai,PM2.5 - Principal,2023-01-13 01:00 AM,2023,01,13,01,92.2,170,Unhealthy,99.0,UG/M3,1 Hr,Valid
Dubai,PM2.5 - Principal,2023-01-13 02:00 AM,2023,01,13,02,95.3,172,Unhealthy,101.0,UG/M3,1 Hr,Valid
Dubai,PM2.5 - Principal,2023-01-13 03:00 AM,2023,01,13,03,88.5,168,Unhealthy,76.0,UG/M3,1 Hr,Valid
Dubai,PM2.5 - Principal,2023-01-13 04:00 AM,2023,01,13,04,76.9,162,Unhealthy,62.0,UG/M3,1 Hr,Valid
Dubai,PM2.5 - Principal,2023-01-13 05:00 AM,2023,01,13,05,63.7,155,Unhealthy,53.0,UG/M3,1 Hr,Valid
Dubai,PM2.5 - Principal,2023-01-13 06:00 AM,2023,01,13,06,57.8,152,Unhealthy,52.0,UG/M3,1 Hr,Valid
Dubai,PM2.5 - Principal,2023-01-13 07:00 AM,2023,01,13,07,66.9,157,Unhealthy,76.0,UG/M3,1 Hr,Valid
Dubai,PM2.5 - Principal,2023-01-13 08:00 AM,2023,01,13,08,69.9,158,Unhealthy,73.0,UG/M3,1 Hr,Valid
Dubai,PM2.5 - Principal,2023-01-13 09:00 AM,2023,01,13,09,75.9,162,Unhealthy,82.0,UG/M3,1 Hr,Valid
Dubai,PM2.5 - Principal,2023-01-13 10:00 AM,2023,01,13,10,89.4,169,Unhealthy,103.0,UG/M3,1 Hr,Valid
Dubai,PM2.5 - Principal,2023-01-13 11:00 AM,2023,01,13,11,99.7,174,Unhealthy,110.0,UG/M3,1 Hr,Valid
Dubai,PM2.5 - Principal,2023-01-13 12:00 PM,2023,01,13,12,116.8,183,Unhealthy,134.0,UG/M3,1 Hr,Valid
Dubai,PM2.5 - Principal,2023-01-13 01:00 PM,2023,01,13,13,115.9,182,Unhealthy,115.0,UG/M3,1 Hr,Valid
Dubai,PM2.5 - Principal,2023-01-13 02:00 PM,2023,01,13,14,92.9,170,Unhealthy,70.0,UG/M3,1 Hr,Valid
Dubai,PM2.5 - Principal,2023-01-13 03:00 PM,2023,01,13,15,76.9,162,Unhealthy,61.0,UG/M3,1 Hr,Valid
Dubai,PM2.5 - Principal,2023-01-13 04:00 PM,2023,01,13,16,63.4,155,Unhealthy,50.0,UG/M3,1 Hr,Valid
Dubai,PM2.5 - Principal,2023-01-13 05:00 PM,2023,01,13,17,56.7,152,Unhealthy,50.0,UG/M3,1 Hr,Valid
Dubai,PM2.5 - Principal,2023-01-13 06:00 PM,2023,01,13,18,57.3,152,Unhealthy,58.0,UG/M3,1 Hr,Valid
Dubai,PM2.5 - Principal,2023-01-13 07:00 PM,2023,01,13,19,52.6,143,Unhealthy for Sensitive Groups,48.0,UG/M3,1 Hr,Valid
Dubai,PM2.5 - Principal,2023-01-13 08:00 PM,2023,01,13,20,53.8,146,Unhealthy for Sensitive Groups,55.0,UG/M3,1 Hr,Valid
Dubai,PM2.5 - Principal,2023-01-13 09:00 PM,2023,01,13,21,54.9,149,Unhealthy for Sensitive Groups,56.0,UG/M3,1 Hr,Valid
Dubai,PM2.5 - Principal,2023-01-13 10:00 PM,2023,01,13,22,63.9,155,Unhealthy,73.0,UG/M3,1 Hr,Valid
Dubai,PM2.5 - Principal,2023-01-13 11:00 PM,2023,01,13,23,64.9,156,Unhealthy,66.0,UG/M3,1 Hr,Valid
Dubai,PM2.5 - Principal,2023-01-14 12:00 AM,2023,01,14,00,63.4,155,Unhealthy,62.0,UG/M3,1 Hr,Valid
Dubai,PM2.5 - Principal,2023-01-14 01:00 AM,2023,01,14,01,61.6,154,Unhealthy,60.0,UG/M3,1 Hr,Valid
Dubai,PM2.5 - Principal,2023-01-14 02:00 AM,2023,01,14,02,57.9,152,Unhealthy,51.0,UG/M3,1 Hr,Valid
Dubai,PM2.5 - Principal,2023-01-14 03:00 AM,2023,01,14,03,55.5,151,Unhealthy,51.0,UG/M3,1 Hr,Valid
Dubai,PM2.5 - Principal,2023-01-14 04:00 AM,2023,01,14,04,53.9,146,Unhealthy for Sensitive Groups,51.0,UG/M3,1 Hr,Valid
Dubai,PM2.5 - Principal,2023-01-14 05:00 AM,2023,01,14,05,52.9,144,Unhealthy for Sensitive Groups,51.0,UG/M3,1 Hr,Valid
Dubai,PM2.5 - Principal,2023-01-14 06:00 AM,2023,01,14,06,52.2,142,Unhealthy for Sensitive Groups,51.0,UG/M3,1 Hr,Valid
Dubai,PM2.5 - Principal,2023-01-14 07:00 AM,2023,01,14,07,52.1,142,Unhealthy for Sensitive Groups,51.0,UG/M3,1 Hr,Valid
Dubai,PM2.5 - Principal,2023-01-14 08:00 AM,2023,01,14,08,52.1,142,Unhealthy for Sensitive Groups,52.0,UG/M3,1 Hr,Valid
Dubai,PM2.5 - Principal,2023-01-14 09:00 AM,2023,01,14,09,56.9,152,Unhealthy,68.0,UG/M3,1 Hr,Valid
Dubai,PM2.5 - Principal,2023-01-14 10:00 AM,2023,01,14,10,55.4,150,Unhealthy for Sensitive Groups,53.0,UG/M3,1 Hr,Valid
Dubai,PM2.5 - Principal,2023-01-14 11:00 AM,2023,01,14,11,56.2,151,Unhealthy,59.0,UG/M3,1 Hr,Valid
Dubai,PM2.5 - Principal,2023-01-14 12:00 PM,2023,01,14,12,57.1,152,Unhealthy,60.0,UG/M3,1 Hr,Valid
Dubai,PM2.5 - Principal,2023-01-14 01:00 PM,2023,01,14,13,57.6,152,Unhealthy,59.0,UG/M3,1 Hr,Valid
Dubai,PM2.5 - Principal,2023-01-14 02:00 PM,2023,01,14,14,46.4,128,Unhealthy for Sensitive Groups,34.0,UG/M3,1 Hr,Valid
Dubai,PM2.5 - Principal,2023-01-14 03:00 PM,2023,01,14,15,39.2,110,Unhealthy for Sensitive Groups,32.0,UG/M3,1 Hr,Valid
Dubai,PM2.5 - Principal,2023-01-14 04:00 PM,2023,01,14,16,36.1,102,Unhealthy for Sensitive Groups,33.0,UG/M3,1 Hr,Valid
Dubai,PM2.5 - Principal,2023-01-14 05:00 PM,2023,01,14,17,34.0,97,Moderate,32.0,UG/M3,1 Hr,Valid
Dubai,PM2.5 - Principal,2023-01-14 06:00 PM,2023,01,14,18,35.5,101,Unhealthy for Sensitive Groups,37.0,UG/M3,1 Hr,Valid
Dubai,PM2.5 - Principal,2023-01-14 07:00 PM,2023,01,14,19,46.7,129,Unhealthy for Sensitive Groups,58.0,UG/M3,1 Hr,Valid
Dubai,PM2.5 - Principal,2023-01-14 08:00 PM,2023,01,14,20,58.8,153,Unhealthy,71.0,UG/M3,1 Hr,Valid
Dubai,PM2.5 - Principal,2023-01-14 09:00 PM,2023,01,14,21,64.4,156,Unhealthy,70.0,UG/M3,1 Hr,Valid
Dubai,PM2.5 - Principal,2023-01-14 10:00 PM,2023,01,14,22,75.7,161,Unhealthy,87.0,UG/M3,1 Hr,Valid
Dubai,PM2.5 - Principal,2023-01-14 11:00 PM,2023,01,14,23,72.8,160,Unhealthy,70.0,UG/M3,1 Hr,Valid
Dubai,PM2.5 - Principal,2023-01-15 12:00 AM,2023,01,15,00,70.4,159,Unhealthy,68.0,UG/M3,1 Hr,Valid
Dubai,PM2.5 - Principal,2023-01-15 01:00 AM,2023,01,15,01,61.7,154,Unhealthy,53.0,UG/M3,1 Hr,Valid
Dubai,PM2.5 - Principal,2023-01-15 02:00 AM,2023,01,15,02,63.8,155,Unhealthy,66.0,UG/M3,1 Hr,Valid
Dubai,PM2.5 - Principal,2023-01-15 03:00 AM,2023,01,15,03,61.4,154,Unhealthy,59.0,UG/M3,1 Hr,Valid
Dubai,PM2.5 - Principal,2023-01-15 04:00 AM,2023,01,15,04,63.7,155,Unhealthy,66.0,UG/M3,1 Hr,Valid
Dubai,PM2.5 - Principal,2023-01-15 05:00 AM,2023,01,15,05,57.3,152,Unhealthy,51.0,UG/M3,1 Hr,Valid
Dubai,PM2.5 - Principal,2023-01-15 06:00 AM,2023,01,15,06,57.8,152,Unhealthy,57.0,UG/M3,1 Hr,Valid
Dubai,PM2.5 - Principal,2023-01-15 07:00 AM,2023,01,15,07,57.0,152,Unhealthy,56.0,UG/M3,1 Hr,Valid
Dubai,PM2.5 - Principal,2023-01-15 08:00 AM,2023,01,15,08,54.9,149,Unhealthy for Sensitive Groups,52.0,UG/M3,1 Hr,Valid
Dubai,PM2.5 - Principal,2023-01-15 09:00 AM,2023,01,15,09,59.9,153,Unhealthy,67.0,UG/M3,1 Hr,Valid
Dubai,PM2.5 - Principal,2023-01-15 10:00 AM,2023,01,15,10,61.4,154,Unhealthy,67.0,UG/M3,1 Hr,Valid
Dubai,PM2.5 - Principal,2023-01-15 11:00 AM,2023,01,15,11,65.5,156,Unhealthy,74.0,UG/M3,1 Hr,Valid
Dubai,PM2.5 - Principal,2023-01-15 12:00 PM,2023,01,15,12,65.7,156,Unhealthy,66.0,UG/M3,1 Hr,Valid
Dubai,PM2.5 - Principal,2023-01-15 01:00 PM,2023,01,15,13,80.1,164,Unhealthy,95.0,UG/M3,1 Hr,Valid
Dubai,PM2.5 - Principal,2023-01-15 02:00 PM,2023,01,15,14,80.0,164,Unhealthy,80.0,UG/M3,1 Hr,Valid
Dubai,PM2.5 - Principal,2023-01-15 03:00 PM,2023,01,15,15,76.3,162,Unhealthy,72.0,UG/M3,1 Hr,Valid
Dubai,PM2.5 - Principal,2023-01-15 04:00 PM,2023,01,15,16,54.1,147,Unhealthy for Sensitive Groups,32.0,UG/M3,1 Hr,Valid
Dubai,PM2.5 - Principal,2023-01-15 05:00 PM,2023,01,15,17,42.5,118,Unhealthy for Sensitive Groups,31.0,UG/M3,1 Hr,Valid
Dubai,PM2.5 - Principal,2023-01-15 06:00 PM,2023,01,15,18,39.2,110,Unhealthy for Sensitive Groups,36.0,UG/M3,1 Hr,Valid
Dubai,PM2.5 - Principal,2023-01-15 07:00 PM,2023,01,15,19,39.1,110,Unhealthy for Sensitive Groups,39.0,UG/M3,1 Hr,Valid
Dubai,PM2.5 - Principal,2023-01-15 08:00 PM,2023,01,15,20,43.0,119,Unhealthy for Sensitive Groups,47.0,UG/M3,1 Hr,Valid
Dubai,PM2.5 - Principal,2023-01-15 09:00 PM,2023,01,15,21,44.0,122,Unhealthy for Sensitive Groups,45.0,UG/M3,1 Hr,Valid
Dubai,PM2.5 - Principal,2023-01-15 10:00 PM,2023,01,15,22,48.5,133,Unhealthy for Sensitive Groups,53.0,UG/M3,1 Hr,Valid
Dubai,PM2.5 - Principal,2023-01-15 11:00 PM,2023,01,15,23,56.2,151,Unhealthy,64.0,UG/M3,1 Hr,Valid
Dubai,PM2.5 - Principal,2023-01-16 12:00 AM,2023,01,16,00,46.6,128,Unhealthy for Sensitive Groups,37.0,UG/M3,1 Hr,Valid
Dubai,PM2.5 - Principal,2023-01-16 01:00 AM,2023,01,16,01,42.3,118,Unhealthy for Sensitive Groups,38.0,UG/M3,1 Hr,Valid
Dubai,PM2.5 - Principal,2023-01-16 02:00 AM,2023,01,16,02,39.6,111,Unhealthy for Sensitive Groups,37.0,UG/M3,1 Hr,Valid
Dubai,PM2.5 - Principal,2023-01-16 03:00 AM,2023,01,16,03,33.3,96,Moderate,27.0,UG/M3,1 Hr,Valid
Dubai,PM2.5 - Principal,2023-01-16 04:00 AM,2023,01,16,04,42.1,117,Unhealthy for Sensitive Groups,51.0,UG/M3,1 Hr,Valid
Dubai,PM2.5 - Principal,2023-01-16 05:00 AM,2023,01,16,05,52.0,142,Unhealthy for Sensitive Groups,62.0,UG/M3,1 Hr,Valid
Dubai,PM2.5 - Principal,2023-01-16 06:00 AM,2023,01,16,06,55.5,151,Unhealthy,59.0,UG/M3,1 Hr,Valid
Dubai,PM2.5 - Principal,2023-01-16 07:00 AM,2023,01,16,07,58.2,152,Unhealthy,61.0,UG/M3,1 Hr,Valid
Dubai,PM2.5 - Principal,2023-01-16 08:00 AM,2023,01,16,08,60.6,154,Unhealthy,63.0,UG/M3,1 Hr,Valid
Dubai,PM2.5 - Principal,2023-01-16 09:00 AM,2023,01,16,09,62.3,155,Unhealthy,64.0,UG/M3,1 Hr,Valid
Dubai,PM2.5 - Principal,2023-01-16 10:00 AM,2023,01,16,10,60.6,154,Unhealthy,59.0,UG/M3,1 Hr,Valid
Dubai,PM2.5 - Principal,2023-01-16 11:00 AM,2023,01,16,11,43.3,120,Unhealthy for Sensitive Groups,26.0,UG/M3,1 Hr,Valid
Dubai,PM2.5 - Principal,2023-01-16 12:00 PM,2023,01,16,12,36.6,104,Unhealthy for Sensitive Groups,30.0,UG/M3,1 Hr,Valid
Dubai,PM2.5 - Principal,2023-01-16 01:00 PM,2023,01,16,13,34.3,98,Moderate,32.0,UG/M3,1 Hr,Valid
Dubai,PM2.5 - Principal,2023-01-16 02:00 PM,2023,01,16,14,35.1,99,Moderate,36.0,UG/M3,1 Hr,Valid
Dubai,PM2.5 - Principal,2023-01-16 03:00 PM,2023,01,16,15,35.5,101,Unhealthy for Sensitive Groups,36.0,UG/M3,1 Hr,Valid
Dubai,PM2.5 - Principal,2023-01-16 04:00 PM,2023,01,16,16,33.2,95,Moderate,31.0,UG/M3,1 Hr,Valid
Dubai,PM2.5 - Principal,2023-01-16 05:00 PM,2023,01,16,17,31.6,92,Moderate,30.0,UG/M3,1 Hr,Valid
Dubai,PM2.5 - Principal,2023-01-16 06:00 PM,2023,01,16,18,29.8,88,Moderate,28.0,UG/M3,1 Hr,Valid
Dubai,PM2.5 - Principal,2023-01-16 07:00 PM,2023,01,16,19,31.4,92,Moderate,33.0,UG/M3,1 Hr,Valid
Dubai,PM2.5 - Principal,2023-01-16 08:00 PM,2023,01,16,20,34.1,97,Moderate,37.0,UG/M3,1 Hr,Valid
Dubai,PM2.5 - Principal,2023-01-16 09:00 PM,2023,01,16,21,39.0,110,Unhealthy for Sensitive Groups,44.0,UG/M3,1 Hr,Valid
Dubai,PM2.5 - Principal,2023-01-16 10:00 PM,2023,01,16,22,42.2,117,Unhealthy for Sensitive Groups,47.0,UG/M3,1 Hr,Valid
Dubai,PM2.5 - Principal,2023-01-16 11:00 PM,2023,01,16,23,44.3,123,Unhealthy for Sensitive Groups,48.0,UG/M3,1 Hr,Valid
Dubai,PM2.5 - Principal,2023-01-17 12:00 AM,2023,01,17,00,45.4,125,Unhealthy for Sensitive Groups,47.0,UG/M3,1 Hr,Valid
Dubai,PM2.5 - Principal,2023-01-17 01:00 AM,2023,01,17,01,42.7,119,Unhealthy for Sensitive Groups,39.0,UG/M3,1 Hr,Valid
Dubai,PM2.5 - Principal,2023-01-17 02:00 AM,2023,01,17,02,41.6,116,Unhealthy for Sensitive Groups,40.0,UG/M3,1 Hr,Valid
Dubai,PM2.5 - Principal,2023-01-17 03:00 AM,2023,01,17,03,51.6,141,Unhealthy for Sensitive Groups,62.0,UG/M3,1 Hr,Valid
Dubai,PM2.5 - Principal,2023-01-17 04:00 AM,2023,01,17,04,69.3,158,Unhealthy,87.0,UG/M3,1 Hr,Valid
Dubai,PM2.5 - Principal,2023-01-17 05:00 AM,2023,01,17,05,72.6,160,Unhealthy,76.0,UG/M3,1 Hr,Valid
Dubai,PM2.5 - Principal,2023-01-17 06:00 AM,2023,01,17,06,69.8,158,Unhealthy,67.0,UG/M3,1 Hr,Valid
Dubai,PM2.5 - Principal,2023-01-17 07:00 AM,2023,01,17,07,71.9,159,Unhealthy,74.0,UG/M3,1 Hr,Valid
Dubai,PM2.5 - Principal,2023-01-17 08:00 AM,2023,01,17,08,75.9,162,Unhealthy,80.0,UG/M3,1 Hr,Valid
Dubai,PM2.5 - Principal,2023-01-17 09:00 AM,2023,01,17,09,82.9,165,Unhealthy,90.0,UG/M3,1 Hr,Valid
Dubai,PM2.5 - Principal,2023-01-17 10:00 AM,2023,01,17,10,92.5,170,Unhealthy,102.0,UG/M3,1 Hr,Valid
Dubai,PM2.5 - Principal,2023-01-17 11:00 AM,2023,01,17,11,94.7,171,Unhealthy,97.0,UG/M3,1 Hr,Valid
Dubai,PM2.5 - Principal,2023-01-17 12:00 PM,2023,01,17,12,91.8,170,Unhealthy,89.0,UG/M3,1 Hr,Valid
Dubai,PM2.5 - Principal,2023-01-17 01:00 PM,2023,01,17,13,79.4,163,Unhealthy,67.0,UG/M3,1 Hr,Valid
Dubai,PM2.5 - Principal,2023-01-17 02:00 PM,2023,01,17,14,90.1,169,Unhealthy,103.0,UG/M3,1 Hr,Valid
Dubai,PM2.5 - Principal,2023-01-17 03:00 PM,2023,01,17,15,90.8,169,Unhealthy,93.0,UG/M3,1 Hr,Valid
Dubai,PM2.5 - Principal,2023-01-17 04:00 PM,2023,01,17,16,91.2,169,Unhealthy,92.0,UG/M3,1 Hr,Valid
Dubai,PM2.5 - Principal,2023-01-17 05:00 PM,2023,01,17,17,86.9,167,Unhealthy,79.0,UG/M3,1 Hr,Valid
Dubai,PM2.5 - Principal,2023-01-17 06:00 PM,2023,01,17,18,84.5,166,Unhealthy,80.0,UG/M3,1 Hr,Valid
Dubai,PM2.5 - Principal,2023-01-17 07:00 PM,2023,01,17,19,70.0,158,Unhealthy,55.0,UG/M3,1 Hr,Valid
Dubai,PM2.5 - Principal,2023-01-17 08:00 PM,2023,01,17,20,69.0,158,Unhealthy,68.0,UG/M3,1 Hr,Valid
Dubai,PM2.5 - Principal,2023-01-17 09:00 PM,2023,01,17,21,79.2,163,Unhealthy,91.0,UG/M3,1 Hr,Valid
Dubai,PM2.5 - Principal,2023-01-17 10:00 PM,2023,01,17,22,78.6,163,Unhealthy,78.0,UG/M3,1 Hr,Valid
Dubai,PM2.5 - Principal,2023-01-17 11:00 PM,2023,01,17,23,76.9,162,Unhealthy,75.0,UG/M3,1 Hr,Valid
Dubai,PM2.5 - Principal,2023-01-18 12:00 AM,2023,01,18,00,72.7,160,Unhealthy,68.0,UG/M3,1 Hr,Valid
Dubai,PM2.5 - Principal,2023-01-18 01:00 AM,2023,01,18,01,73.3,160,Unhealthy,74.0,UG/M3,1 Hr,Valid
Dubai,PM2.5 - Principal,2023-01-18 02:00 AM,2023,01,18,02,78.6,163,Unhealthy,86.0,UG/M3,1 Hr,Valid
Dubai,PM2.5 - Principal,2023-01-18 03:00 AM,2023,01,18,03,77.5,162,Unhealthy,76.0,UG/M3,1 Hr,Valid
Dubai,PM2.5 - Principal,2023-01-18 04:00 AM,2023,01,18,04,69.7,158,Unhealthy,58.0,UG/M3,1 Hr,Valid
Dubai,PM2.5 - Principal,2023-01-18 05:00 AM,2023,01,18,05,77.3,162,Unhealthy,89.0,UG/M3,1 Hr,Valid
Dubai,PM2.5 - Principal,2023-01-18 06:00 AM,2023,01,18,06,70.8,159,Unhealthy,61.0,UG/M3,1 Hr,Valid
Dubai,PM2.5 - Principal,2023-01-18 07:00 AM,2023,01,18,07,54.8,149,Unhealthy for Sensitive Groups,40.0,UG/M3,1 Hr,Valid
Dubai,PM2.5 - Principal,2023-01-18 08:00 AM,2023,01,18,08,43.9,122,Unhealthy for Sensitive Groups,33.0,UG/M3,1 Hr,Valid
Dubai,PM2.5 - Principal,2023-01-18 09:00 AM,2023,01,18,09,34.4,98,Moderate,25.0,UG/M3,1 Hr,Valid
Dubai,PM2.5 - Principal,2023-01-18 10:00 AM,2023,01,18,10,31.2,91,Moderate,28.0,UG/M3,1 Hr,Valid
Dubai,PM2.5 - Principal,2023-01-18 11:00 AM,2023,01,18,11,32.1,93,Moderate,33.0,UG/M3,1 Hr,Valid
Dubai,PM2.5 - Principal,2023-01-18 12:00 PM,2023,01,18,12,32.5,94,Moderate,33.0,UG/M3,1 Hr,Valid
Dubai,PM2.5 - Principal,2023-01-18 01:00 PM,2023,01,18,13,34.2,97,Moderate,36.0,UG/M3,1 Hr,Valid
Dubai,PM2.5 - Principal,2023-01-18 02:00 PM,2023,01,18,14,31.6,92,Moderate,29.0,UG/M3,1 Hr,Valid
Dubai,PM2.5 - Principal,2023-01-18 03:00 PM,2023,01,18,15,28.8,86,Moderate,26.0,UG/M3,1 Hr,Valid
Dubai,PM2.5 - Principal,2023-01-18 04:00 PM,2023,01,18,16,28.9,86,Moderate,29.0,UG/M3,1 Hr,Valid
Dubai,PM2.5 - Principal,2023-01-18 05:00 PM,2023,01,18,17,32.9,95,Moderate,37.0,UG/M3,1 Hr,Valid
Dubai,PM2.5 - Principal,2023-01-18 06:00 PM,2023,01,18,18,33.2,95,Moderate,35.0,UG/M3,1 Hr,Valid
Dubai,PM2.5 - Principal,2023-01-18 07:00 PM,2023,01,18,19,33.2,95,Moderate,34.0,UG/M3,1 Hr,Valid
Dubai,PM2.5 - Principal,2023-01-18 08:00 PM,2023,01,18,20,35.9,102,Unhealthy for Sensitive Groups,40.0,UG/M3,1 Hr,Valid
Dubai,PM2.5 - Principal,2023-01-18 09:00 PM,2023,01,18,21,37.7,106,Unhealthy for Sensitive Groups,41.0,UG/M3,1 Hr,Valid
Dubai,PM2.5 - Principal,2023-01-18 10:00 PM,2023,01,18,22,41.1,115,Unhealthy for Sensitive Groups,45.0,UG/M3,1 Hr,Valid
Dubai,PM2.5 - Principal,2023-01-18 11:00 PM,2023,01,18,23,44.5,123,Unhealthy for Sensitive Groups,48.0,UG/M3,1 Hr,Valid
Dubai,PM2.5 - Principal,2023-01-19 12:00 AM,2023,01,19,00,41.9,117,Unhealthy for Sensitive Groups,39.0,UG/M3,1 Hr,Valid
Dubai,PM2.5 - Principal,2023-01-19 01:00 AM,2023,01,19,01,40.1,112,Unhealthy for Sensitive Groups,38.0,UG/M3,1 Hr,Valid
Dubai,PM2.5 - Principal,2023-01-19 02:00 AM,2023,01,19,02,39.1,110,Unhealthy for Sensitive Groups,38.0,UG/M3,1 Hr,Valid
Dubai,PM2.5 - Principal,2023-01-19 03:00 AM,2023,01,19,03,38.0,107,Unhealthy for Sensitive Groups,36.0,UG/M3,1 Hr,Valid
Dubai,PM2.5 - Principal,2023-01-19 04:00 AM,2023,01,19,04,37.5,106,Unhealthy for Sensitive Groups,35.0,UG/M3,1 Hr,Valid
Dubai,PM2.5 - Principal,2023-01-19 05:00 AM,2023,01,19,05,37.7,106,Unhealthy for Sensitive Groups,38.0,UG/M3,1 Hr,Valid
Dubai,PM2.5 - Principal,2023-01-19 06:00 AM,2023,01,19,06,36.6,104,Unhealthy for Sensitive Groups,34.0,UG/M3,1 Hr,Valid
Dubai,PM2.5 - Principal,2023-01-19 07:00 AM,2023,01,19,07,37.0,105,Unhealthy for Sensitive Groups,38.0,UG/M3,1 Hr,Valid
Dubai,PM2.5 - Principal,2023-01-19 08:00 AM,2023,01,19,08,36.4,103,Unhealthy for Sensitive Groups,35.0,UG/M3,1 Hr,Valid
Dubai,PM2.5 - Principal,2023-01-19 09:00 AM,2023,01,19,09,35.9,102,Unhealthy for Sensitive Groups,35.0,UG/M3,1 Hr,Valid
Dubai,PM2.5 - Principal,2023-01-19 10:00 AM,2023,01,19,10,33.5,96,Moderate,30.0,UG/M3,1 Hr,Valid
Dubai,PM2.5 - Principal,2023-01-19 11:00 AM,2023,01,19,11,31.7,92,Moderate,27.0,UG/M3,1 Hr,Valid
Dubai,PM2.5 - Principal,2023-01-19 12:00 PM,2023,01,19,12,29.8,88,Moderate,26.0,UG/M3,1 Hr,Valid
Dubai,PM2.5 - Principal,2023-01-19 01:00 PM,2023,01,19,13,29.8,88,Moderate,30.0,UG/M3,1 Hr,Valid
Dubai,PM2.5 - Principal,2023-01-19 02:00 PM,2023,01,19,14,30.8,90,Moderate,33.0,UG/M3,1 Hr,Valid
Dubai,PM2.5 - Principal,2023-01-19 03:00 PM,2023,01,19,15,35.0,99,Moderate,42.0,UG/M3,1 Hr,Valid
Dubai,PM2.5 - Principal,2023-01-19 04:00 PM,2023,01,19,16,38.9,109,Unhealthy for Sensitive Groups,44.0,UG/M3,1 Hr,Valid
Dubai,PM2.5 - Principal,2023-01-19 05:00 PM,2023,01,19,17,37.7,106,Unhealthy for Sensitive Groups,36.0,UG/M3,1 Hr,Valid
Dubai,PM2.5 - Principal,2023-01-19 06:00 PM,2023,01,19,18,36.1,102,Unhealthy for Sensitive Groups,34.0,UG/M3,1 Hr,Valid
Dubai,PM2.5 - Principal,2023-01-19 07:00 PM,2023,01,19,19,29.8,88,Moderate,23.0,UG/M3,1 Hr,Valid
Dubai,PM2.5 - Principal,2023-01-19 08:00 PM,2023,01,19,20,26.5,81,Moderate,23.0,UG/M3,1 Hr,Valid
Dubai,PM2.5 - Principal,2023-01-19 09:00 PM,2023,01,19,21,25.3,79,Moderate,24.0,UG/M3,1 Hr,Valid
Dubai,PM2.5 - Principal,2023-01-19 10:00 PM,2023,01,19,22,24.7,77,Moderate,24.0,UG/M3,1 Hr,Valid
Dubai,PM2.5 - Principal,2023-01-19 11:00 PM,2023,01,19,23,25.3,79,Moderate,26.0,UG/M3,1 Hr,Valid
Dubai,PM2.5 - Principal,2023-01-20 12:00 AM,2023,01,20,00,22.6,73,Moderate,20.0,UG/M3,1 Hr,Valid
Dubai,PM2.5 - Principal,2023-01-20 01:00 AM,2023,01,20,01,23.8,76,Moderate,25.0,UG/M3,1 Hr,Valid
Dubai,PM2.5 - Principal,2023-01-20 02:00 AM,2023,01,20,02,22.9,74,Moderate,22.0,UG/M3,1 Hr,Valid
Dubai,PM2.5 - Principal,2023-01-20 03:00 AM,2023,01,20,03,26.4,81,Moderate,30.0,UG/M3,1 Hr,Valid
Dubai,PM2.5 - Principal,2023-01-20 04:00 AM,2023,01,20,04,31.8,92,Moderate,38.0,UG/M3,1 Hr,Valid
Dubai,PM2.5 - Principal,2023-01-20 05:00 AM,2023,01,20,05,49.1,134,Unhealthy for Sensitive Groups,66.0,UG/M3,1 Hr,Valid
Dubai,PM2.5 - Principal,2023-01-20 06:00 AM,2023,01,20,06,54.0,147,Unhealthy for Sensitive Groups,59.0,UG/M3,1 Hr,Valid
Dubai,PM2.5 - Principal,2023-01-20 07:00 AM,2023,01,20,07,59.0,153,Unhealthy,64.0,UG/M3,1 Hr,Valid
Dubai,PM2.5 - Principal,2023-01-20 08:00 AM,2023,01,20,08,60.5,154,Unhealthy,62.0,UG/M3,1 Hr,Valid
Dubai,PM2.5 - Principal,2023-01-20 09:00 AM,2023,01,20,09,56.2,151,Unhealthy,52.0,UG/M3,1 Hr,Valid
Dubai,PM2.5 - Principal,2023-01-20 10:00 AM,2023,01,20,10,48.6,133,Unhealthy for Sensitive Groups,41.0,UG/M3,1 Hr,Valid
Dubai,PM2.5 - Principal,2023-01-20 11:00 AM,2023,01,20,11,41.3,115,Unhealthy for Sensitive Groups,34.0,UG/M3,1 Hr,Valid
Dubai,PM2.5 - Principal,2023-01-20 12:00 PM,2023,01,20,12,33.6,96,Moderate,26.0,UG/M3,1 Hr,Valid
Dubai,PM2.5 - Principal,2023-01-20 01:00 PM,2023,01,20,13,31.8,92,Moderate,30.0,UG/M3,1 Hr,Valid
Dubai,PM2.5 - Principal,2023-01-20 02:00 PM,2023,01,20,14,27.4,83,Moderate,23.0,UG/M3,1 Hr,Valid
Dubai,PM2.5 - Principal,2023-01-20 03:00 PM,2023,01,20,15,25.2,79,Moderate,23.0,UG/M3,1 Hr,Valid
Dubai,PM2.5 - Principal,2023-01-20 04:00 PM,2023,01,20,16,24.1,76,Moderate,23.0,UG/M3,1 Hr,Valid
Dubai,PM2.5 - Principal,2023-01-20 05:00 PM,2023,01,20,17,23.5,75,Moderate,23.0,UG/M3,1 Hr,Valid
Dubai,PM2.5 - Principal,2023-01-20 06:00 PM,2023,01,20,18,27.2,83,Moderate,31.0,UG/M3,1 Hr,Valid
Dubai,PM2.5 - Principal,2023-01-20 07:00 PM,2023,01,20,19,32.1,93,Moderate,37.0,UG/M3,1 Hr,Valid
Dubai,PM2.5 - Principal,2023-01-20 08:00 PM,2023,01,20,20,36.5,103,Unhealthy for Sensitive Groups,41.0,UG/M3,1 Hr,Valid
Dubai,PM2.5 - Principal,2023-01-20 09:00 PM,2023,01,20,21,43.2,120,Unhealthy for Sensitive Groups,50.0,UG/M3,1 Hr,Valid
Dubai,PM2.5 - Principal,2023-01-20 10:00 PM,2023,01,20,22,43.1,120,Unhealthy for Sensitive Groups,43.0,UG/M3,1 Hr,Valid
Dubai,PM2.5 - Principal,2023-01-20 11:00 PM,2023,01,20,23,40.0,112,Unhealthy for Sensitive Groups,37.0,UG/M3,1 Hr,Valid
Dubai,PM2.5 - Principal,2023-01-21 12:00 AM,2023,01,21,00,42.5,118,Unhealthy for Sensitive Groups,45.0,UG/M3,1 Hr,Valid
Dubai,PM2.5 - Principal,2023-01-21 01:00 AM,2023,01,21,01,45.2,125,Unhealthy for Sensitive Groups,48.0,UG/M3,1 Hr,Valid
Dubai,PM2.5 - Principal,2023-01-21 02:00 AM,2023,01,21,02,45.6,126,Unhealthy for Sensitive Groups,46.0,UG/M3,1 Hr,Valid
Dubai,PM2.5 - Principal,2023-01-21 03:00 AM,2023,01,21,03,41.3,115,Unhealthy for Sensitive Groups,37.0,UG/M3,1 Hr,Valid
Dubai,PM2.5 - Principal,2023-01-21 04:00 AM,2023,01,21,04,36.1,102,Unhealthy for Sensitive Groups,31.0,UG/M3,1 Hr,Valid
Dubai,PM2.5 - Principal,2023-01-21 05:00 AM,2023,01,21,05,35.2,100,Moderate,31.0,UG/M3,1 Hr,Valid
Dubai,PM2.5 - Principal,2023-01-21 06:00 AM,2023,01,21,06,35.5,101,Unhealthy for Sensitive Groups,36.0,UG/M3,1 Hr,Valid
Dubai,PM2.5 - Principal,2023-01-21 07:00 AM,2023,01,21,07,36.8,104,Unhealthy for Sensitive Groups,39.0,UG/M3,1 Hr,Valid
Dubai,PM2.5 - Principal,2023-01-21 08:00 AM,2023,01,21,08,40.7,114,Unhealthy for Sensitive Groups,47.0,UG/M3,1 Hr,Valid
Dubai,PM2.5 - Principal,2023-01-21 09:00 AM,2023,01,21,09,47.8,131,Unhealthy for Sensitive Groups,56.0,UG/M3,1 Hr,Valid
Dubai,PM2.5 - Principal,2023-01-21 10:00 AM,2023,01,21,10,49.7,136,Unhealthy for Sensitive Groups,52.0,UG/M3,1 Hr,Valid
Dubai,PM2.5 - Principal,2023-01-21 11:00 AM,2023,01,21,11,45.3,125,Unhealthy for Sensitive Groups,40.0,UG/M3,1 Hr,Valid
Dubai,PM2.5 - Principal,2023-01-21 12:00 PM,2023,01,21,12,36.1,102,Unhealthy for Sensitive Groups,27.0,UG/M3,1 Hr,Valid
Dubai,PM2.5 - Principal,2023-01-21 01:00 PM,2023,01,21,13,31.5,92,Moderate,27.0,UG/M3,1 Hr,Valid
Dubai,PM2.5 - Principal,2023-01-21 02:00 PM,2023,01,21,14,32.2,93,Moderate,33.0,UG/M3,1 Hr,Valid
Dubai,PM2.5 - Principal,2023-01-21 03:00 PM,2023,01,21,15,35.1,99,Moderate,38.0,UG/M3,1 Hr,Valid
Dubai,PM2.5 - Principal,2023-01-21 04:00 PM,2023,01,21,16,39.0,110,Unhealthy for Sensitive Groups,43.0,UG/M3,1 Hr,Valid
Dubai,PM2.5 - Principal,2023-01-21 05:00 PM,2023,01,21,17,37.5,106,Unhealthy for Sensitive Groups,36.0,UG/M3,1 Hr,Valid
Dubai,PM2.5 - Principal,2023-01-21 06:00 PM,2023,01,21,18,31.7,92,Moderate,26.0,UG/M3,1 Hr,Valid
Dubai,PM2.5 - Principal,2023-01-21 07:00 PM,2023,01,21,19,31.8,92,Moderate,32.0,UG/M3,1 Hr,Valid
Dubai,PM2.5 - Principal,2023-01-21 08:00 PM,2023,01,21,20,37.9,107,Unhealthy for Sensitive Groups,44.0,UG/M3,1 Hr,Valid
Dubai,PM2.5 - Principal,2023-01-21 09:00 PM,2023,01,21,21,50.4,138,Unhealthy for Sensitive Groups,63.0,UG/M3,1 Hr,Valid
Dubai,PM2.5 - Principal,2023-01-21 10:00 PM,2023,01,21,22,53.7,146,Unhealthy for Sensitive Groups,57.0,UG/M3,1 Hr,Valid
Dubai,PM2.5 - Principal,2023-01-21 11:00 PM,2023,01,21,23,48.8,134,Unhealthy for Sensitive Groups,44.0,UG/M3,1 Hr,Valid
Dubai,PM2.5 - Principal,2023-01-22 12:00 AM,2023,01,22,00,45.4,125,Unhealthy for Sensitive Groups,42.0,UG/M3,1 Hr,Valid
Dubai,PM2.5 - Principal,2023-01-22 01:00 AM,2023,01,22,01,48.7,134,Unhealthy for Sensitive Groups,52.0,UG/M3,1 Hr,Valid
Dubai,PM2.5 - Principal,2023-01-22 02:00 AM,2023,01,22,02,46.8,129,Unhealthy for Sensitive Groups,45.0,UG/M3,1 Hr,Valid
Dubai,PM2.5 - Principal,2023-01-22 03:00 AM,2023,01,22,03,46.9,129,Unhealthy for Sensitive Groups,47.0,UG/M3,1 Hr,Valid
Dubai,PM2.5 - Principal,2023-01-22 04:00 AM,2023,01,22,04,42.4,118,Unhealthy for Sensitive Groups,38.0,UG/M3,1 Hr,Valid
Dubai,PM2.5 - Principal,2023-01-22 05:00 AM,2023,01,22,05,44.7,124,Unhealthy for Sensitive Groups,47.0,UG/M3,1 Hr,Valid
Dubai,PM2.5 - Principal,2023-01-22 06:00 AM,2023,01,22,06,44.3,123,Unhealthy for Sensitive Groups,44.0,UG/M3,1 Hr,Valid
Dubai,PM2.5 - Principal,2023-01-22 07:00 AM,2023,01,22,07,53.6,146,Unhealthy for Sensitive Groups,66.0,UG/M3,1 Hr,Valid
Dubai,PM2.5 - Principal,2023-01-22 08:00 AM,2023,01,22,08,61.4,154,Unhealthy,70.0,UG/M3,1 Hr,Valid
Dubai,PM2.5 - Principal,2023-01-22 09:00 AM,2023,01,22,09,69.8,158,Unhealthy,77.0,UG/M3,1 Hr,Valid
Dubai,PM2.5 - Principal,2023-01-22 10:00 AM,2023,01,22,10,62.4,155,Unhealthy,55.0,UG/M3,1 Hr,Valid
Dubai,PM2.5 - Principal,2023-01-22 11:00 AM,2023,01,22,11,50.1,137,Unhealthy for Sensitive Groups,38.0,UG/M3,1 Hr,Valid
Dubai,PM2.5 - Principal,2023-01-22 12:00 PM,2023,01,22,12,47.6,131,Unhealthy for Sensitive Groups,45.0,UG/M3,1 Hr,Valid
Dubai,PM2.5 - Principal,2023-01-22 01:00 PM,2023,01,22,13,45.2,125,Unhealthy for Sensitive Groups,43.0,UG/M3,1 Hr,Valid
Dubai,PM2.5 - Principal,2023-01-22 02:00 PM,2023,01,22,14,42.1,117,Unhealthy for Sensitive Groups,39.0,UG/M3,1 Hr,Valid
Dubai,PM2.5 - Principal,2023-01-22 03:00 PM,2023,01,22,15,37.0,105,Unhealthy for Sensitive Groups,32.0,UG/M3,1 Hr,Valid
Dubai,PM2.5 - Principal,2023-01-22 04:00 PM,2023,01,22,16,32.5,94,Moderate,28.0,UG/M3,1 Hr,Valid
Dubai,PM2.5 - Principal,2023-01-22 05:00 PM,2023,01,22,17,30.2,89,Moderate,28.0,UG/M3,1 Hr,Valid
Dubai,PM2.5 - Principal,2023-01-22 06:00 PM,2023,01,22,18,32.1,93,Moderate,34.0,UG/M3,1 Hr,Valid
Dubai,PM2.5 - Principal,2023-01-22 07:00 PM,2023,01,22,19,36.5,103,Unhealthy for Sensitive Groups,41.0,UG/M3,1 Hr,Valid
Dubai,PM2.5 - Principal,2023-01-22 08:00 PM,2023,01,22,20,41.7,116,Unhealthy for Sensitive Groups,47.0,UG/M3,1 Hr,Valid
Dubai,PM2.5 - Principal,2023-01-22 09:00 PM,2023,01,22,21,43.7,121,Unhealthy for Sensitive Groups,46.0,UG/M3,1 Hr,Valid
Dubai,PM2.5 - Principal,2023-01-22 10:00 PM,2023,01,22,22,51.9,141,Unhealthy for Sensitive Groups,60.0,UG/M3,1 Hr,Valid
Dubai,PM2.5 - Principal,2023-01-22 11:00 PM,2023,01,22,23,55.9,151,Unhealthy,60.0,UG/M3,1 Hr,Valid
Dubai,PM2.5 - Principal,2023-01-23 12:00 AM,2023,01,23,00,48.9,134,Unhealthy for Sensitive Groups,42.0,UG/M3,1 Hr,Valid
Dubai,PM2.5 - Principal,2023-01-23 01:00 AM,2023,01,23,01,41.4,116,Unhealthy for Sensitive Groups,34.0,UG/M3,1 Hr,Valid
Dubai,PM2.5 - Principal,2023-01-23 02:00 AM,2023,01,23,02,38.2,108,Unhealthy for Sensitive Groups,35.0,UG/M3,1 Hr,Valid
Dubai,PM2.5 - Principal,2023-01-23 03:00 AM,2023,01,23,03,37.6,106,Unhealthy for Sensitive Groups,37.0,UG/M3,1 Hr,Valid
Dubai,PM2.5 - Principal,2023-01-23 04:00 AM,2023,01,23,04,36.8,104,Unhealthy for Sensitive Groups,36.0,UG/M3,1 Hr,Valid
Dubai,PM2.5 - Principal,2023-01-23 05:00 AM,2023,01,23,05,34.6,98,Moderate,32.0,UG/M3,1 Hr,Valid
Dubai,PM2.5 - Principal,2023-01-23 06:00 AM,2023,01,23,06,36.2,103,Unhealthy for Sensitive Groups,38.0,UG/M3,1 Hr,Valid
Dubai,PM2.5 - Principal,2023-01-23 07:00 AM,2023,01,23,07,40.7,114,Unhealthy for Sensitive Groups,46.0,UG/M3,1 Hr,Valid
Dubai,PM2.5 - Principal,2023-01-23 08:00 AM,2023,01,23,08,47.4,130,Unhealthy for Sensitive Groups,55.0,UG/M3,1 Hr,Valid
Dubai,PM2.5 - Principal,2023-01-23 09:00 AM,2023,01,23,09,45.8,126,Unhealthy for Sensitive Groups,44.0,UG/M3,1 Hr,Valid
Dubai,PM2.5 - Principal,2023-01-23 10:00 AM,2023,01,23,10,44.9,124,Unhealthy for Sensitive Groups,44.0,UG/M3,1 Hr,Valid
Dubai,PM2.5 - Principal,2023-01-23 11:00 AM,2023,01,23,11,54.5,148,Unhealthy for Sensitive Groups,64.0,UG/M3,1 Hr,Valid
Dubai,PM2.5 - Principal,2023-01-23 12:00 PM,2023,01,23,12,67.2,157,Unhealthy,80.0,UG/M3,1 Hr,Valid
Dubai,PM2.5 - Principal,2023-01-23 01:00 PM,2023,01,23,13,91.1,169,Unhealthy,115.0,UG/M3,1 Hr,Valid
Dubai,PM2.5 - Principal,2023-01-23 02:00 PM,2023,01,23,14,92.5,170,Unhealthy,94.0,UG/M3,1 Hr,Valid
Dubai,PM2.5 - Principal,2023-01-23 03:00 PM,2023,01,23,15,91.2,169,Unhealthy,90.0,UG/M3,1 Hr,Valid
Dubai,PM2.5 - Principal,2023-01-23 04:00 PM,2023,01,23,16,77.6,162,Unhealthy,64.0,UG/M3,1 Hr,Valid
Dubai,PM2.5 - Principal,2023-01-23 05:00 PM,2023,01,23,17,64.8,156,Unhealthy,52.0,UG/M3,1 Hr,Valid
Dubai,PM2.5 - Principal,2023-01-23 06:00 PM,2023,01,23,18,53.9,146,Unhealthy for Sensitive Groups,43.0,UG/M3,1 Hr,Valid
Dubai,PM2.5 - Principal,2023-01-23 07:00 PM,2023,01,23,19,45.4,125,Unhealthy for Sensitive Groups,37.0,UG/M3,1 Hr,Valid
Dubai,PM2.5 - Principal,2023-01-23 08:00 PM,2023,01,23,20,33.2,95,Moderate,21.0,UG/M3,1 Hr,Valid
Dubai,PM2.5 - Principal,2023-01-23 09:00 PM,2023,01,23,21,30.1,89,Moderate,27.0,UG/M3,1 Hr,Valid
Dubai,PM2.5 - Principal,2023-01-23 10:00 PM,2023,01,23,22,29.5,88,Moderate,29.0,UG/M3,1 Hr,Valid
Dubai,PM2.5 - Principal,2023-01-23 11:00 PM,2023,01,23,23,31.2,91,Moderate,33.0,UG/M3,1 Hr,Valid
Dubai,PM2.5 - Principal,2023-01-24 12:00 AM,2023,01,24,00,35.1,99,Moderate,39.0,UG/M3,1 Hr,Valid
Dubai,PM2.5 - Principal,2023-01-24 01:00 AM,2023,01,24,01,44.0,122,Unhealthy for Sensitive Groups,53.0,UG/M3,1 Hr,Valid
Dubai,PM2.5 - Principal,2023-01-24 02:00 AM,2023,01,24,02,45.5,126,Unhealthy for Sensitive Groups,47.0,UG/M3,1 Hr,Valid
Dubai,PM2.5 - Principal,2023-01-24 03:00 AM,2023,01,24,03,44.2,122,Unhealthy for Sensitive Groups,43.0,UG/M3,1 Hr,Valid
Dubai,PM2.5 - Principal,2023-01-24 04:00 AM,2023,01,24,04,48.1,132,Unhealthy for Sensitive Groups,52.0,UG/M3,1 Hr,Valid
Dubai,PM2.5 - Principal,2023-01-24 05:00 AM,2023,01,24,05,48.0,132,Unhealthy for Sensitive Groups,48.0,UG/M3,1 Hr,Valid
Dubai,PM2.5 - Principal,2023-01-24 06:00 AM,2023,01,24,06,48.5,133,Unhealthy for Sensitive Groups,49.0,UG/M3,1 Hr,Valid
Dubai,PM2.5 - Principal,2023-01-24 07:00 AM,2023,01,24,07,44.7,124,Unhealthy for Sensitive Groups,41.0,UG/M3,1 Hr,Valid
Dubai,PM2.5 - Principal,2023-01-24 08:00 AM,2023,01,24,08,49.3,135,Unhealthy for Sensitive Groups,54.0,UG/M3,1 Hr,Valid
Dubai,PM2.5 - Principal,2023-01-24 09:00 AM,2023,01,24,09,49.0,134,Unhealthy for Sensitive Groups,49.0,UG/M3,1 Hr,Valid
Dubai,PM2.5 - Principal,2023-01-24 10:00 AM,2023,01,24,10,45.4,125,Unhealthy for Sensitive Groups,40.0,UG/M3,1 Hr,Valid
Dubai,PM2.5 - Principal,2023-01-24 11:00 AM,2023,01,24,11,43.0,119,Unhealthy for Sensitive Groups,37.0,UG/M3,1 Hr,Valid
Dubai,PM2.5 - Principal,2023-01-24 12:00 PM,2023,01,24,12,37.1,105,Unhealthy for Sensitive Groups,31.0,UG/M3,1 Hr,Valid
Dubai,PM2.5 - Principal,2023-01-24 01:00 PM,2023,01,24,13,34.5,98,Moderate,31.0,UG/M3,1 Hr,Valid
Dubai,PM2.5 - Principal,2023-01-24 02:00 PM,2023,01,24,14,35.5,101,Unhealthy for Sensitive Groups,37.0,UG/M3,1 Hr,Valid
Dubai,PM2.5 - Principal,2023-01-24 03:00 PM,2023,01,24,15,34.8,99,Moderate,34.0,UG/M3,1 Hr,Valid
Dubai,PM2.5 - Principal,2023-01-24 04:00 PM,2023,01,24,16,40.4,113,Unhealthy for Sensitive Groups,48.0,UG/M3,1 Hr,Valid
Dubai,PM2.5 - Principal,2023-01-24 05:00 PM,2023,01,24,17,38.5,108,Unhealthy for Sensitive Groups,36.0,UG/M3,1 Hr,Valid
Dubai,PM2.5 - Principal,2023-01-24 06:00 PM,2023,01,24,18,39.5,111,Unhealthy for Sensitive Groups,41.0,UG/M3,1 Hr,Valid
Dubai,PM2.5 - Principal,2023-01-24 07:00 PM,2023,01,24,19,54.9,149,Unhealthy for Sensitive Groups,70.0,UG/M3,1 Hr,Valid
Dubai,PM2.5 - Principal,2023-01-24 08:00 PM,2023,01,24,20,55.9,151,Unhealthy,57.0,UG/M3,1 Hr,Valid
Dubai,PM2.5 - Principal,2023-01-24 09:00 PM,2023,01,24,21,51.9,141,Unhealthy for Sensitive Groups,48.0,UG/M3,1 Hr,Valid
Dubai,PM2.5 - Principal,2023-01-24 10:00 PM,2023,01,24,22,47.9,132,Unhealthy for Sensitive Groups,44.0,UG/M3,1 Hr,Valid
Dubai,PM2.5 - Principal,2023-01-24 11:00 PM,2023,01,24,23,42.9,119,Unhealthy for Sensitive Groups,38.0,UG/M3,1 Hr,Valid
Dubai,PM2.5 - Principal,2023-01-25 12:00 AM,2023,01,25,00,40.4,113,Unhealthy for Sensitive Groups,38.0,UG/M3,1 Hr,Valid
Dubai,PM2.5 - Principal,2023-01-25 01:00 AM,2023,01,25,01,38.2,108,Unhealthy for Sensitive Groups,36.0,UG/M3,1 Hr,Valid
Dubai,PM2.5 - Principal,2023-01-25 02:00 AM,2023,01,25,02,45.1,125,Unhealthy for Sensitive Groups,52.0,UG/M3,1 Hr,Valid
Dubai,PM2.5 - Principal,2023-01-25 03:00 AM,2023,01,25,03,46.9,129,Unhealthy for Sensitive Groups,49.0,UG/M3,1 Hr,Valid
Dubai,PM2.5 - Principal,2023-01-25 04:00 AM,2023,01,25,04,46.0,127,Unhealthy for Sensitive Groups,45.0,UG/M3,1 Hr,Valid
Dubai,PM2.5 - Principal,2023-01-25 05:00 AM,2023,01,25,05,43.5,121,Unhealthy for Sensitive Groups,41.0,UG/M3,1 Hr,Valid
Dubai,PM2.5 - Principal,2023-01-25 06:00 AM,2023,01,25,06,45.7,126,Unhealthy for Sensitive Groups,48.0,UG/M3,1 Hr,Valid
Dubai,PM2.5 - Principal,2023-01-25 07:00 AM,2023,01,25,07,41.9,117,Unhealthy for Sensitive Groups,36.0,UG/M3,1 Hr,Valid
Dubai,PM2.5 - Principal,2023-01-25 08:00 AM,2023,01,25,08,44.6,123,Unhealthy for Sensitive Groups,50.0,UG/M3,1 Hr,Valid
Dubai,PM2.5 - Principal,2023-01-25 09:00 AM,2023,01,25,09,46.0,127,Unhealthy for Sensitive Groups,49.0,UG/M3,1 Hr,Valid
Dubai,PM2.5 - Principal,2023-01-25 10:00 AM,2023,01,25,10,43.5,121,Unhealthy for Sensitive Groups,38.0,UG/M3,1 Hr,Valid
Dubai,PM2.5 - Principal,2023-01-25 11:00 AM,2023,01,25,11,38.2,108,Unhealthy for Sensitive Groups,31.0,UG/M3,1 Hr,Valid
Dubai,PM2.5 - Principal,2023-01-25 12:00 PM,2023,01,25,12,30.4,89,Moderate,24.0,UG/M3,1 Hr,Valid
Dubai,PM2.5 - Principal,2023-01-25 01:00 PM,2023,01,25,13,30.6,90,Moderate,31.0,UG/M3,1 Hr,Valid
Dubai,PM2.5 - Principal,2023-01-25 02:00 PM,2023,01,25,14,34.3,98,Moderate,38.0,UG/M3,1 Hr,Valid
Dubai,PM2.5 - Principal,2023-01-25 03:00 PM,2023,01,25,15,53.1,144,Unhealthy for Sensitive Groups,72.0,UG/M3,1 Hr,Valid
Dubai,PM2.5 - Principal,2023-01-25 04:00 PM,2023,01,25,16,54.0,147,Unhealthy for Sensitive Groups,55.0,UG/M3,1 Hr,Valid
Dubai,PM2.5 - Principal,2023-01-25 05:00 PM,2023,01,25,17,42.5,118,Unhealthy for Sensitive Groups,31.0,UG/M3,1 Hr,Valid
Dubai,PM2.5 - Principal,2023-01-25 06:00 PM,2023,01,25,18,31.2,91,Moderate,20.0,UG/M3,1 Hr,Valid
Dubai,PM2.5 - Principal,2023-01-25 07:00 PM,2023,01,25,19,24.6,77,Moderate,18.0,UG/M3,1 Hr,Valid
Dubai,PM2.5 - Principal,2023-01-25 08:00 PM,2023,01,25,20,23.3,75,Moderate,22.0,UG/M3,1 Hr,Valid
Dubai,PM2.5 - Principal,2023-01-25 09:00 PM,2023,01,25,21,25.1,78,Moderate,27.0,UG/M3,1 Hr,Valid
Dubai,PM2.5 - Principal,2023-01-25 10:00 PM,2023,01,25,22,25.5,79,Moderate,26.0,UG/M3,1 Hr,Valid
Dubai,PM2.5 - Principal,2023-01-25 11:00 PM,2023,01,25,23,24.7,77,Moderate,24.0,UG/M3,1 Hr,Valid
Dubai,PM2.5 - Principal,2023-01-26 12:00 AM,2023,01,26,00,22.8,74,Moderate,21.0,UG/M3,1 Hr,Valid
Dubai,PM2.5 - Principal,2023-01-26 01:00 AM,2023,01,26,01,19.9,67,Moderate,17.0,UG/M3,1 Hr,Valid
Dubai,PM2.5 - Principal,2023-01-26 02:00 AM,2023,01,26,02,25.4,79,Moderate,31.0,UG/M3,1 Hr,Valid
Dubai,PM2.5 - Principal,2023-01-26 03:00 AM,2023,01,26,03,26.7,82,Moderate,28.0,UG/M3,1 Hr,Valid
Dubai,PM2.5 - Principal,2023-01-26 04:00 AM,2023,01,26,04,22.1,72,Moderate,17.0,UG/M3,1 Hr,Valid
Dubai,PM2.5 - Principal,2023-01-26 05:00 AM,2023,01,26,05,17.4,62,Moderate,13.0,UG/M3,1 Hr,Valid
Dubai,PM2.5 - Principal,2023-01-26 06:00 AM,2023,01,26,06,13.7,54,Moderate,10.0,UG/M3,1 Hr,Valid
Dubai,PM2.5 - Principal,2023-01-26 07:00 AM,2023,01,26,07,12.8,52,Moderate,12.0,UG/M3,1 Hr,Valid
Dubai,PM2.5 - Principal,2023-01-26 08:00 AM,2023,01,26,08,13.4,54,Moderate,14.0,UG/M3,1 Hr,Valid
Dubai,PM2.5 - Principal,2023-01-26 09:00 AM,2023,01,26,09,16.2,60,Moderate,19.0,UG/M3,1 Hr,Valid
Dubai,PM2.5 - Principal,2023-01-26 10:00 AM,2023,01,26,10,17.1,62,Moderate,18.0,UG/M3,1 Hr,Valid
Dubai,PM2.5 - Principal,2023-01-26 11:00 AM,2023,01,26,11,18.0,63,Moderate,19.0,UG/M3,1 Hr,Valid
Dubai,PM2.5 - Principal,2023-01-26 12:00 PM,2023,01,26,12,21.5,71,Moderate,25.0,UG/M3,1 Hr,Valid
Dubai,PM2.5 - Principal,2023-01-26 01:00 PM,2023,01,26,13,21.7,71,Moderate,22.0,UG/M3,1 Hr,Valid
Dubai,PM2.5 - Principal,2023-01-26 02:00 PM,2023,01,26,14,18.3,64,Moderate,15.0,UG/M3,1 Hr,Valid
Dubai,PM2.5 - Principal,2023-01-26 03:00 PM,2023,01,26,15,19.6,67,Moderate,21.0,UG/M3,1 Hr,Valid
Dubai,PM2.5 - Principal,2023-01-26 04:00 PM,2023,01,26,16,24.3,77,Moderate,29.0,UG/M3,1 Hr,Valid
Dubai,PM2.5 - Principal,2023-01-26 05:00 PM,2023,01,26,17,33.6,96,Moderate,43.0,UG/M3,1 Hr,Valid
Dubai,PM2.5 - Principal,2023-01-26 06:00 PM,2023,01,26,18,38.8,109,Unhealthy for Sensitive Groups,44.0,UG/M3,1 Hr,Valid
Dubai,PM2.5 - Principal,2023-01-26 07:00 PM,2023,01,26,19,42.4,118,Unhealthy for Sensitive Groups,46.0,UG/M3,1 Hr,Valid
Dubai,PM2.5 - Principal,2023-01-26 08:00 PM,2023,01,26,20,41.7,116,Unhealthy for Sensitive Groups,41.0,UG/M3,1 Hr,Valid
Dubai,PM2.5 - Principal,2023-01-26 09:00 PM,2023,01,26,21,39.8,112,Unhealthy for Sensitive Groups,38.0,UG/M3,1 Hr,Valid
Dubai,PM2.5 - Principal,2023-01-26 10:00 PM,2023,01,26,22,34.4,98,Moderate,29.0,UG/M3,1 Hr,Valid
Dubai,PM2.5 - Principal,2023-01-26 11:00 PM,2023,01,26,23,32.2,93,Moderate,30.0,UG/M3,1 Hr,Valid
Dubai,PM2.5 - Principal,2023-01-27 12:00 AM,2023,01,27,00,24.1,76,Moderate,16.0,UG/M3,1 Hr,Valid
Dubai,PM2.5 - Principal,2023-01-27 01:00 AM,2023,01,27,01,22.0,72,Moderate,20.0,UG/M3,1 Hr,Valid
Dubai,PM2.5 - Principal,2023-01-27 02:00 AM,2023,01,27,02,20.0,68,Moderate,18.0,UG/M3,1 Hr,Valid
Dubai,PM2.5 - Principal,2023-01-27 03:00 AM,2023,01,27,03,20.0,68,Moderate,20.0,UG/M3,1 Hr,Valid
Dubai,PM2.5 - Principal,2023-01-27 04:00 AM,2023,01,27,04,17.5,62,Moderate,15.0,UG/M3,1 Hr,Valid
Dubai,PM2.5 - Principal,2023-01-27 05:00 AM,2023,01,27,05,13.7,54,Moderate,10.0,UG/M3,1 Hr,Valid
Dubai,PM2.5 - Principal,2023-01-27 06:00 AM,2023,01,27,06,10.8,45,Good,8.0,UG/M3,1 Hr,Valid
Dubai,PM2.5 - Principal,2023-01-27 07:00 AM,2023,01,27,07,11.4,48,Good,12.0,UG/M3,1 Hr,Valid
Dubai,PM2.5 - Principal,2023-01-27 08:00 AM,2023,01,27,08,10.7,45,Good,10.0,UG/M3,1 Hr,Valid
Dubai,PM2.5 - Principal,2023-01-27 09:00 AM,2023,01,27,09,10.8,45,Good,11.0,UG/M3,1 Hr,Valid
Dubai,PM2.5 - Principal,2023-01-27 10:00 AM,2023,01,27,10,15.9,59,Moderate,21.0,UG/M3,1 Hr,Valid
Dubai,PM2.5 - Principal,2023-01-27 11:00 AM,2023,01,27,11,19.4,66,Moderate,23.0,UG/M3,1 Hr,Valid
Dubai,PM2.5 - Principal,2023-01-27 12:00 PM,2023,01,27,12,21.2,70,Moderate,23.0,UG/M3,1 Hr,Valid
Dubai,PM2.5 - Principal,2023-01-27 01:00 PM,2023,01,27,13,22.1,72,Moderate,23.0,UG/M3,1 Hr,Valid
Dubai,PM2.5 - Principal,2023-01-27 02:00 PM,2023,01,27,14,22.1,72,Moderate,-999.0,UG/M3,1 Hr,Missing
Dubai,PM2.5 - Principal,2023-01-27 04:00 PM,2023,01,27,16,-999.0,-999,N/A,21.0,UG/M3,1 Hr,Valid
Dubai,PM2.5 - Principal,2023-01-27 05:00 PM,2023,01,27,17,26.0,80,Moderate,29.0,UG/M3,1 Hr,Valid
Dubai,PM2.5 - Principal,2023-01-27 06:00 PM,2023,01,27,18,21.0,70,Moderate,17.0,UG/M3,1 Hr,Valid
Dubai,PM2.5 - Principal,2023-01-27 07:00 PM,2023,01,27,19,16.2,60,Moderate,12.0,UG/M3,1 Hr,Valid
Dubai,PM2.5 - Principal,2023-01-27 08:00 PM,2023,01,27,20,15.6,58,Moderate,15.0,UG/M3,1 Hr,Valid
Dubai,PM2.5 - Principal,2023-01-27 09:00 PM,2023,01,27,21,14.3,56,Moderate,13.0,UG/M3,1 Hr,Valid
Dubai,PM2.5 - Principal,2023-01-27 10:00 PM,2023,01,27,22,13.1,53,Moderate,12.0,UG/M3,1 Hr,Valid
Dubai,PM2.5 - Principal,2023-01-27 11:00 PM,2023,01,27,23,12.0,50,Good,11.0,UG/M3,1 Hr,Valid
Dubai,PM2.5 - Principal,2023-01-28 12:00 AM,2023,01,28,00,13.0,53,Moderate,14.0,UG/M3,1 Hr,Valid
Dubai,PM2.5 - Principal,2023-01-28 01:00 AM,2023,01,28,01,13.5,54,Moderate,14.0,UG/M3,1 Hr,Valid
Dubai,PM2.5 - Principal,2023-01-28 02:00 AM,2023,01,28,02,12.7,52,Moderate,12.0,UG/M3,1 Hr,Valid
Dubai,PM2.5 - Principal,2023-01-28 03:00 AM,2023,01,28,03,13.8,55,Moderate,15.0,UG/M3,1 Hr,Valid
Dubai,PM2.5 - Principal,2023-01-28 04:00 AM,2023,01,28,04,12.9,53,Moderate,12.0,UG/M3,1 Hr,Valid
Dubai,PM2.5 - Principal,2023-01-28 05:00 AM,2023,01,28,05,13.0,53,Moderate,13.0,UG/M3,1 Hr,Valid
Dubai,PM2.5 - Principal,2023-01-28 06:00 AM,2023,01,28,06,12.4,52,Moderate,11.0,UG/M3,1 Hr,Valid
Dubai,PM2.5 - Principal,2023-01-28 07:00 AM,2023,01,28,07,12.3,51,Moderate,12.0,UG/M3,1 Hr,Valid
Dubai,PM2.5 - Principal,2023-01-28 08:00 AM,2023,01,28,08,21.4,71,Moderate,31.0,UG/M3,1 Hr,Valid
Dubai,PM2.5 - Principal,2023-01-28 09:00 AM,2023,01,28,09,24.7,77,Moderate,28.0,UG/M3,1 Hr,Valid
Dubai,PM2.5 - Principal,2023-01-28 10:00 AM,2023,01,28,10,21.3,70,Moderate,18.0,UG/M3,1 Hr,Valid
Dubai,PM2.5 - Principal,2023-01-28 11:00 AM,2023,01,28,11,16.1,59,Moderate,11.0,UG/M3,1 Hr,Valid
Dubai,PM2.5 - Principal,2023-01-28 12:00 PM,2023,01,28,12,14.5,56,Moderate,13.0,UG/M3,1 Hr,Valid
Dubai,PM2.5 - Principal,2023-01-28 01:00 PM,2023,01,28,13,14.7,56,Moderate,15.0,UG/M3,1 Hr,Valid
Dubai,PM2.5 - Principal,2023-01-28 02:00 PM,2023,01,28,14,15.8,59,Moderate,17.0,UG/M3,1 Hr,Valid
Dubai,PM2.5 - Principal,2023-01-28 03:00 PM,2023,01,28,15,17.4,62,Moderate,19.0,UG/M3,1 Hr,Valid
Dubai,PM2.5 - Principal,2023-01-28 04:00 PM,2023,01,28,16,19.7,67,Moderate,22.0,UG/M3,1 Hr,Valid
Dubai,PM2.5 - Principal,2023-01-28 05:00 PM,2023,01,28,17,21.8,71,Moderate,24.0,UG/M3,1 Hr,Valid
Dubai,PM2.5 - Principal,2023-01-28 06:00 PM,2023,01,28,18,23.9,76,Moderate,26.0,UG/M3,1 Hr,Valid
Dubai,PM2.5 - Principal,2023-01-28 07:00 PM,2023,01,28,19,26.4,81,Moderate,29.0,UG/M3,1 Hr,Valid
Dubai,PM2.5 - Principal,2023-01-28 08:00 PM,2023,01,28,20,28.2,85,Moderate,30.0,UG/M3,1 Hr,Valid
Dubai,PM2.5 - Principal,2023-01-28 09:00 PM,2023,01,28,21,26.6,81,Moderate,25.0,UG/M3,1 Hr,Valid
Dubai,PM2.5 - Principal,2023-01-28 10:00 PM,2023,01,28,22,33.8,97,Moderate,41.0,UG/M3,1 Hr,Valid
Dubai,PM2.5 - Principal,2023-01-28 11:00 PM,2023,01,28,23,44.4,123,Unhealthy for Sensitive Groups,55.0,UG/M3,1 Hr,Valid
Dubai,PM2.5 - Principal,2023-01-29 12:00 AM,2023,01,29,00,51.7,141,Unhealthy for Sensitive Groups,59.0,UG/M3,1 Hr,Valid
Dubai,PM2.5 - Principal,2023-01-29 01:00 AM,2023,01,29,01,58.3,152,Unhealthy,65.0,UG/M3,1 Hr,Valid
Dubai,PM2.5 - Principal,2023-01-29 02:00 AM,2023,01,29,02,54.1,147,Unhealthy for Sensitive Groups,50.0,UG/M3,1 Hr,Valid
Dubai,PM2.5 - Principal,2023-01-29 03:00 AM,2023,01,29,03,57.0,152,Unhealthy,60.0,UG/M3,1 Hr,Valid
Dubai,PM2.5 - Principal,2023-01-29 04:00 AM,2023,01,29,04,60.5,154,Unhealthy,64.0,UG/M3,1 Hr,Valid
Dubai,PM2.5 - Principal,2023-01-29 05:00 AM,2023,01,29,05,58.2,152,Unhealthy,56.0,UG/M3,1 Hr,Valid
Dubai,PM2.5 - Principal,2023-01-29 06:00 AM,2023,01,29,06,57.1,152,Unhealthy,56.0,UG/M3,1 Hr,Valid
Dubai,PM2.5 - Principal,2023-01-29 07:00 AM,2023,01,29,07,56.5,152,Unhealthy,56.0,UG/M3,1 Hr,Valid
Dubai,PM2.5 - Principal,2023-01-29 08:00 AM,2023,01,29,08,56.7,152,Unhealthy,57.0,UG/M3,1 Hr,Valid
Dubai,PM2.5 - Principal,2023-01-29 09:00 AM,2023,01,29,09,56.2,151,Unhealthy,55.0,UG/M3,1 Hr,Valid
Dubai,PM2.5 - Principal,2023-01-29 10:00 AM,2023,01,29,10,50.6,138,Unhealthy for Sensitive Groups,41.0,UG/M3,1 Hr,Valid
Dubai,PM2.5 - Principal,2023-01-29 11:00 AM,2023,01,29,11,47.0,129,Unhealthy for Sensitive Groups,41.0,UG/M3,1 Hr,Valid
Dubai,PM2.5 - Principal,2023-01-29 12:00 PM,2023,01,29,12,34.8,99,Moderate,25.0,UG/M3,1 Hr,Valid
Dubai,PM2.5 - Principal,2023-01-29 01:00 PM,2023,01,29,13,28.9,86,Moderate,23.0,UG/M3,1 Hr,Valid
Dubai,PM2.5 - Principal,2023-01-29 02:00 PM,2023,01,29,14,25.9,80,Moderate,23.0,UG/M3,1 Hr,Valid
Dubai,PM2.5 - Principal,2023-01-29 03:00 PM,2023,01,29,15,20.4,68,Moderate,15.0,UG/M3,1 Hr,Valid
Dubai,PM2.5 - Principal,2023-01-29 04:00 PM,2023,01,29,16,21.2,70,Moderate,22.0,UG/M3,1 Hr,Valid
Dubai,PM2.5 - Principal,2023-01-29 05:00 PM,2023,01,29,17,26.6,81,Moderate,32.0,UG/M3,1 Hr,Valid
Dubai,PM2.5 - Principal,2023-01-29 06:00 PM,2023,01,29,18,29.3,87,Moderate,32.0,UG/M3,1 Hr,Valid
Dubai,PM2.5 - Principal,2023-01-29 07:00 PM,2023,01,29,19,29.1,87,Moderate,29.0,UG/M3,1 Hr,Valid
Dubai,PM2.5 - Principal,2023-01-29 08:00 PM,2023,01,29,20,29.5,88,Moderate,30.0,UG/M3,1 Hr,Valid
Dubai,PM2.5 - Principal,2023-01-29 09:00 PM,2023,01,29,21,32.2,93,Moderate,35.0,UG/M3,1 Hr,Valid
Dubai,PM2.5 - Principal,2023-01-29 10:00 PM,2023,01,29,22,37.6,106,Unhealthy for Sensitive Groups,43.0,UG/M3,1 Hr,Valid
Dubai,PM2.5 - Principal,2023-01-29 11:00 PM,2023,01,29,23,41.3,115,Unhealthy for Sensitive Groups,45.0,UG/M3,1 Hr,Valid
Dubai,PM2.5 - Principal,2023-01-30 12:00 AM,2023,01,30,00,58.6,153,Unhealthy,76.0,UG/M3,1 Hr,Valid
Dubai,PM2.5 - Principal,2023-01-30 01:00 AM,2023,01,30,01,76.8,162,Unhealthy,95.0,UG/M3,1 Hr,Valid
Dubai,PM2.5 - Principal,2023-01-30 02:00 AM,2023,01,30,02,74.9,161,Unhealthy,73.0,UG/M3,1 Hr,Valid
Dubai,PM2.5 - Principal,2023-01-30 03:00 AM,2023,01,30,03,73.9,161,Unhealthy,73.0,UG/M3,1 Hr,Valid
Dubai,PM2.5 - Principal,2023-01-30 04:00 AM,2023,01,30,04,72.4,160,Unhealthy,71.0,UG/M3,1 Hr,Valid
Dubai,PM2.5 - Principal,2023-01-30 05:00 AM,2023,01,30,05,68.7,158,Unhealthy,65.0,UG/M3,1 Hr,Valid
Dubai,PM2.5 - Principal,2023-01-30 06:00 AM,2023,01,30,06,64.8,156,Unhealthy,61.0,UG/M3,1 Hr,Valid
Dubai,PM2.5 - Principal,2023-01-30 07:00 AM,2023,01,30,07,68.4,158,Unhealthy,72.0,UG/M3,1 Hr,Valid
Dubai,PM2.5 - Principal,2023-01-30 08:00 AM,2023,01,30,08,74.7,161,Unhealthy,81.0,UG/M3,1 Hr,Valid
Dubai,PM2.5 - Principal,2023-01-30 09:00 AM,2023,01,30,09,77.3,162,Unhealthy,80.0,UG/M3,1 Hr,Valid
Dubai,PM2.5 - Principal,2023-01-30 10:00 AM,2023,01,30,10,74.6,161,Unhealthy,72.0,UG/M3,1 Hr,Valid
Dubai,PM2.5 - Principal,2023-01-30 11:00 AM,2023,01,30,11,76.7,162,Unhealthy,81.0,UG/M3,1 Hr,Valid
Dubai,PM2.5 - Principal,2023-01-30 12:00 PM,2023,01,30,12,61.9,154,Unhealthy,46.0,UG/M3,1 Hr,Valid
Dubai,PM2.5 - Principal,2023-01-30 01:00 PM,2023,01,30,13,53.4,145,Unhealthy for Sensitive Groups,43.0,UG/M3,1 Hr,Valid
Dubai,PM2.5 - Principal,2023-01-30 02:00 PM,2023,01,30,14,42.7,119,Unhealthy for Sensitive Groups,33.0,UG/M3,1 Hr,Valid
Dubai,PM2.5 - Principal,2023-01-30 03:00 PM,2023,01,30,15,41.8,117,Unhealthy for Sensitive Groups,41.0,UG/M3,1 Hr,Valid
Dubai,PM2.5 - Principal,2023-01-30 04:00 PM,2023,01,30,16,41.9,117,Unhealthy for Sensitive Groups,42.0,UG/M3,1 Hr,Valid
Dubai,PM2.5 - Principal,2023-01-30 05:00 PM,2023,01,30,17,37.4,106,Unhealthy for Sensitive Groups,33.0,UG/M3,1 Hr,Valid
Dubai,PM2.5 - Principal,2023-01-30 06:00 PM,2023,01,30,18,39.2,110,Unhealthy for Sensitive Groups,41.0,UG/M3,1 Hr,Valid
Dubai,PM2.5 - Principal,2023-01-30 07:00 PM,2023,01,30,19,40.6,114,Unhealthy for Sensitive Groups,42.0,UG/M3,1 Hr,Valid
Dubai,PM2.5 - Principal,2023-01-30 08:00 PM,2023,01,30,20,42.8,119,Unhealthy for Sensitive Groups,45.0,UG/M3,1 Hr,Valid
Dubai,PM2.5 - Principal,2023-01-30 09:00 PM,2023,01,30,21,43.3,120,Unhealthy for Sensitive Groups,44.0,UG/M3,1 Hr,Valid
Dubai,PM2.5 - Principal,2023-01-30 10:00 PM,2023,01,30,22,47.6,131,Unhealthy for Sensitive Groups,52.0,UG/M3,1 Hr,Valid
Dubai,PM2.5 - Principal,2023-01-30 11:00 PM,2023,01,30,23,56.1,151,Unhealthy,65.0,UG/M3,1 Hr,Valid
Dubai,PM2.5 - Principal,2023-01-31 12:00 AM,2023,01,31,00,58.0,152,Unhealthy,60.0,UG/M3,1 Hr,Valid
Dubai,PM2.5 - Principal,2023-01-31 01:00 AM,2023,01,31,01,77.0,162,Unhealthy,96.0,UG/M3,1 Hr,Valid
Dubai,PM2.5 - Principal,2023-01-31 02:00 AM,2023,01,31,02,85.0,166,Unhealthy,93.0,UG/M3,1 Hr,Valid
Dubai,PM2.5 - Principal,2023-01-31 03:00 AM,2023,01,31,03,92.5,170,Unhealthy,100.0,UG/M3,1 Hr,Valid
Dubai,PM2.5 - Principal,2023-01-31 04:00 AM,2023,01,31,04,95.7,172,Unhealthy,99.0,UG/M3,1 Hr,Valid
Dubai,PM2.5 - Principal,2023-01-31 05:00 AM,2023,01,31,05,93.3,171,Unhealthy,91.0,UG/M3,1 Hr,Valid
Dubai,PM2.5 - Principal,2023-01-31 06:00 AM,2023,01,31,06,88.7,168,Unhealthy,84.0,UG/M3,1 Hr,Valid
Dubai,PM2.5 - Principal,2023-01-31 07:00 AM,2023,01,31,07,94.3,171,Unhealthy,100.0,UG/M3,1 Hr,Valid
Dubai,PM2.5 - Principal,2023-01-31 08:00 AM,2023,01,31,08,105.6,177,Unhealthy,117.0,UG/M3,1 Hr,Valid
Dubai,PM2.5 - Principal,2023-01-31 09:00 AM,2023,01,31,09,113.3,181,Unhealthy,121.0,UG/M3,1 Hr,Valid
Dubai,PM2.5 - Principal,2023-01-31 10:00 AM,2023,01,31,10,99.6,174,Unhealthy,86.0,UG/M3,1 Hr,Valid
Dubai,PM2.5 - Principal,2023-01-31 11:00 AM,2023,01,31,11,87.3,167,Unhealthy,75.0,UG/M3,1 Hr,Valid
Dubai,PM2.5 - Principal,2023-01-31 12:00 PM,2023,01,31,12,81.4,164,Unhealthy,70.0,UG/M3,1 Hr,Valid
Dubai,PM2.5 - Principal,2023-01-31 01:00 PM,2023,01,31,13,66.8,157,Unhealthy,55.0,UG/M3,1 Hr,Valid
Dubai,PM2.5 - Principal,2023-01-31 02:00 PM,2023,01,31,14,55.4,150,Unhealthy for Sensitive Groups,44.0,UG/M3,1 Hr,Valid
Dubai,PM2.5 - Principal,2023-01-31 03:00 PM,2023,01,31,15,56.6,152,Unhealthy,58.0,UG/M3,1 Hr,Valid
Dubai,PM2.5 - Principal,2023-01-31 04:00 PM,2023,01,31,16,61.3,154,Unhealthy,66.0,UG/M3,1 Hr,Valid
Dubai,PM2.5 - Principal,2023-01-31 05:00 PM,2023,01,31,17,68.6,158,Unhealthy,76.0,UG/M3,1 Hr,Valid
Dubai,PM2.5 - Principal,2023-01-31 06:00 PM,2023,01,31,18,69.3,158,Unhealthy,70.0,UG/M3,1 Hr,Valid
Dubai,PM2.5 - Principal,2023-01-31 07:00 PM,2023,01,31,19,66.6,157,Unhealthy,64.0,UG/M3,1 Hr,Valid
Dubai,PM2.5 - Principal,2023-01-31 08:00 PM,2023,01,31,20,65.8,156,Unhealthy,65.0,UG/M3,1 Hr,Valid
Dubai,PM2.5 - Principal,2023-01-31 09:00 PM,2023,01,31,21,90.4,169,Unhealthy,115.0,UG/M3,1 Hr,Valid
Dubai,PM2.5 - Principal,2023-01-31 10:00 PM,2023,01,31,22,90.7,169,Unhealthy,91.0,UG/M3,1 Hr,Valid
Dubai,PM2.5 - Principal,2023-01-31 11:00 PM,2023,01,31,23,72.8,160,Unhealthy,55.0,UG/M3,1 Hr,Valid
Dubai,PM2.5 - Principal,2023-02-01 12:00 AM,2023,02,01,00,66.4,157,Unhealthy,60.0,UG/M3,1 Hr,Valid
