Site,Parameter,Date (LT),Year,Month,Day,Hour,NowCast Conc.,AQI,AQI Category,Raw Conc.,Conc. Unit,Duration,QC Name
N'Djamena,PM2.5 - Principal,2022-10-01 01:00 AM,2022,10,01,01,19.1,66,Moderate,18.0,UG/M3,1 Hr,Valid
N'Djamena,PM2.5 - Principal,2022-10-01 02:00 AM,2022,10,01,02,22.0,72,Moderate,25.0,UG/M3,1 Hr,Valid
N'Djamena,PM2.5 - Principal,2022-10-01 03:00 AM,2022,10,01,03,22.0,72,Moderate,22.0,UG/M3,1 Hr,Valid
N'Djamena,PM2.5 - Principal,2022-10-01 04:00 AM,2022,10,01,04,15.0,57,Moderate,8.0,UG/M3,1 Hr,Valid
N'Djamena,PM2.5 - Principal,2022-10-01 05:00 AM,2022,10,01,05,12.0,50,Good,9.0,UG/M3,1 Hr,Valid
N'Djamena,PM2.5 - Principal,2022-10-01 06:00 AM,2022,10,01,06,10.5,44,Good,9.0,UG/M3,1 Hr,Valid
N'Djamena,PM2.5 - Principal,2022-10-01 07:00 AM,2022,10,01,07,13.2,53,Moderate,16.0,UG/M3,1 Hr,Valid
N'Djamena,PM2.5 - Principal,2022-10-01 08:00 AM,2022,10,01,08,22.1,72,Moderate,31.0,UG/M3,1 Hr,Valid
N'Djamena,PM2.5 - Principal,2022-10-01 09:00 AM,2022,10,01,09,20.5,69,Moderate,19.0,UG/M3,1 Hr,Valid
N'Djamena,PM2.5 - Principal,2022-10-01 10:00 AM,2022,10,01,10,17.7,63,Moderate,15.0,UG/M3,1 Hr,Valid
N'Djamena,PM2.5 - Principal,2022-10-01 11:00 AM,2022,10,01,11,15.8,59,Moderate,14.0,UG/M3,1 Hr,Valid
N'Djamena,PM2.5 - Principal,2022-10-01 12:00 PM,2022,10,01,12,15.4,58,Moderate,15.0,UG/M3,1 Hr,Valid
N'Djamena,PM2.5 - Principal,2022-10-01 01:00 PM,2022,10,01,13,15.7,59,Moderate,16.0,UG/M3,1 Hr,Valid
N'Djamena,PM2.5 - Principal,2022-10-01 02:00 PM,2022,10,01,14,15.8,59,Moderate,16.0,UG/M3,1 Hr,Valid
N'Djamena,PM2.5 - Principal,2022-10-01 03:00 PM,2022,10,01,15,19.9,67,Moderate,24.0,UG/M3,1 Hr,Valid
N'Djamena,PM2.5 - Principal,2022-10-01 04:00 PM,2022,10,01,16,20.9,70,Moderate,22.0,UG/M3,1 Hr,Valid
N'Djamena,PM2.5 - Principal,2022-10-01 05:00 PM,2022,10,01,17,20.9,70,Moderate,21.0,UG/M3,1 Hr,Valid
N'Djamena,PM2.5 - Principal,2022-10-01 06:00 PM,2022,10,01,18,26.9,82,Moderate,33.0,UG/M3,1 Hr,Valid
N'Djamena,PM2.5 - Principal,2022-10-01 07:00 PM,2022,10,01,19,44.0,122,Unhealthy for Sensitive Groups,61.0,UG/M3,1 Hr,Valid
N'Djamena,PM2.5 - Principal,2022-10-01 08:00 PM,2022,10,01,20,72.0,160,Unhealthy,100.0,UG/M3,1 Hr,Valid
N'Djamena,PM2.5 - Principal,2022-10-01 09:00 PM,2022,10,01,21,93.5,171,Unhealthy,115.0,UG/M3,1 Hr,Valid
N'Djamena,PM2.5 - Principal,2022-10-01 10:00 PM,2022,10,01,22,96.2,172,Unhealthy,99.0,UG/M3,1 Hr,Valid
N'Djamena,PM2.5 - Principal,2022-10-01 11:00 PM,2022,10,01,23,67.6,157,Unhealthy,39.0,UG/M3,1 Hr,Valid
N'Djamena,PM2.5 - Principal,2022-10-02 12:00 AM,2022,10,02,00,45.8,126,Unhealthy for Sensitive Groups,24.0,UG/M3,1 Hr,Valid
N'Djamena,PM2.5 - Principal,2022-10-02 01:00 AM,2022,10,02,01,32.4,94,Moderate,19.0,UG/M3,1 Hr,Valid
N'Djamena,PM2.5 - Principal,2022-10-02 02:00 AM,2022,10,02,02,22.2,72,Moderate,12.0,UG/M3,1 Hr,Valid
N'Djamena,PM2.5 - Principal,2022-10-02 03:00 AM,2022,10,02,03,17.1,62,Moderate,12.0,UG/M3,1 Hr,Valid
N'Djamena,PM2.5 - Principal,2022-10-02 04:00 AM,2022,10,02,04,17.0,61,Moderate,17.0,UG/M3,1 Hr,Valid
N'Djamena,PM2.5 - Principal,2022-10-02 05:00 AM,2022,10,02,05,15.5,58,Moderate,14.0,UG/M3,1 Hr,Valid
N'Djamena,PM2.5 - Principal,2022-10-02 06:00 AM,2022,10,02,06,14.2,55,Moderate,13.0,UG/M3,1 Hr,Valid
N'Djamena,PM2.5 - Principal,2022-10-02 07:00 AM,2022,10,02,07,18.6,65,Moderate,23.0,UG/M3,1 Hr,Valid
N'Djamena,PM2.5 - Principal,2022-10-02 08:00 AM,2022,10,02,08,20.3,68,Moderate,22.0,UG/M3,1 Hr,Valid
N'Djamena,PM2.5 - Principal,2022-10-02 09:00 AM,2022,10,02,09,20.6,69,Moderate,21.0,UG/M3,1 Hr,Valid
N'Djamena,PM2.5 - Principal,2022-10-02 10:00 AM,2022,10,02,10,20.3,68,Moderate,20.0,UG/M3,1 Hr,Valid
N'Djamena,PM2.5 - Principal,2022-10-02 11:00 AM,2022,10,02,11,17.1,62,Moderate,14.0,UG/M3,1 Hr,Valid
N'Djamena,PM2.5 - Principal,2022-10-02 12:00 PM,2022,10,02,12,21.5,71,Moderate,26.0,UG/M3,1 Hr,Valid
N'Djamena,PM2.5 - Principal,2022-10-02 01:00 PM,2022,10,02,13,20.7,69,Moderate,20.0,UG/M3,1 Hr,Valid
N'Djamena,PM2.5 - Principal,2022-10-02 02:00 PM,2022,10,02,14,22.3,72,Moderate,24.0,UG/M3,1 Hr,Valid
N'Djamena,PM2.5 - Principal,2022-10-02 03:00 PM,2022,10,02,15,19.6,67,Moderate,17.0,UG/M3,1 Hr,Valid
N'Djamena,PM2.5 - Principal,2022-10-02 04:00 PM,2022,10,02,16,19.8,67,Moderate,20.0,UG/M3,1 Hr,Valid
N'Djamena,PM2.5 - Principal,2022-10-02 05:00 PM,2022,10,02,17,25.9,80,Moderate,32.0,UG/M3,1 Hr,Valid
N'Djamena,PM2.5 - Principal,2022-10-02 06:00 PM,2022,10,02,18,31.4,92,Moderate,37.0,UG/M3,1 Hr,Valid
N'Djamena,PM2.5 - Principal,2022-10-02 07:00 PM,2022,10,02,19,39.7,111,Unhealthy for Sensitive Groups,48.0,UG/M3,1 Hr,Valid
N'Djamena,PM2.5 - Principal,2022-10-02 08:00 PM,2022,10,02,20,36.8,104,Unhealthy for Sensitive Groups,34.0,UG/M3,1 Hr,Valid
N'Djamena,PM2.5 - Principal,2022-10-02 09:00 PM,2022,10,02,21,36.9,104,Unhealthy for Sensitive Groups,37.0,UG/M3,1 Hr,Valid
N'Djamena,PM2.5 - Principal,2022-10-02 10:00 PM,2022,10,02,22,34.4,98,Moderate,32.0,UG/M3,1 Hr,Valid
N'Djamena,PM2.5 - Principal,2022-10-02 11:00 PM,2022,10,02,23,27.7,84,Moderate,21.0,UG/M3,1 Hr,Valid
N'Djamena,PM2.5 - Principal,2022-10-03 12:00 AM,2022,10,03,00,24.8,78,Moderate,22.0,UG/M3,1 Hr,Valid
N'Djamena,PM2.5 - Principal,2022-10-03 01:00 AM,2022,10,03,01,22.4,73,Moderate,20.0,UG/M3,1 Hr,Valid
N'Djamena,PM2.5 - Principal,2022-10-03 02:00 AM,2022,10,03,02,21.7,71,Moderate,21.0,UG/M3,1 Hr,Valid
N'Djamena,PM2.5 - Principal,2022-10-03 03:00 AM,2022,10,03,03,20.8,69,Moderate,20.0,UG/M3,1 Hr,Valid
N'Djamena,PM2.5 - Principal,2022-10-03 04:00 AM,2022,10,03,04,19.9,67,Moderate,19.0,UG/M3,1 Hr,Valid
N'Djamena,PM2.5 - Principal,2022-10-03 05:00 AM,2022,10,03,05,18.9,65,Moderate,18.0,UG/M3,1 Hr,Valid
N'Djamena,PM2.5 - Principal,2022-10-03 06:00 AM,2022,10,03,06,18.4,64,Moderate,18.0,UG/M3,1 Hr,Valid
N'Djamena,PM2.5 - Principal,2022-10-03 07:00 AM,2022,10,03,07,22.7,73,Moderate,27.0,UG/M3,1 Hr,Valid
N'Djamena,PM2.5 - Principal,2022-10-03 08:00 AM,2022,10,03,08,21.8,71,Moderate,21.0,UG/M3,1 Hr,Valid
N'Djamena,PM2.5 - Principal,2022-10-03 09:00 AM,2022,10,03,09,18.9,65,Moderate,16.0,UG/M3,1 Hr,Valid
N'Djamena,PM2.5 - Principal,2022-10-03 10:00 AM,2022,10,03,10,17.3,62,Moderate,15.0,UG/M3,1 Hr,Valid
N'Djamena,PM2.5 - Principal,2022-10-03 11:00 AM,2022,10,03,11,18.9,65,Moderate,21.0,UG/M3,1 Hr,Valid
N'Djamena,PM2.5 - Principal,2022-10-03 12:00 PM,2022,10,03,12,18.9,65,Moderate,19.0,UG/M3,1 Hr,Valid
N'Djamena,PM2.5 - Principal,2022-10-03 01:00 PM,2022,10,03,13,17.2,62,Moderate,15.0,UG/M3,1 Hr,Valid
N'Djamena,PM2.5 - Principal,2022-10-03 02:00 PM,2022,10,03,14,13.4,54,Moderate,10.0,UG/M3,1 Hr,Valid
N'Djamena,PM2.5 - Principal,2022-10-03 03:00 PM,2022,10,03,15,14.2,55,Moderate,15.0,UG/M3,1 Hr,Valid
N'Djamena,PM2.5 - Principal,2022-10-03 04:00 PM,2022,10,03,16,17.1,62,Moderate,20.0,UG/M3,1 Hr,Valid
N'Djamena,PM2.5 - Principal,2022-10-03 05:00 PM,2022,10,03,17,20.0,68,Moderate,23.0,UG/M3,1 Hr,Valid
N'Djamena,PM2.5 - Principal,2022-10-03 06:00 PM,2022,10,03,18,26.0,80,Moderate,32.0,UG/M3,1 Hr,Valid
N'Djamena,PM2.5 - Principal,2022-10-03 07:00 PM,2022,10,03,19,36.0,102,Unhealthy for Sensitive Groups,46.0,UG/M3,1 Hr,Valid
N'Djamena,PM2.5 - Principal,2022-10-03 08:00 PM,2022,10,03,20,41.5,116,Unhealthy for Sensitive Groups,47.0,UG/M3,1 Hr,Valid
N'Djamena,PM2.5 - Principal,2022-10-03 09:00 PM,2022,10,03,21,36.7,104,Unhealthy for Sensitive Groups,32.0,UG/M3,1 Hr,Valid
N'Djamena,PM2.5 - Principal,2022-10-03 10:00 PM,2022,10,03,22,27.8,84,Moderate,19.0,UG/M3,1 Hr,Valid
N'Djamena,PM2.5 - Principal,2022-10-03 11:00 PM,2022,10,03,23,26.4,81,Moderate,25.0,UG/M3,1 Hr,Valid
N'Djamena,PM2.5 - Principal,2022-10-04 12:00 AM,2022,10,04,00,17.7,63,Moderate,9.0,UG/M3,1 Hr,Valid
N'Djamena,PM2.5 - Principal,2022-10-04 01:00 AM,2022,10,04,01,13.8,55,Moderate,10.0,UG/M3,1 Hr,Valid
N'Djamena,PM2.5 - Principal,2022-10-04 02:00 AM,2022,10,04,02,11.4,48,Good,9.0,UG/M3,1 Hr,Valid
N'Djamena,PM2.5 - Principal,2022-10-04 03:00 AM,2022,10,04,03,10.7,45,Good,10.0,UG/M3,1 Hr,Valid
N'Djamena,PM2.5 - Principal,2022-10-04 04:00 AM,2022,10,04,04,10.8,45,Good,11.0,UG/M3,1 Hr,Valid
N'Djamena,PM2.5 - Principal,2022-10-04 05:00 AM,2022,10,04,05,8.4,35,Good,6.0,UG/M3,1 Hr,Valid
N'Djamena,PM2.5 - Principal,2022-10-04 06:00 AM,2022,10,04,06,6.7,28,Good,5.0,UG/M3,1 Hr,Valid
N'Djamena,PM2.5 - Principal,2022-10-04 07:00 AM,2022,10,04,07,10.3,43,Good,14.0,UG/M3,1 Hr,Valid
N'Djamena,PM2.5 - Principal,2022-10-04 08:00 AM,2022,10,04,08,10.6,44,Good,11.0,UG/M3,1 Hr,Valid
N'Djamena,PM2.5 - Principal,2022-10-04 09:00 AM,2022,10,04,09,10.8,45,Good,11.0,UG/M3,1 Hr,Valid
N'Djamena,PM2.5 - Principal,2022-10-04 10:00 AM,2022,10,04,10,10.9,45,Good,11.0,UG/M3,1 Hr,Valid
N'Djamena,PM2.5 - Principal,2022-10-04 11:00 AM,2022,10,04,11,10.4,43,Good,10.0,UG/M3,1 Hr,Valid
N'Djamena,PM2.5 - Principal,2022-10-04 12:00 PM,2022,10,04,12,11.7,49,Good,13.0,UG/M3,1 Hr,Valid
N'Djamena,PM2.5 - Principal,2022-10-04 01:00 PM,2022,10,04,13,11.8,49,Good,12.0,UG/M3,1 Hr,Valid
N'Djamena,PM2.5 - Principal,2022-10-04 02:00 PM,2022,10,04,14,13.4,54,Moderate,15.0,UG/M3,1 Hr,Valid
N'Djamena,PM2.5 - Principal,2022-10-04 03:00 PM,2022,10,04,15,12.7,52,Moderate,12.0,UG/M3,1 Hr,Valid
N'Djamena,PM2.5 - Principal,2022-10-04 04:00 PM,2022,10,04,16,14.3,56,Moderate,16.0,UG/M3,1 Hr,Valid
N'Djamena,PM2.5 - Principal,2022-10-04 05:00 PM,2022,10,04,17,17.6,63,Moderate,21.0,UG/M3,1 Hr,Valid
N'Djamena,PM2.5 - Principal,2022-10-04 06:00 PM,2022,10,04,18,34.3,98,Moderate,51.0,UG/M3,1 Hr,Valid
N'Djamena,PM2.5 - Principal,2022-10-04 07:00 PM,2022,10,04,19,39.6,111,Unhealthy for Sensitive Groups,45.0,UG/M3,1 Hr,Valid
N'Djamena,PM2.5 - Principal,2022-10-04 08:00 PM,2022,10,04,20,54.3,147,Unhealthy for Sensitive Groups,69.0,UG/M3,1 Hr,Valid
N'Djamena,PM2.5 - Principal,2022-10-04 09:00 PM,2022,10,04,21,58.1,152,Unhealthy,62.0,UG/M3,1 Hr,Valid
N'Djamena,PM2.5 - Principal,2022-10-04 10:00 PM,2022,10,04,22,58.5,153,Unhealthy,59.0,UG/M3,1 Hr,Valid
N'Djamena,PM2.5 - Principal,2022-10-04 11:00 PM,2022,10,04,23,48.8,134,Unhealthy for Sensitive Groups,39.0,UG/M3,1 Hr,Valid
N'Djamena,PM2.5 - Principal,2022-10-05 12:00 AM,2022,10,05,00,35.9,102,Unhealthy for Sensitive Groups,23.0,UG/M3,1 Hr,Valid
N'Djamena,PM2.5 - Principal,2022-10-05 01:00 AM,2022,10,05,01,27.9,84,Moderate,20.0,UG/M3,1 Hr,Valid
N'Djamena,PM2.5 - Principal,2022-10-05 02:00 AM,2022,10,05,02,22.4,73,Moderate,17.0,UG/M3,1 Hr,Valid
N'Djamena,PM2.5 - Principal,2022-10-05 03:00 AM,2022,10,05,03,18.7,65,Moderate,15.0,UG/M3,1 Hr,Valid
N'Djamena,PM2.5 - Principal,2022-10-05 04:00 AM,2022,10,05,04,16.3,60,Moderate,14.0,UG/M3,1 Hr,Valid
N'Djamena,PM2.5 - Principal,2022-10-05 05:00 AM,2022,10,05,05,14.1,55,Moderate,12.0,UG/M3,1 Hr,Valid
N'Djamena,PM2.5 - Principal,2022-10-05 06:00 AM,2022,10,05,06,11.0,46,Good,8.0,UG/M3,1 Hr,Valid
N'Djamena,PM2.5 - Principal,2022-10-05 07:00 AM,2022,10,05,07,13.0,53,Moderate,15.0,UG/M3,1 Hr,Valid
N'Djamena,PM2.5 - Principal,2022-10-05 08:00 AM,2022,10,05,08,16.0,59,Moderate,19.0,UG/M3,1 Hr,Valid
N'Djamena,PM2.5 - Principal,2022-10-05 09:00 AM,2022,10,05,09,19.0,66,Moderate,22.0,UG/M3,1 Hr,Valid
N'Djamena,PM2.5 - Principal,2022-10-05 10:00 AM,2022,10,05,10,20.4,68,Moderate,22.0,UG/M3,1 Hr,Valid
N'Djamena,PM2.5 - Principal,2022-10-05 11:00 AM,2022,10,05,11,17.7,63,Moderate,15.0,UG/M3,1 Hr,Valid
N'Djamena,PM2.5 - Principal,2022-10-05 12:00 PM,2022,10,05,12,15.3,58,Moderate,13.0,UG/M3,1 Hr,Valid
N'Djamena,PM2.5 - Principal,2022-10-05 01:00 PM,2022,10,05,13,13.1,53,Moderate,11.0,UG/M3,1 Hr,Valid
N'Djamena,PM2.5 - Principal,2022-10-05 02:00 PM,2022,10,05,14,13.0,53,Moderate,13.0,UG/M3,1 Hr,Valid
N'Djamena,PM2.5 - Principal,2022-10-05 03:00 PM,2022,10,05,15,15.5,58,Moderate,18.0,UG/M3,1 Hr,Valid
N'Djamena,PM2.5 - Principal,2022-10-05 04:00 PM,2022,10,05,16,16.2,60,Moderate,17.0,UG/M3,1 Hr,Valid
N'Djamena,PM2.5 - Principal,2022-10-05 05:00 PM,2022,10,05,17,14.6,56,Moderate,13.0,UG/M3,1 Hr,Valid
N'Djamena,PM2.5 - Principal,2022-10-05 06:00 PM,2022,10,05,18,20.3,68,Moderate,26.0,UG/M3,1 Hr,Valid
N'Djamena,PM2.5 - Principal,2022-10-05 07:00 PM,2022,10,05,19,32.6,94,Moderate,45.0,UG/M3,1 Hr,Valid
N'Djamena,PM2.5 - Principal,2022-10-05 08:00 PM,2022,10,05,20,44.8,124,Unhealthy for Sensitive Groups,57.0,UG/M3,1 Hr,Valid
N'Djamena,PM2.5 - Principal,2022-10-05 09:00 PM,2022,10,05,21,44.9,124,Unhealthy for Sensitive Groups,45.0,UG/M3,1 Hr,Valid
N'Djamena,PM2.5 - Principal,2022-10-05 10:00 PM,2022,10,05,22,60.9,154,Unhealthy,77.0,UG/M3,1 Hr,Valid
N'Djamena,PM2.5 - Principal,2022-10-05 11:00 PM,2022,10,05,23,71.4,159,Unhealthy,82.0,UG/M3,1 Hr,Valid
N'Djamena,PM2.5 - Principal,2022-10-06 12:00 AM,2022,10,06,00,70.2,159,Unhealthy,69.0,UG/M3,1 Hr,Valid
N'Djamena,PM2.5 - Principal,2022-10-06 01:00 AM,2022,10,06,01,75.1,161,Unhealthy,80.0,UG/M3,1 Hr,Valid
N'Djamena,PM2.5 - Principal,2022-10-06 02:00 AM,2022,10,06,02,62.0,154,Unhealthy,49.0,UG/M3,1 Hr,Valid
N'Djamena,PM2.5 - Principal,2022-10-06 03:00 AM,2022,10,06,03,52.0,142,Unhealthy for Sensitive Groups,42.0,UG/M3,1 Hr,Valid
N'Djamena,PM2.5 - Principal,2022-10-06 04:00 AM,2022,10,06,04,41.5,116,Unhealthy for Sensitive Groups,31.0,UG/M3,1 Hr,Valid
N'Djamena,PM2.5 - Principal,2022-10-06 05:00 AM,2022,10,06,05,33.7,96,Moderate,26.0,UG/M3,1 Hr,Valid
N'Djamena,PM2.5 - Principal,2022-10-06 06:00 AM,2022,10,06,06,32.3,93,Moderate,31.0,UG/M3,1 Hr,Valid
N'Djamena,PM2.5 - Principal,2022-10-06 07:00 AM,2022,10,06,07,40.1,112,Unhealthy for Sensitive Groups,48.0,UG/M3,1 Hr,Valid
N'Djamena,PM2.5 - Principal,2022-10-06 08:00 AM,2022,10,06,08,33.5,96,Moderate,27.0,UG/M3,1 Hr,Valid
N'Djamena,PM2.5 - Principal,2022-10-06 09:00 AM,2022,10,06,09,33.5,96,Moderate,-999.0,UG/M3,1 Hr,Missing
N'Djamena,PM2.5 - Principal,2022-10-06 10:00 AM,2022,10,06,10,18.5,64,Moderate,11.0,UG/M3,1 Hr,Valid
N'Djamena,PM2.5 - Principal,2022-10-06 11:00 AM,2022,10,06,11,14.2,55,Moderate,11.0,UG/M3,1 Hr,Valid
N'Djamena,PM2.5 - Principal,2022-10-06 12:00 PM,2022,10,06,12,11.9,50,Good,10.0,UG/M3,1 Hr,Valid
N'Djamena,PM2.5 - Principal,2022-10-06 01:00 PM,2022,10,06,13,13.5,54,Moderate,15.0,UG/M3,1 Hr,Valid
N'Djamena,PM2.5 - Principal,2022-10-06 02:00 PM,2022,10,06,14,12.7,52,Moderate,12.0,UG/M3,1 Hr,Valid
N'Djamena,PM2.5 - Principal,2022-10-06 03:00 PM,2022,10,06,15,11.8,49,Good,11.0,UG/M3,1 Hr,Valid
N'Djamena,PM2.5 - Principal,2022-10-06 04:00 PM,2022,10,06,16,12.4,52,Moderate,13.0,UG/M3,1 Hr,Valid
N'Djamena,PM2.5 - Principal,2022-10-06 05:00 PM,2022,10,06,17,18.7,65,Moderate,25.0,UG/M3,1 Hr,Valid
N'Djamena,PM2.5 - Principal,2022-10-06 06:00 PM,2022,10,06,18,37.3,105,Unhealthy for Sensitive Groups,56.0,UG/M3,1 Hr,Valid
N'Djamena,PM2.5 - Principal,2022-10-06 07:00 PM,2022,10,06,19,33.6,96,Moderate,30.0,UG/M3,1 Hr,Valid
N'Djamena,PM2.5 - Principal,2022-10-06 08:00 PM,2022,10,06,20,55.8,151,Unhealthy,78.0,UG/M3,1 Hr,Valid
N'Djamena,PM2.5 - Principal,2022-10-06 09:00 PM,2022,10,06,21,32.4,94,Moderate,9.0,UG/M3,1 Hr,Valid
N'Djamena,PM2.5 - Principal,2022-10-06 10:00 PM,2022,10,06,22,22.7,73,Moderate,13.0,UG/M3,1 Hr,Valid
N'Djamena,PM2.5 - Principal,2022-10-06 11:00 PM,2022,10,06,23,15.3,58,Moderate,8.0,UG/M3,1 Hr,Valid
N'Djamena,PM2.5 - Principal,2022-10-07 12:00 AM,2022,10,07,00,10.6,44,Good,6.0,UG/M3,1 Hr,Valid
N'Djamena,PM2.5 - Principal,2022-10-07 01:00 AM,2022,10,07,01,8.8,37,Good,7.0,UG/M3,1 Hr,Valid
N'Djamena,PM2.5 - Principal,2022-10-07 02:00 AM,2022,10,07,02,7.9,33,Good,7.0,UG/M3,1 Hr,Valid
N'Djamena,PM2.5 - Principal,2022-10-07 03:00 AM,2022,10,07,03,9.9,41,Good,12.0,UG/M3,1 Hr,Valid
N'Djamena,PM2.5 - Principal,2022-10-07 04:00 AM,2022,10,07,04,10.9,45,Good,12.0,UG/M3,1 Hr,Valid
N'Djamena,PM2.5 - Principal,2022-10-07 05:00 AM,2022,10,07,05,11.9,50,Good,13.0,UG/M3,1 Hr,Valid
N'Djamena,PM2.5 - Principal,2022-10-07 06:00 AM,2022,10,07,06,15.4,58,Moderate,19.0,UG/M3,1 Hr,Valid
N'Djamena,PM2.5 - Principal,2022-10-07 07:00 AM,2022,10,07,07,34.7,99,Moderate,54.0,UG/M3,1 Hr,Valid
N'Djamena,PM2.5 - Principal,2022-10-07 08:00 AM,2022,10,07,08,34.8,99,Moderate,35.0,UG/M3,1 Hr,Valid
N'Djamena,PM2.5 - Principal,2022-10-07 09:00 AM,2022,10,07,09,39.9,112,Unhealthy for Sensitive Groups,45.0,UG/M3,1 Hr,Valid
N'Djamena,PM2.5 - Principal,2022-10-07 10:00 AM,2022,10,07,10,34.4,98,Moderate,29.0,UG/M3,1 Hr,Valid
N'Djamena,PM2.5 - Principal,2022-10-07 11:00 AM,2022,10,07,11,28.2,85,Moderate,22.0,UG/M3,1 Hr,Valid
N'Djamena,PM2.5 - Principal,2022-10-07 12:00 PM,2022,10,07,12,23.1,74,Moderate,18.0,UG/M3,1 Hr,Valid
N'Djamena,PM2.5 - Principal,2022-10-07 01:00 PM,2022,10,07,13,20.5,69,Moderate,18.0,UG/M3,1 Hr,Valid
N'Djamena,PM2.5 - Principal,2022-10-07 02:00 PM,2022,10,07,14,18.2,64,Moderate,16.0,UG/M3,1 Hr,Valid
N'Djamena,PM2.5 - Principal,2022-10-07 03:00 PM,2022,10,07,15,17.6,63,Moderate,17.0,UG/M3,1 Hr,Valid
N'Djamena,PM2.5 - Principal,2022-10-07 04:00 PM,2022,10,07,16,18.3,64,Moderate,19.0,UG/M3,1 Hr,Valid
N'Djamena,PM2.5 - Principal,2022-10-07 05:00 PM,2022,10,07,17,20.6,69,Moderate,23.0,UG/M3,1 Hr,Valid
N'Djamena,PM2.5 - Principal,2022-10-07 06:00 PM,2022,10,07,18,27.8,84,Moderate,35.0,UG/M3,1 Hr,Valid
N'Djamena,PM2.5 - Principal,2022-10-07 07:00 PM,2022,10,07,19,29.9,88,Moderate,32.0,UG/M3,1 Hr,Valid
N'Djamena,PM2.5 - Principal,2022-10-07 08:00 PM,2022,10,07,20,25.9,80,Moderate,22.0,UG/M3,1 Hr,Valid
N'Djamena,PM2.5 - Principal,2022-10-07 09:00 PM,2022,10,07,21,22.9,74,Moderate,20.0,UG/M3,1 Hr,Valid
N'Djamena,PM2.5 - Principal,2022-10-07 10:00 PM,2022,10,07,22,24.4,77,Moderate,26.0,UG/M3,1 Hr,Valid
N'Djamena,PM2.5 - Principal,2022-10-07 11:00 PM,2022,10,07,23,23.7,75,Moderate,23.0,UG/M3,1 Hr,Valid
N'Djamena,PM2.5 - Principal,2022-10-08 12:00 AM,2022,10,08,00,19.8,67,Moderate,16.0,UG/M3,1 Hr,Valid
N'Djamena,PM2.5 - Principal,2022-10-08 01:00 AM,2022,10,08,01,18.4,64,Moderate,17.0,UG/M3,1 Hr,Valid
N'Djamena,PM2.5 - Principal,2022-10-08 02:00 AM,2022,10,08,02,13.2,53,Moderate,8.0,UG/M3,1 Hr,Valid
N'Djamena,PM2.5 - Principal,2022-10-08 03:00 AM,2022,10,08,03,10.6,44,Good,8.0,UG/M3,1 Hr,Valid
N'Djamena,PM2.5 - Principal,2022-10-08 04:00 AM,2022,10,08,04,11.3,47,Good,12.0,UG/M3,1 Hr,Valid
N'Djamena,PM2.5 - Principal,2022-10-08 05:00 AM,2022,10,08,05,10.6,44,Good,10.0,UG/M3,1 Hr,Valid
N'Djamena,PM2.5 - Principal,2022-10-08 06:00 AM,2022,10,08,06,13.3,54,Moderate,16.0,UG/M3,1 Hr,Valid
N'Djamena,PM2.5 - Principal,2022-10-08 07:00 AM,2022,10,08,07,16.6,60,Moderate,20.0,UG/M3,1 Hr,Valid
N'Djamena,PM2.5 - Principal,2022-10-08 08:00 AM,2022,10,08,08,14.3,56,Moderate,12.0,UG/M3,1 Hr,Valid
N'Djamena,PM2.5 - Principal,2022-10-08 09:00 AM,2022,10,08,09,18.6,65,Moderate,23.0,UG/M3,1 Hr,Valid
N'Djamena,PM2.5 - Principal,2022-10-08 10:00 AM,2022,10,08,10,19.8,67,Moderate,21.0,UG/M3,1 Hr,Valid
N'Djamena,PM2.5 - Principal,2022-10-08 11:00 AM,2022,10,08,11,23.4,75,Moderate,27.0,UG/M3,1 Hr,Valid
N'Djamena,PM2.5 - Principal,2022-10-08 12:00 PM,2022,10,08,12,23.7,75,Moderate,24.0,UG/M3,1 Hr,Valid
N'Djamena,PM2.5 - Principal,2022-10-08 01:00 PM,2022,10,08,13,19.3,66,Moderate,15.0,UG/M3,1 Hr,Valid
N'Djamena,PM2.5 - Principal,2022-10-08 02:00 PM,2022,10,08,14,20.6,69,Moderate,22.0,UG/M3,1 Hr,Valid
N'Djamena,PM2.5 - Principal,2022-10-08 03:00 PM,2022,10,08,15,19.8,67,Moderate,19.0,UG/M3,1 Hr,Valid
N'Djamena,PM2.5 - Principal,2022-10-08 04:00 PM,2022,10,08,16,21.9,72,Moderate,24.0,UG/M3,1 Hr,Valid
N'Djamena,PM2.5 - Principal,2022-10-08 05:00 PM,2022,10,08,17,24.9,78,Moderate,28.0,UG/M3,1 Hr,Valid
N'Djamena,PM2.5 - Principal,2022-10-08 06:00 PM,2022,10,08,18,40.4,113,Unhealthy for Sensitive Groups,56.0,UG/M3,1 Hr,Valid
N'Djamena,PM2.5 - Principal,2022-10-08 07:00 PM,2022,10,08,19,70.7,159,Unhealthy,101.0,UG/M3,1 Hr,Valid
N'Djamena,PM2.5 - Principal,2022-10-08 08:00 PM,2022,10,08,20,81.8,165,Unhealthy,93.0,UG/M3,1 Hr,Valid
N'Djamena,PM2.5 - Principal,2022-10-08 09:00 PM,2022,10,08,21,77.4,162,Unhealthy,73.0,UG/M3,1 Hr,Valid
N'Djamena,PM2.5 - Principal,2022-10-08 10:00 PM,2022,10,08,22,65.7,156,Unhealthy,54.0,UG/M3,1 Hr,Valid
N'Djamena,PM2.5 - Principal,2022-10-08 11:00 PM,2022,10,08,23,67.8,157,Unhealthy,70.0,UG/M3,1 Hr,Valid
N'Djamena,PM2.5 - Principal,2022-10-09 12:00 AM,2022,10,09,00,64.4,156,Unhealthy,61.0,UG/M3,1 Hr,Valid
N'Djamena,PM2.5 - Principal,2022-10-09 01:00 AM,2022,10,09,01,41.2,115,Unhealthy for Sensitive Groups,18.0,UG/M3,1 Hr,Valid
N'Djamena,PM2.5 - Principal,2022-10-09 02:00 AM,2022,10,09,02,29.6,88,Moderate,18.0,UG/M3,1 Hr,Valid
N'Djamena,PM2.5 - Principal,2022-10-09 03:00 AM,2022,10,09,03,37.8,107,Unhealthy for Sensitive Groups,46.0,UG/M3,1 Hr,Valid
N'Djamena,PM2.5 - Principal,2022-10-09 04:00 AM,2022,10,09,04,30.4,89,Moderate,23.0,UG/M3,1 Hr,Valid
N'Djamena,PM2.5 - Principal,2022-10-09 05:00 AM,2022,10,09,05,30.2,89,Moderate,30.0,UG/M3,1 Hr,Valid
N'Djamena,PM2.5 - Principal,2022-10-09 06:00 AM,2022,10,09,06,31.5,92,Moderate,33.0,UG/M3,1 Hr,Valid
N'Djamena,PM2.5 - Principal,2022-10-09 07:00 AM,2022,10,09,07,44.7,124,Unhealthy for Sensitive Groups,58.0,UG/M3,1 Hr,Valid
N'Djamena,PM2.5 - Principal,2022-10-09 08:00 AM,2022,10,09,08,45.3,125,Unhealthy for Sensitive Groups,46.0,UG/M3,1 Hr,Valid
N'Djamena,PM2.5 - Principal,2022-10-09 09:00 AM,2022,10,09,09,48.6,133,Unhealthy for Sensitive Groups,52.0,UG/M3,1 Hr,Valid
N'Djamena,PM2.5 - Principal,2022-10-09 10:00 AM,2022,10,09,10,40.8,114,Unhealthy for Sensitive Groups,33.0,UG/M3,1 Hr,Valid
N'Djamena,PM2.5 - Principal,2022-10-09 11:00 AM,2022,10,09,11,34.9,99,Moderate,29.0,UG/M3,1 Hr,Valid
N'Djamena,PM2.5 - Principal,2022-10-09 12:00 PM,2022,10,09,12,29.4,87,Moderate,24.0,UG/M3,1 Hr,Valid
N'Djamena,PM2.5 - Principal,2022-10-09 01:00 PM,2022,10,09,13,31.2,91,Moderate,33.0,UG/M3,1 Hr,Valid
N'Djamena,PM2.5 - Principal,2022-10-09 02:00 PM,2022,10,09,14,30.6,90,Moderate,30.0,UG/M3,1 Hr,Valid
N'Djamena,PM2.5 - Principal,2022-10-09 03:00 PM,2022,10,09,15,28.8,86,Moderate,27.0,UG/M3,1 Hr,Valid
N'Djamena,PM2.5 - Principal,2022-10-09 04:00 PM,2022,10,09,16,26.4,81,Moderate,24.0,UG/M3,1 Hr,Valid
N'Djamena,PM2.5 - Principal,2022-10-09 05:00 PM,2022,10,09,17,30.2,89,Moderate,34.0,UG/M3,1 Hr,Valid
N'Djamena,PM2.5 - Principal,2022-10-09 06:00 PM,2022,10,09,18,47.1,130,Unhealthy for Sensitive Groups,64.0,UG/M3,1 Hr,Valid
N'Djamena,PM2.5 - Principal,2022-10-09 07:00 PM,2022,10,09,19,71.5,159,Unhealthy,96.0,UG/M3,1 Hr,Valid
N'Djamena,PM2.5 - Principal,2022-10-09 08:00 PM,2022,10,09,20,65.7,156,Unhealthy,60.0,UG/M3,1 Hr,Valid
N'Djamena,PM2.5 - Principal,2022-10-09 09:00 PM,2022,10,09,21,75.3,161,Unhealthy,85.0,UG/M3,1 Hr,Valid
N'Djamena,PM2.5 - Principal,2022-10-09 10:00 PM,2022,10,09,22,100.2,174,Unhealthy,125.0,UG/M3,1 Hr,Valid
N'Djamena,PM2.5 - Principal,2022-10-09 11:00 PM,2022,10,09,23,90.1,169,Unhealthy,80.0,UG/M3,1 Hr,Valid
N'Djamena,PM2.5 - Principal,2022-10-10 12:00 AM,2022,10,10,00,71.0,159,Unhealthy,52.0,UG/M3,1 Hr,Valid
N'Djamena,PM2.5 - Principal,2022-10-10 01:00 AM,2022,10,10,01,55.0,149,Unhealthy for Sensitive Groups,39.0,UG/M3,1 Hr,Valid
N'Djamena,PM2.5 - Principal,2022-10-10 02:00 AM,2022,10,10,02,53.0,144,Unhealthy for Sensitive Groups,51.0,UG/M3,1 Hr,Valid
N'Djamena,PM2.5 - Principal,2022-10-10 03:00 AM,2022,10,10,03,46.5,128,Unhealthy for Sensitive Groups,40.0,UG/M3,1 Hr,Valid
N'Djamena,PM2.5 - Principal,2022-10-10 04:00 AM,2022,10,10,04,35.2,100,Moderate,24.0,UG/M3,1 Hr,Valid
N'Djamena,PM2.5 - Principal,2022-10-10 05:00 AM,2022,10,10,05,33.1,95,Moderate,31.0,UG/M3,1 Hr,Valid
N'Djamena,PM2.5 - Principal,2022-10-10 06:00 AM,2022,10,10,06,61.5,154,Unhealthy,90.0,UG/M3,1 Hr,Valid
N'Djamena,PM2.5 - Principal,2022-10-10 07:00 AM,2022,10,10,07,52.7,143,Unhealthy for Sensitive Groups,44.0,UG/M3,1 Hr,Valid
N'Djamena,PM2.5 - Principal,2022-10-10 08:00 AM,2022,10,10,08,47.3,130,Unhealthy for Sensitive Groups,42.0,UG/M3,1 Hr,Valid
N'Djamena,PM2.5 - Principal,2022-10-10 09:00 AM,2022,10,10,09,38.1,107,Unhealthy for Sensitive Groups,29.0,UG/M3,1 Hr,Valid
N'Djamena,PM2.5 - Principal,2022-10-10 10:00 AM,2022,10,10,10,32.5,94,Moderate,27.0,UG/M3,1 Hr,Valid
N'Djamena,PM2.5 - Principal,2022-10-10 11:00 AM,2022,10,10,11,27.2,83,Moderate,22.0,UG/M3,1 Hr,Valid
N'Djamena,PM2.5 - Principal,2022-10-10 12:00 PM,2022,10,10,12,26.1,80,Moderate,25.0,UG/M3,1 Hr,Valid
N'Djamena,PM2.5 - Principal,2022-10-10 01:00 PM,2022,10,10,13,26.0,80,Moderate,26.0,UG/M3,1 Hr,Valid
N'Djamena,PM2.5 - Principal,2022-10-10 02:00 PM,2022,10,10,14,26.0,80,Moderate,26.0,UG/M3,1 Hr,Valid
N'Djamena,PM2.5 - Principal,2022-10-10 03:00 PM,2022,10,10,15,26.0,80,Moderate,-999.0,UG/M3,1 Hr,Missing
N'Djamena,PM2.5 - Principal,2022-10-11 02:00 PM,2022,10,11,14,-999.0,-999,N/A,31.0,UG/M3,1 Hr,Valid
N'Djamena,PM2.5 - Principal,2022-10-11 03:00 PM,2022,10,11,15,31.0,91,Moderate,31.0,UG/M3,1 Hr,Valid
N'Djamena,PM2.5 - Principal,2022-10-11 04:00 PM,2022,10,11,16,31.3,91,Moderate,32.0,UG/M3,1 Hr,Valid
N'Djamena,PM2.5 - Principal,2022-10-11 05:00 PM,2022,10,11,17,33.1,95,Moderate,37.0,UG/M3,1 Hr,Valid
N'Djamena,PM2.5 - Principal,2022-10-11 06:00 PM,2022,10,11,18,46.5,128,Unhealthy for Sensitive Groups,59.0,UG/M3,1 Hr,Valid
N'Djamena,PM2.5 - Principal,2022-10-11 07:00 PM,2022,10,11,19,47.2,130,Unhealthy for Sensitive Groups,48.0,UG/M3,1 Hr,Valid
N'Djamena,PM2.5 - Principal,2022-10-11 08:00 PM,2022,10,11,20,41.8,117,Unhealthy for Sensitive Groups,36.0,UG/M3,1 Hr,Valid
N'Djamena,PM2.5 - Principal,2022-10-11 09:00 PM,2022,10,11,21,30.3,89,Moderate,19.0,UG/M3,1 Hr,Valid
N'Djamena,PM2.5 - Principal,2022-10-11 10:00 PM,2022,10,11,22,21.1,70,Moderate,12.0,UG/M3,1 Hr,Valid
N'Djamena,PM2.5 - Principal,2022-10-11 11:00 PM,2022,10,11,23,18.5,64,Moderate,16.0,UG/M3,1 Hr,Valid
N'Djamena,PM2.5 - Principal,2022-10-12 12:00 AM,2022,10,12,00,15.7,59,Moderate,13.0,UG/M3,1 Hr,Valid
N'Djamena,PM2.5 - Principal,2022-10-12 01:00 AM,2022,10,12,01,14.3,56,Moderate,13.0,UG/M3,1 Hr,Valid
N'Djamena,PM2.5 - Principal,2022-10-12 02:00 AM,2022,10,12,02,14.6,56,Moderate,15.0,UG/M3,1 Hr,Valid
N'Djamena,PM2.5 - Principal,2022-10-12 03:00 AM,2022,10,12,03,13.8,55,Moderate,13.0,UG/M3,1 Hr,Valid
N'Djamena,PM2.5 - Principal,2022-10-12 04:00 AM,2022,10,12,04,11.9,50,Good,10.0,UG/M3,1 Hr,Valid
N'Djamena,PM2.5 - Principal,2022-10-12 05:00 AM,2022,10,12,05,9.4,39,Good,7.0,UG/M3,1 Hr,Valid
N'Djamena,PM2.5 - Principal,2022-10-12 06:00 AM,2022,10,12,06,9.7,40,Good,10.0,UG/M3,1 Hr,Valid
N'Djamena,PM2.5 - Principal,2022-10-12 07:00 AM,2022,10,12,07,15.3,58,Moderate,21.0,UG/M3,1 Hr,Valid
N'Djamena,PM2.5 - Principal,2022-10-12 08:00 AM,2022,10,12,08,16.1,59,Moderate,17.0,UG/M3,1 Hr,Valid
N'Djamena,PM2.5 - Principal,2022-10-12 09:00 AM,2022,10,12,09,16.5,60,Moderate,17.0,UG/M3,1 Hr,Valid
N'Djamena,PM2.5 - Principal,2022-10-12 10:00 AM,2022,10,12,10,19.2,66,Moderate,22.0,UG/M3,1 Hr,Valid
N'Djamena,PM2.5 - Principal,2022-10-12 11:00 AM,2022,10,12,11,20.6,69,Moderate,22.0,UG/M3,1 Hr,Valid
N'Djamena,PM2.5 - Principal,2022-10-12 12:00 PM,2022,10,12,12,19.3,66,Moderate,18.0,UG/M3,1 Hr,Valid
N'Djamena,PM2.5 - Principal,2022-10-12 01:00 PM,2022,10,12,13,19.6,67,Moderate,20.0,UG/M3,1 Hr,Valid
N'Djamena,PM2.5 - Principal,2022-10-12 02:00 PM,2022,10,12,14,15.3,58,Moderate,11.0,UG/M3,1 Hr,Valid
N'Djamena,PM2.5 - Principal,2022-10-12 03:00 PM,2022,10,12,15,15.1,57,Moderate,15.0,UG/M3,1 Hr,Valid
N'Djamena,PM2.5 - Principal,2022-10-12 04:00 PM,2022,10,12,16,17.0,61,Moderate,19.0,UG/M3,1 Hr,Valid
N'Djamena,PM2.5 - Principal,2022-10-12 05:00 PM,2022,10,12,17,16.5,60,Moderate,16.0,UG/M3,1 Hr,Valid
N'Djamena,PM2.5 - Principal,2022-10-12 06:00 PM,2022,10,12,18,26.7,82,Moderate,37.0,UG/M3,1 Hr,Valid
N'Djamena,PM2.5 - Principal,2022-10-12 07:00 PM,2022,10,12,19,46.8,129,Unhealthy for Sensitive Groups,67.0,UG/M3,1 Hr,Valid
N'Djamena,PM2.5 - Principal,2022-10-12 08:00 PM,2022,10,12,20,94.4,171,Unhealthy,142.0,UG/M3,1 Hr,Valid
N'Djamena,PM2.5 - Principal,2022-10-12 09:00 PM,2022,10,12,21,87.2,167,Unhealthy,80.0,UG/M3,1 Hr,Valid
N'Djamena,PM2.5 - Principal,2022-10-12 10:00 PM,2022,10,12,22,74.6,161,Unhealthy,62.0,UG/M3,1 Hr,Valid
N'Djamena,PM2.5 - Principal,2022-10-12 11:00 PM,2022,10,12,23,63.8,155,Unhealthy,53.0,UG/M3,1 Hr,Valid
N'Djamena,PM2.5 - Principal,2022-10-13 12:00 AM,2022,10,13,00,64.4,156,Unhealthy,65.0,UG/M3,1 Hr,Valid
N'Djamena,PM2.5 - Principal,2022-10-13 01:00 AM,2022,10,13,01,58.7,153,Unhealthy,53.0,UG/M3,1 Hr,Valid
N'Djamena,PM2.5 - Principal,2022-10-13 02:00 AM,2022,10,13,02,43.8,121,Unhealthy for Sensitive Groups,29.0,UG/M3,1 Hr,Valid
N'Djamena,PM2.5 - Principal,2022-10-13 03:00 AM,2022,10,13,03,29.9,88,Moderate,16.0,UG/M3,1 Hr,Valid
N'Djamena,PM2.5 - Principal,2022-10-13 04:00 AM,2022,10,13,04,22.4,73,Moderate,15.0,UG/M3,1 Hr,Valid
N'Djamena,PM2.5 - Principal,2022-10-13 05:00 AM,2022,10,13,05,20.2,68,Moderate,18.0,UG/M3,1 Hr,Valid
N'Djamena,PM2.5 - Principal,2022-10-13 06:00 AM,2022,10,13,06,26.1,80,Moderate,32.0,UG/M3,1 Hr,Valid
N'Djamena,PM2.5 - Principal,2022-10-13 07:00 AM,2022,10,13,07,32.5,94,Moderate,39.0,UG/M3,1 Hr,Valid
N'Djamena,PM2.5 - Principal,2022-10-13 08:00 AM,2022,10,13,08,41.2,115,Unhealthy for Sensitive Groups,50.0,UG/M3,1 Hr,Valid
N'Djamena,PM2.5 - Principal,2022-10-13 09:00 AM,2022,10,13,09,35.6,101,Unhealthy for Sensitive Groups,30.0,UG/M3,1 Hr,Valid
N'Djamena,PM2.5 - Principal,2022-10-13 10:00 AM,2022,10,13,10,25.8,80,Moderate,16.0,UG/M3,1 Hr,Valid
N'Djamena,PM2.5 - Principal,2022-10-13 11:00 AM,2022,10,13,11,22.3,72,Moderate,19.0,UG/M3,1 Hr,Valid
N'Djamena,PM2.5 - Principal,2022-10-13 12:00 PM,2022,10,13,12,24.6,77,Moderate,27.0,UG/M3,1 Hr,Valid
N'Djamena,PM2.5 - Principal,2022-10-13 01:00 PM,2022,10,13,13,25.8,80,Moderate,27.0,UG/M3,1 Hr,Valid
N'Djamena,PM2.5 - Principal,2022-10-13 02:00 PM,2022,10,13,14,23.9,76,Moderate,22.0,UG/M3,1 Hr,Valid
N'Djamena,PM2.5 - Principal,2022-10-13 03:00 PM,2022,10,13,15,24.9,78,Moderate,26.0,UG/M3,1 Hr,Valid
N'Djamena,PM2.5 - Principal,2022-10-13 04:00 PM,2022,10,13,16,24.9,78,Moderate,25.0,UG/M3,1 Hr,Valid
N'Djamena,PM2.5 - Principal,2022-10-13 05:00 PM,2022,10,13,17,31.4,92,Moderate,38.0,UG/M3,1 Hr,Valid
N'Djamena,PM2.5 - Principal,2022-10-13 06:00 PM,2022,10,13,18,48.7,134,Unhealthy for Sensitive Groups,66.0,UG/M3,1 Hr,Valid
N'Djamena,PM2.5 - Principal,2022-10-13 07:00 PM,2022,10,13,19,128.8,189,Unhealthy,209.0,UG/M3,1 Hr,Valid
N'Djamena,PM2.5 - Principal,2022-10-13 08:00 PM,2022,10,13,20,110.9,180,Unhealthy,93.0,UG/M3,1 Hr,Valid
N'Djamena,PM2.5 - Principal,2022-10-13 09:00 PM,2022,10,13,21,91.4,170,Unhealthy,72.0,UG/M3,1 Hr,Valid
N'Djamena,PM2.5 - Principal,2022-10-13 10:00 PM,2022,10,13,22,77.2,162,Unhealthy,63.0,UG/M3,1 Hr,Valid
N'Djamena,PM2.5 - Principal,2022-10-13 11:00 PM,2022,10,13,23,57.6,152,Unhealthy,38.0,UG/M3,1 Hr,Valid
N'Djamena,PM2.5 - Principal,2022-10-14 12:00 AM,2022,10,14,00,38.3,108,Unhealthy for Sensitive Groups,19.0,UG/M3,1 Hr,Valid
N'Djamena,PM2.5 - Principal,2022-10-14 01:00 AM,2022,10,14,01,49.1,134,Unhealthy for Sensitive Groups,60.0,UG/M3,1 Hr,Valid
N'Djamena,PM2.5 - Principal,2022-10-14 02:00 AM,2022,10,14,02,47.0,129,Unhealthy for Sensitive Groups,45.0,UG/M3,1 Hr,Valid
N'Djamena,PM2.5 - Principal,2022-10-14 03:00 AM,2022,10,14,03,39.5,111,Unhealthy for Sensitive Groups,32.0,UG/M3,1 Hr,Valid
N'Djamena,PM2.5 - Principal,2022-10-14 04:00 AM,2022,10,14,04,36.7,104,Unhealthy for Sensitive Groups,34.0,UG/M3,1 Hr,Valid
N'Djamena,PM2.5 - Principal,2022-10-14 05:00 AM,2022,10,14,05,30.3,89,Moderate,24.0,UG/M3,1 Hr,Valid
N'Djamena,PM2.5 - Principal,2022-10-14 06:00 AM,2022,10,14,06,35.1,99,Moderate,40.0,UG/M3,1 Hr,Valid
N'Djamena,PM2.5 - Principal,2022-10-14 07:00 AM,2022,10,14,07,109.5,179,Unhealthy,184.0,UG/M3,1 Hr,Valid
N'Djamena,PM2.5 - Principal,2022-10-14 08:00 AM,2022,10,14,08,89.7,169,Unhealthy,70.0,UG/M3,1 Hr,Valid
N'Djamena,PM2.5 - Principal,2022-10-14 09:00 AM,2022,10,14,09,66.8,157,Unhealthy,44.0,UG/M3,1 Hr,Valid
N'Djamena,PM2.5 - Principal,2022-10-14 10:00 AM,2022,10,14,10,51.9,141,Unhealthy for Sensitive Groups,37.0,UG/M3,1 Hr,Valid
N'Djamena,PM2.5 - Principal,2022-10-14 11:00 AM,2022,10,14,11,34.4,98,Moderate,17.0,UG/M3,1 Hr,Valid
N'Djamena,PM2.5 - Principal,2022-10-14 12:00 PM,2022,10,14,12,32.2,93,Moderate,30.0,UG/M3,1 Hr,Valid
N'Djamena,PM2.5 - Principal,2022-10-14 01:00 PM,2022,10,14,13,27.6,84,Moderate,23.0,UG/M3,1 Hr,Valid
N'Djamena,PM2.5 - Principal,2022-10-14 02:00 PM,2022,10,14,14,25.3,79,Moderate,23.0,UG/M3,1 Hr,Valid
N'Djamena,PM2.5 - Principal,2022-10-14 03:00 PM,2022,10,14,15,24.6,77,Moderate,24.0,UG/M3,1 Hr,Valid
N'Djamena,PM2.5 - Principal,2022-10-14 04:00 PM,2022,10,14,16,27.8,84,Moderate,31.0,UG/M3,1 Hr,Valid
N'Djamena,PM2.5 - Principal,2022-10-14 05:00 PM,2022,10,14,17,33.9,97,Moderate,40.0,UG/M3,1 Hr,Valid
N'Djamena,PM2.5 - Principal,2022-10-14 06:00 PM,2022,10,14,18,66.4,157,Unhealthy,99.0,UG/M3,1 Hr,Valid
N'Djamena,PM2.5 - Principal,2022-10-14 07:00 PM,2022,10,14,19,156.7,207,Very Unhealthy,247.0,UG/M3,1 Hr,Valid
N'Djamena,PM2.5 - Principal,2022-10-14 08:00 PM,2022,10,14,20,305.4,355,Hazardous,454.0,UG/M3,1 Hr,Valid
N'Djamena,PM2.5 - Principal,2022-10-14 09:00 PM,2022,10,14,21,341.7,391,Hazardous,378.0,UG/M3,1 Hr,Valid
N'Djamena,PM2.5 - Principal,2022-10-14 10:00 PM,2022,10,14,22,251.8,302,Hazardous,162.0,UG/M3,1 Hr,Valid
N'Djamena,PM2.5 - Principal,2022-10-14 11:00 PM,2022,10,14,23,178.4,229,Very Unhealthy,105.0,UG/M3,1 Hr,Valid
N'Djamena,PM2.5 - Principal,2022-10-15 12:00 AM,2022,10,15,00,116.2,182,Unhealthy,54.0,UG/M3,1 Hr,Valid
N'Djamena,PM2.5 - Principal,2022-10-15 01:00 AM,2022,10,15,01,104.1,176,Unhealthy,92.0,UG/M3,1 Hr,Valid
N'Djamena,PM2.5 - Principal,2022-10-15 02:00 AM,2022,10,15,02,83.5,165,Unhealthy,63.0,UG/M3,1 Hr,Valid
N'Djamena,PM2.5 - Principal,2022-10-15 03:00 AM,2022,10,15,03,75.7,161,Unhealthy,68.0,UG/M3,1 Hr,Valid
N'Djamena,PM2.5 - Principal,2022-10-15 04:00 AM,2022,10,15,04,72.8,160,Unhealthy,70.0,UG/M3,1 Hr,Valid
N'Djamena,PM2.5 - Principal,2022-10-15 05:00 AM,2022,10,15,05,76.4,162,Unhealthy,80.0,UG/M3,1 Hr,Valid
N'Djamena,PM2.5 - Principal,2022-10-15 06:00 AM,2022,10,15,06,76.2,162,Unhealthy,76.0,UG/M3,1 Hr,Valid
N'Djamena,PM2.5 - Principal,2022-10-15 07:00 AM,2022,10,15,07,112.1,180,Unhealthy,148.0,UG/M3,1 Hr,Valid
N'Djamena,PM2.5 - Principal,2022-10-15 08:00 AM,2022,10,15,08,109.5,179,Unhealthy,107.0,UG/M3,1 Hr,Valid
N'Djamena,PM2.5 - Principal,2022-10-15 09:00 AM,2022,10,15,09,101.2,175,Unhealthy,93.0,UG/M3,1 Hr,Valid
N'Djamena,PM2.5 - Principal,2022-10-15 10:00 AM,2022,10,15,10,78.0,163,Unhealthy,55.0,UG/M3,1 Hr,Valid
N'Djamena,PM2.5 - Principal,2022-10-15 11:00 AM,2022,10,15,11,57.5,152,Unhealthy,37.0,UG/M3,1 Hr,Valid
N'Djamena,PM2.5 - Principal,2022-10-15 12:00 PM,2022,10,15,12,47.7,131,Unhealthy for Sensitive Groups,38.0,UG/M3,1 Hr,Valid
N'Djamena,PM2.5 - Principal,2022-10-15 01:00 PM,2022,10,15,13,38.3,108,Unhealthy for Sensitive Groups,29.0,UG/M3,1 Hr,Valid
N'Djamena,PM2.5 - Principal,2022-10-15 02:00 PM,2022,10,15,14,31.6,92,Moderate,25.0,UG/M3,1 Hr,Valid
N'Djamena,PM2.5 - Principal,2022-10-15 03:00 PM,2022,10,15,15,25.3,79,Moderate,19.0,UG/M3,1 Hr,Valid
N'Djamena,PM2.5 - Principal,2022-10-15 04:00 PM,2022,10,15,16,23.6,75,Moderate,22.0,UG/M3,1 Hr,Valid
N'Djamena,PM2.5 - Principal,2022-10-15 05:00 PM,2022,10,15,17,26.8,82,Moderate,30.0,UG/M3,1 Hr,Valid
N'Djamena,PM2.5 - Principal,2022-10-15 06:00 PM,2022,10,15,18,51.9,141,Unhealthy for Sensitive Groups,77.0,UG/M3,1 Hr,Valid
N'Djamena,PM2.5 - Principal,2022-10-15 07:00 PM,2022,10,15,19,108.4,178,Unhealthy,165.0,UG/M3,1 Hr,Valid
N'Djamena,PM2.5 - Principal,2022-10-15 08:00 PM,2022,10,15,20,95.7,172,Unhealthy,83.0,UG/M3,1 Hr,Valid
N'Djamena,PM2.5 - Principal,2022-10-15 09:00 PM,2022,10,15,21,82.8,165,Unhealthy,70.0,UG/M3,1 Hr,Valid
N'Djamena,PM2.5 - Principal,2022-10-15 10:00 PM,2022,10,15,22,76.9,162,Unhealthy,71.0,UG/M3,1 Hr,Valid
N'Djamena,PM2.5 - Principal,2022-10-15 11:00 PM,2022,10,15,23,67.9,157,Unhealthy,59.0,UG/M3,1 Hr,Valid
N'Djamena,PM2.5 - Principal,2022-10-16 12:00 AM,2022,10,16,00,51.9,141,Unhealthy for Sensitive Groups,36.0,UG/M3,1 Hr,Valid
N'Djamena,PM2.5 - Principal,2022-10-16 01:00 AM,2022,10,16,01,41.9,117,Unhealthy for Sensitive Groups,32.0,UG/M3,1 Hr,Valid
N'Djamena,PM2.5 - Principal,2022-10-16 02:00 AM,2022,10,16,02,70.0,158,Unhealthy,98.0,UG/M3,1 Hr,Valid
N'Djamena,PM2.5 - Principal,2022-10-16 03:00 AM,2022,10,16,03,75.5,161,Unhealthy,81.0,UG/M3,1 Hr,Valid
N'Djamena,PM2.5 - Principal,2022-10-16 04:00 AM,2022,10,16,04,76.7,162,Unhealthy,78.0,UG/M3,1 Hr,Valid
N'Djamena,PM2.5 - Principal,2022-10-16 05:00 AM,2022,10,16,05,59.3,153,Unhealthy,42.0,UG/M3,1 Hr,Valid
N'Djamena,PM2.5 - Principal,2022-10-16 06:00 AM,2022,10,16,06,48.1,132,Unhealthy for Sensitive Groups,37.0,UG/M3,1 Hr,Valid
N'Djamena,PM2.5 - Principal,2022-10-16 07:00 AM,2022,10,16,07,73.5,160,Unhealthy,99.0,UG/M3,1 Hr,Valid
N'Djamena,PM2.5 - Principal,2022-10-16 08:00 AM,2022,10,16,08,98.2,173,Unhealthy,123.0,UG/M3,1 Hr,Valid
N'Djamena,PM2.5 - Principal,2022-10-16 09:00 AM,2022,10,16,09,75.6,161,Unhealthy,53.0,UG/M3,1 Hr,Valid
N'Djamena,PM2.5 - Principal,2022-10-16 10:00 AM,2022,10,16,10,56.3,151,Unhealthy,37.0,UG/M3,1 Hr,Valid
N'Djamena,PM2.5 - Principal,2022-10-16 11:00 AM,2022,10,16,11,42.1,117,Unhealthy for Sensitive Groups,28.0,UG/M3,1 Hr,Valid
N'Djamena,PM2.5 - Principal,2022-10-16 12:00 PM,2022,10,16,12,32.5,94,Moderate,23.0,UG/M3,1 Hr,Valid
N'Djamena,PM2.5 - Principal,2022-10-16 01:00 PM,2022,10,16,13,27.2,83,Moderate,22.0,UG/M3,1 Hr,Valid
N'Djamena,PM2.5 - Principal,2022-10-16 02:00 PM,2022,10,16,14,23.1,74,Moderate,19.0,UG/M3,1 Hr,Valid
N'Djamena,PM2.5 - Principal,2022-10-16 03:00 PM,2022,10,16,15,22.5,73,Moderate,22.0,UG/M3,1 Hr,Valid
N'Djamena,PM2.5 - Principal,2022-10-16 04:00 PM,2022,10,16,16,21.7,71,Moderate,21.0,UG/M3,1 Hr,Valid
N'Djamena,PM2.5 - Principal,2022-10-16 05:00 PM,2022,10,16,17,27.3,83,Moderate,33.0,UG/M3,1 Hr,Valid
N'Djamena,PM2.5 - Principal,2022-10-16 06:00 PM,2022,10,16,18,54.1,147,Unhealthy for Sensitive Groups,81.0,UG/M3,1 Hr,Valid
N'Djamena,PM2.5 - Principal,2022-10-16 07:00 PM,2022,10,16,19,109.1,179,Unhealthy,164.0,UG/M3,1 Hr,Valid
N'Djamena,PM2.5 - Principal,2022-10-16 08:00 PM,2022,10,16,20,152.0,202,Very Unhealthy,195.0,UG/M3,1 Hr,Valid
N'Djamena,PM2.5 - Principal,2022-10-16 09:00 PM,2022,10,16,21,138.0,194,Unhealthy,124.0,UG/M3,1 Hr,Valid
N'Djamena,PM2.5 - Principal,2022-10-16 10:00 PM,2022,10,16,22,117.0,183,Unhealthy,96.0,UG/M3,1 Hr,Valid
N'Djamena,PM2.5 - Principal,2022-10-16 11:00 PM,2022,10,16,23,105.5,177,Unhealthy,94.0,UG/M3,1 Hr,Valid
N'Djamena,PM2.5 - Principal,2022-10-17 12:00 AM,2022,10,17,00,100.2,174,Unhealthy,95.0,UG/M3,1 Hr,Valid
N'Djamena,PM2.5 - Principal,2022-10-17 01:00 AM,2022,10,17,01,100.1,174,Unhealthy,100.0,UG/M3,1 Hr,Valid
N'Djamena,PM2.5 - Principal,2022-10-17 02:00 AM,2022,10,17,02,79.5,163,Unhealthy,59.0,UG/M3,1 Hr,Valid
N'Djamena,PM2.5 - Principal,2022-10-17 03:00 AM,2022,10,17,03,56.2,151,Unhealthy,33.0,UG/M3,1 Hr,Valid
N'Djamena,PM2.5 - Principal,2022-10-17 04:00 AM,2022,10,17,04,40.1,112,Unhealthy for Sensitive Groups,24.0,UG/M3,1 Hr,Valid
N'Djamena,PM2.5 - Principal,2022-10-17 05:00 AM,2022,10,17,05,39.0,110,Unhealthy for Sensitive Groups,38.0,UG/M3,1 Hr,Valid
N'Djamena,PM2.5 - Principal,2022-10-17 06:00 AM,2022,10,17,06,40.0,112,Unhealthy for Sensitive Groups,41.0,UG/M3,1 Hr,Valid
N'Djamena,PM2.5 - Principal,2022-10-17 07:00 AM,2022,10,17,07,53.5,145,Unhealthy for Sensitive Groups,67.0,UG/M3,1 Hr,Valid
N'Djamena,PM2.5 - Principal,2022-10-17 08:00 AM,2022,10,17,08,64.2,155,Unhealthy,75.0,UG/M3,1 Hr,Valid
N'Djamena,PM2.5 - Principal,2022-10-17 09:00 AM,2022,10,17,09,56.1,151,Unhealthy,48.0,UG/M3,1 Hr,Valid
N'Djamena,PM2.5 - Principal,2022-10-17 10:00 AM,2022,10,17,10,45.0,124,Unhealthy for Sensitive Groups,34.0,UG/M3,1 Hr,Valid
N'Djamena,PM2.5 - Principal,2022-10-17 11:00 AM,2022,10,17,11,38.0,107,Unhealthy for Sensitive Groups,31.0,UG/M3,1 Hr,Valid
N'Djamena,PM2.5 - Principal,2022-10-17 12:00 PM,2022,10,17,12,35.5,101,Unhealthy for Sensitive Groups,33.0,UG/M3,1 Hr,Valid
N'Djamena,PM2.5 - Principal,2022-10-17 01:00 PM,2022,10,17,13,28.7,86,Moderate,22.0,UG/M3,1 Hr,Valid
N'Djamena,PM2.5 - Principal,2022-10-17 02:00 PM,2022,10,17,14,23.3,75,Moderate,18.0,UG/M3,1 Hr,Valid
N'Djamena,PM2.5 - Principal,2022-10-17 03:00 PM,2022,10,17,15,22.1,72,Moderate,21.0,UG/M3,1 Hr,Valid
N'Djamena,PM2.5 - Principal,2022-10-17 04:00 PM,2022,10,17,16,22.0,72,Moderate,22.0,UG/M3,1 Hr,Valid
N'Djamena,PM2.5 - Principal,2022-10-17 05:00 PM,2022,10,17,17,28.0,84,Moderate,34.0,UG/M3,1 Hr,Valid
N'Djamena,PM2.5 - Principal,2022-10-17 06:00 PM,2022,10,17,18,46.5,128,Unhealthy for Sensitive Groups,65.0,UG/M3,1 Hr,Valid
N'Djamena,PM2.5 - Principal,2022-10-17 07:00 PM,2022,10,17,19,56.7,152,Unhealthy,67.0,UG/M3,1 Hr,Valid
N'Djamena,PM2.5 - Principal,2022-10-17 08:00 PM,2022,10,17,20,60.3,153,Unhealthy,64.0,UG/M3,1 Hr,Valid
N'Djamena,PM2.5 - Principal,2022-10-17 09:00 PM,2022,10,17,21,53.1,144,Unhealthy for Sensitive Groups,46.0,UG/M3,1 Hr,Valid
N'Djamena,PM2.5 - Principal,2022-10-17 10:00 PM,2022,10,17,22,50.5,138,Unhealthy for Sensitive Groups,48.0,UG/M3,1 Hr,Valid
N'Djamena,PM2.5 - Principal,2022-10-17 11:00 PM,2022,10,17,23,46.2,127,Unhealthy for Sensitive Groups,42.0,UG/M3,1 Hr,Valid
N'Djamena,PM2.5 - Principal,2022-10-18 12:00 AM,2022,10,18,00,49.1,134,Unhealthy for Sensitive Groups,52.0,UG/M3,1 Hr,Valid
N'Djamena,PM2.5 - Principal,2022-10-18 01:00 AM,2022,10,18,01,42.5,118,Unhealthy for Sensitive Groups,36.0,UG/M3,1 Hr,Valid
N'Djamena,PM2.5 - Principal,2022-10-18 02:00 AM,2022,10,18,02,41.2,115,Unhealthy for Sensitive Groups,40.0,UG/M3,1 Hr,Valid
N'Djamena,PM2.5 - Principal,2022-10-18 03:00 AM,2022,10,18,03,44.1,122,Unhealthy for Sensitive Groups,47.0,UG/M3,1 Hr,Valid
N'Djamena,PM2.5 - Principal,2022-10-18 04:00 AM,2022,10,18,04,45.0,124,Unhealthy for Sensitive Groups,46.0,UG/M3,1 Hr,Valid
N'Djamena,PM2.5 - Principal,2022-10-18 05:00 AM,2022,10,18,05,41.7,116,Unhealthy for Sensitive Groups,38.0,UG/M3,1 Hr,Valid
N'Djamena,PM2.5 - Principal,2022-10-18 06:00 AM,2022,10,18,06,41.4,116,Unhealthy for Sensitive Groups,41.0,UG/M3,1 Hr,Valid
N'Djamena,PM2.5 - Principal,2022-10-18 07:00 AM,2022,10,18,07,67.6,157,Unhealthy,94.0,UG/M3,1 Hr,Valid
N'Djamena,PM2.5 - Principal,2022-10-18 08:00 AM,2022,10,18,08,73.8,160,Unhealthy,80.0,UG/M3,1 Hr,Valid
N'Djamena,PM2.5 - Principal,2022-10-18 09:00 AM,2022,10,18,09,61.9,154,Unhealthy,50.0,UG/M3,1 Hr,Valid
N'Djamena,PM2.5 - Principal,2022-10-18 10:00 AM,2022,10,18,10,48.9,134,Unhealthy for Sensitive Groups,36.0,UG/M3,1 Hr,Valid
N'Djamena,PM2.5 - Principal,2022-10-18 11:00 AM,2022,10,18,11,43.4,120,Unhealthy for Sensitive Groups,38.0,UG/M3,1 Hr,Valid
N'Djamena,PM2.5 - Principal,2022-10-18 12:00 PM,2022,10,18,12,35.2,100,Moderate,27.0,UG/M3,1 Hr,Valid
N'Djamena,PM2.5 - Principal,2022-10-18 01:00 PM,2022,10,18,13,34.6,98,Moderate,34.0,UG/M3,1 Hr,Valid
N'Djamena,PM2.5 - Principal,2022-10-18 02:00 PM,2022,10,18,14,31.3,91,Moderate,28.0,UG/M3,1 Hr,Valid
N'Djamena,PM2.5 - Principal,2022-10-18 03:00 PM,2022,10,18,15,27.6,84,Moderate,24.0,UG/M3,1 Hr,Valid
N'Djamena,PM2.5 - Principal,2022-10-18 04:00 PM,2022,10,18,16,27.3,83,Moderate,27.0,UG/M3,1 Hr,Valid
N'Djamena,PM2.5 - Principal,2022-10-18 05:00 PM,2022,10,18,17,37.6,106,Unhealthy for Sensitive Groups,48.0,UG/M3,1 Hr,Valid
N'Djamena,PM2.5 - Principal,2022-10-18 06:00 PM,2022,10,18,18,59.3,153,Unhealthy,81.0,UG/M3,1 Hr,Valid
N'Djamena,PM2.5 - Principal,2022-10-18 07:00 PM,2022,10,18,19,130.6,190,Unhealthy,202.0,UG/M3,1 Hr,Valid
N'Djamena,PM2.5 - Principal,2022-10-18 08:00 PM,2022,10,18,20,246.3,296,Very Unhealthy,362.0,UG/M3,1 Hr,Valid
N'Djamena,PM2.5 - Principal,2022-10-18 09:00 PM,2022,10,18,21,245.7,295,Very Unhealthy,245.0,UG/M3,1 Hr,Valid
N'Djamena,PM2.5 - Principal,2022-10-18 10:00 PM,2022,10,18,22,224.3,274,Very Unhealthy,203.0,UG/M3,1 Hr,Valid
N'Djamena,PM2.5 - Principal,2022-10-18 11:00 PM,2022,10,18,23,209.7,260,Very Unhealthy,195.0,UG/M3,1 Hr,Valid
N'Djamena,PM2.5 - Principal,2022-10-19 12:00 AM,2022,10,19,00,199.3,249,Very Unhealthy,189.0,UG/M3,1 Hr,Valid
N'Djamena,PM2.5 - Principal,2022-10-19 01:00 AM,2022,10,19,01,190.2,240,Very Unhealthy,181.0,UG/M3,1 Hr,Valid
N'Djamena,PM2.5 - Principal,2022-10-19 02:00 AM,2022,10,19,02,160.1,211,Very Unhealthy,130.0,UG/M3,1 Hr,Valid
N'Djamena,PM2.5 - Principal,2022-10-19 03:00 AM,2022,10,19,03,105.0,177,Unhealthy,50.0,UG/M3,1 Hr,Valid
N'Djamena,PM2.5 - Principal,2022-10-19 04:00 AM,2022,10,19,04,67.5,157,Unhealthy,30.0,UG/M3,1 Hr,Valid
N'Djamena,PM2.5 - Principal,2022-10-19 05:00 AM,2022,10,19,05,51.2,140,Unhealthy for Sensitive Groups,35.0,UG/M3,1 Hr,Valid
N'Djamena,PM2.5 - Principal,2022-10-19 06:00 AM,2022,10,19,06,44.6,123,Unhealthy for Sensitive Groups,38.0,UG/M3,1 Hr,Valid
N'Djamena,PM2.5 - Principal,2022-10-19 07:00 AM,2022,10,19,07,69.3,158,Unhealthy,94.0,UG/M3,1 Hr,Valid
N'Djamena,PM2.5 - Principal,2022-10-19 08:00 AM,2022,10,19,08,69.6,158,Unhealthy,70.0,UG/M3,1 Hr,Valid
N'Djamena,PM2.5 - Principal,2022-10-19 09:00 AM,2022,10,19,09,58.2,152,Unhealthy,47.0,UG/M3,1 Hr,Valid
N'Djamena,PM2.5 - Principal,2022-10-19 10:00 AM,2022,10,19,10,50.6,138,Unhealthy for Sensitive Groups,43.0,UG/M3,1 Hr,Valid
N'Djamena,PM2.5 - Principal,2022-10-19 11:00 AM,2022,10,19,11,39.7,111,Unhealthy for Sensitive Groups,29.0,UG/M3,1 Hr,Valid
N'Djamena,PM2.5 - Principal,2022-10-19 12:00 PM,2022,10,19,12,31.8,92,Moderate,24.0,UG/M3,1 Hr,Valid
N'Djamena,PM2.5 - Principal,2022-10-19 01:00 PM,2022,10,19,13,29.9,88,Moderate,28.0,UG/M3,1 Hr,Valid
N'Djamena,PM2.5 - Principal,2022-10-19 02:00 PM,2022,10,19,14,28.9,86,Moderate,28.0,UG/M3,1 Hr,Valid
N'Djamena,PM2.5 - Principal,2022-10-19 03:00 PM,2022,10,19,15,27.4,83,Moderate,26.0,UG/M3,1 Hr,Valid
N'Djamena,PM2.5 - Principal,2022-10-19 04:00 PM,2022,10,19,16,28.2,85,Moderate,29.0,UG/M3,1 Hr,Valid
N'Djamena,PM2.5 - Principal,2022-10-19 05:00 PM,2022,10,19,17,33.1,95,Moderate,38.0,UG/M3,1 Hr,Valid
N'Djamena,PM2.5 - Principal,2022-10-19 06:00 PM,2022,10,19,18,62.0,154,Unhealthy,91.0,UG/M3,1 Hr,Valid
N'Djamena,PM2.5 - Principal,2022-10-19 07:00 PM,2022,10,19,19,155.0,205,Very Unhealthy,248.0,UG/M3,1 Hr,Valid
N'Djamena,PM2.5 - Principal,2022-10-19 08:00 PM,2022,10,19,20,250.5,301,Hazardous,346.0,UG/M3,1 Hr,Valid
N'Djamena,PM2.5 - Principal,2022-10-19 09:00 PM,2022,10,19,21,176.7,227,Very Unhealthy,103.0,UG/M3,1 Hr,Valid
N'Djamena,PM2.5 - Principal,2022-10-19 10:00 PM,2022,10,19,22,140.4,195,Unhealthy,104.0,UG/M3,1 Hr,Valid
N'Djamena,PM2.5 - Principal,2022-10-19 11:00 PM,2022,10,19,23,158.2,209,Very Unhealthy,176.0,UG/M3,1 Hr,Valid
N'Djamena,PM2.5 - Principal,2022-10-20 12:00 AM,2022,10,20,00,164.1,214,Very Unhealthy,170.0,UG/M3,1 Hr,Valid
N'Djamena,PM2.5 - Principal,2022-10-20 01:00 AM,2022,10,20,01,139.0,194,Unhealthy,114.0,UG/M3,1 Hr,Valid
N'Djamena,PM2.5 - Principal,2022-10-20 02:00 AM,2022,10,20,02,111.0,180,Unhealthy,83.0,UG/M3,1 Hr,Valid
N'Djamena,PM2.5 - Principal,2022-10-20 03:00 AM,2022,10,20,03,79.5,163,Unhealthy,48.0,UG/M3,1 Hr,Valid
N'Djamena,PM2.5 - Principal,2022-10-20 04:00 AM,2022,10,20,04,55.7,151,Unhealthy,32.0,UG/M3,1 Hr,Valid
N'Djamena,PM2.5 - Principal,2022-10-20 05:00 AM,2022,10,20,05,42.8,119,Unhealthy for Sensitive Groups,30.0,UG/M3,1 Hr,Valid
N'Djamena,PM2.5 - Principal,2022-10-20 06:00 AM,2022,10,20,06,50.4,138,Unhealthy for Sensitive Groups,58.0,UG/M3,1 Hr,Valid
N'Djamena,PM2.5 - Principal,2022-10-20 07:00 AM,2022,10,20,07,132.7,191,Unhealthy,215.0,UG/M3,1 Hr,Valid
N'Djamena,PM2.5 - Principal,2022-10-20 08:00 AM,2022,10,20,08,140.3,195,Unhealthy,148.0,UG/M3,1 Hr,Valid
N'Djamena,PM2.5 - Principal,2022-10-20 09:00 AM,2022,10,20,09,106.6,177,Unhealthy,73.0,UG/M3,1 Hr,Valid
N'Djamena,PM2.5 - Principal,2022-10-20 10:00 AM,2022,10,20,10,77.3,162,Unhealthy,48.0,UG/M3,1 Hr,Valid
N'Djamena,PM2.5 - Principal,2022-10-20 11:00 AM,2022,10,20,11,56.6,152,Unhealthy,36.0,UG/M3,1 Hr,Valid
N'Djamena,PM2.5 - Principal,2022-10-20 12:00 PM,2022,10,20,12,44.3,123,Unhealthy for Sensitive Groups,32.0,UG/M3,1 Hr,Valid
N'Djamena,PM2.5 - Principal,2022-10-20 01:00 PM,2022,10,20,13,36.1,102,Unhealthy for Sensitive Groups,28.0,UG/M3,1 Hr,Valid
N'Djamena,PM2.5 - Principal,2022-10-20 02:00 PM,2022,10,20,14,28.5,85,Moderate,21.0,UG/M3,1 Hr,Valid
N'Djamena,PM2.5 - Principal,2022-10-20 03:00 PM,2022,10,20,15,24.2,76,Moderate,20.0,UG/M3,1 Hr,Valid
N'Djamena,PM2.5 - Principal,2022-10-20 04:00 PM,2022,10,20,16,25.6,79,Moderate,27.0,UG/M3,1 Hr,Valid
N'Djamena,PM2.5 - Principal,2022-10-20 05:00 PM,2022,10,20,17,34.3,98,Moderate,43.0,UG/M3,1 Hr,Valid
N'Djamena,PM2.5 - Principal,2022-10-20 06:00 PM,2022,10,20,18,66.1,156,Unhealthy,98.0,UG/M3,1 Hr,Valid
N'Djamena,PM2.5 - Principal,2022-10-20 07:00 PM,2022,10,20,19,111.5,180,Unhealthy,157.0,UG/M3,1 Hr,Valid
N'Djamena,PM2.5 - Principal,2022-10-20 08:00 PM,2022,10,20,20,117.2,183,Unhealthy,123.0,UG/M3,1 Hr,Valid
N'Djamena,PM2.5 - Principal,2022-10-20 09:00 PM,2022,10,20,21,85.6,167,Unhealthy,54.0,UG/M3,1 Hr,Valid
N'Djamena,PM2.5 - Principal,2022-10-20 10:00 PM,2022,10,20,22,66.8,157,Unhealthy,48.0,UG/M3,1 Hr,Valid
N'Djamena,PM2.5 - Principal,2022-10-20 11:00 PM,2022,10,20,23,57.4,152,Unhealthy,48.0,UG/M3,1 Hr,Valid
N'Djamena,PM2.5 - Principal,2022-10-21 12:00 AM,2022,10,21,00,46.7,129,Unhealthy for Sensitive Groups,36.0,UG/M3,1 Hr,Valid
N'Djamena,PM2.5 - Principal,2022-10-21 01:00 AM,2022,10,21,01,43.8,121,Unhealthy for Sensitive Groups,41.0,UG/M3,1 Hr,Valid
N'Djamena,PM2.5 - Principal,2022-10-21 02:00 AM,2022,10,21,02,50.9,139,Unhealthy for Sensitive Groups,58.0,UG/M3,1 Hr,Valid
N'Djamena,PM2.5 - Principal,2022-10-21 03:00 AM,2022,10,21,03,54.4,148,Unhealthy for Sensitive Groups,58.0,UG/M3,1 Hr,Valid
N'Djamena,PM2.5 - Principal,2022-10-21 04:00 AM,2022,10,21,04,49.2,135,Unhealthy for Sensitive Groups,44.0,UG/M3,1 Hr,Valid
N'Djamena,PM2.5 - Principal,2022-10-21 05:00 AM,2022,10,21,05,46.6,128,Unhealthy for Sensitive Groups,44.0,UG/M3,1 Hr,Valid
N'Djamena,PM2.5 - Principal,2022-10-21 06:00 AM,2022,10,21,06,49.8,136,Unhealthy for Sensitive Groups,53.0,UG/M3,1 Hr,Valid
N'Djamena,PM2.5 - Principal,2022-10-21 07:00 AM,2022,10,21,07,101.9,175,Unhealthy,154.0,UG/M3,1 Hr,Valid
N'Djamena,PM2.5 - Principal,2022-10-21 08:00 AM,2022,10,21,08,98.4,173,Unhealthy,95.0,UG/M3,1 Hr,Valid
N'Djamena,PM2.5 - Principal,2022-10-21 09:00 AM,2022,10,21,09,72.2,160,Unhealthy,46.0,UG/M3,1 Hr,Valid
N'Djamena,PM2.5 - Principal,2022-10-21 10:00 AM,2022,10,21,10,51.6,141,Unhealthy for Sensitive Groups,31.0,UG/M3,1 Hr,Valid
N'Djamena,PM2.5 - Principal,2022-10-21 11:00 AM,2022,10,21,11,42.8,119,Unhealthy for Sensitive Groups,34.0,UG/M3,1 Hr,Valid
N'Djamena,PM2.5 - Principal,2022-10-21 12:00 PM,2022,10,21,12,34.9,99,Moderate,27.0,UG/M3,1 Hr,Valid
N'Djamena,PM2.5 - Principal,2022-10-21 01:00 PM,2022,10,21,13,27.4,83,Moderate,20.0,UG/M3,1 Hr,Valid
N'Djamena,PM2.5 - Principal,2022-10-21 02:00 PM,2022,10,21,14,23.2,74,Moderate,19.0,UG/M3,1 Hr,Valid
N'Djamena,PM2.5 - Principal,2022-10-21 03:00 PM,2022,10,21,15,25.1,78,Moderate,27.0,UG/M3,1 Hr,Valid
N'Djamena,PM2.5 - Principal,2022-10-21 04:00 PM,2022,10,21,16,25.5,79,Moderate,26.0,UG/M3,1 Hr,Valid
N'Djamena,PM2.5 - Principal,2022-10-21 05:00 PM,2022,10,21,17,34.2,97,Moderate,43.0,UG/M3,1 Hr,Valid
N'Djamena,PM2.5 - Principal,2022-10-21 06:00 PM,2022,10,21,18,34.6,98,Moderate,35.0,UG/M3,1 Hr,Valid
N'Djamena,PM2.5 - Principal,2022-10-21 07:00 PM,2022,10,21,19,34.3,98,Moderate,34.0,UG/M3,1 Hr,Valid
N'Djamena,PM2.5 - Principal,2022-10-21 08:00 PM,2022,10,21,20,32.1,93,Moderate,30.0,UG/M3,1 Hr,Valid
N'Djamena,PM2.5 - Principal,2022-10-21 09:00 PM,2022,10,21,21,30.5,90,Moderate,29.0,UG/M3,1 Hr,Valid
N'Djamena,PM2.5 - Principal,2022-10-21 10:00 PM,2022,10,21,22,29.2,87,Moderate,28.0,UG/M3,1 Hr,Valid
N'Djamena,PM2.5 - Principal,2022-10-21 11:00 PM,2022,10,21,23,37.6,106,Unhealthy for Sensitive Groups,46.0,UG/M3,1 Hr,Valid
N'Djamena,PM2.5 - Principal,2022-10-22 12:00 AM,2022,10,22,00,42.3,118,Unhealthy for Sensitive Groups,47.0,UG/M3,1 Hr,Valid
N'Djamena,PM2.5 - Principal,2022-10-22 01:00 AM,2022,10,22,01,40.6,114,Unhealthy for Sensitive Groups,39.0,UG/M3,1 Hr,Valid
N'Djamena,PM2.5 - Principal,2022-10-22 02:00 AM,2022,10,22,02,35.7,101,Unhealthy for Sensitive Groups,30.0,UG/M3,1 Hr,Valid
N'Djamena,PM2.5 - Principal,2022-10-22 03:00 AM,2022,10,22,03,28.6,86,Moderate,22.0,UG/M3,1 Hr,Valid
N'Djamena,PM2.5 - Principal,2022-10-22 04:00 AM,2022,10,22,04,25.3,79,Moderate,22.0,UG/M3,1 Hr,Valid
N'Djamena,PM2.5 - Principal,2022-10-22 05:00 AM,2022,10,22,05,23.6,75,Moderate,22.0,UG/M3,1 Hr,Valid
N'Djamena,PM2.5 - Principal,2022-10-22 06:00 AM,2022,10,22,06,25.3,79,Moderate,27.0,UG/M3,1 Hr,Valid
N'Djamena,PM2.5 - Principal,2022-10-22 07:00 AM,2022,10,22,07,35.1,99,Moderate,45.0,UG/M3,1 Hr,Valid
N'Djamena,PM2.5 - Principal,2022-10-22 08:00 AM,2022,10,22,08,35.5,101,Unhealthy for Sensitive Groups,36.0,UG/M3,1 Hr,Valid
N'Djamena,PM2.5 - Principal,2022-10-22 09:00 AM,2022,10,22,09,35.2,100,Moderate,35.0,UG/M3,1 Hr,Valid
N'Djamena,PM2.5 - Principal,2022-10-22 10:00 AM,2022,10,22,10,39.6,111,Unhealthy for Sensitive Groups,44.0,UG/M3,1 Hr,Valid
N'Djamena,PM2.5 - Principal,2022-10-22 11:00 AM,2022,10,22,11,35.8,102,Unhealthy for Sensitive Groups,32.0,UG/M3,1 Hr,Valid
N'Djamena,PM2.5 - Principal,2022-10-22 12:00 PM,2022,10,22,12,32.9,95,Moderate,30.0,UG/M3,1 Hr,Valid
N'Djamena,PM2.5 - Principal,2022-10-22 01:00 PM,2022,10,22,13,29.9,88,Moderate,27.0,UG/M3,1 Hr,Valid
N'Djamena,PM2.5 - Principal,2022-10-22 02:00 PM,2022,10,22,14,29.4,87,Moderate,29.0,UG/M3,1 Hr,Valid
N'Djamena,PM2.5 - Principal,2022-10-22 03:00 PM,2022,10,22,15,23.7,75,Moderate,18.0,UG/M3,1 Hr,Valid
N'Djamena,PM2.5 - Principal,2022-10-22 04:00 PM,2022,10,22,16,22.8,74,Moderate,22.0,UG/M3,1 Hr,Valid
N'Djamena,PM2.5 - Principal,2022-10-22 05:00 PM,2022,10,22,17,24.4,77,Moderate,26.0,UG/M3,1 Hr,Valid
N'Djamena,PM2.5 - Principal,2022-10-22 06:00 PM,2022,10,22,18,42.2,117,Unhealthy for Sensitive Groups,60.0,UG/M3,1 Hr,Valid
N'Djamena,PM2.5 - Principal,2022-10-22 07:00 PM,2022,10,22,19,45.1,125,Unhealthy for Sensitive Groups,48.0,UG/M3,1 Hr,Valid
N'Djamena,PM2.5 - Principal,2022-10-22 08:00 PM,2022,10,22,20,37.0,105,Unhealthy for Sensitive Groups,29.0,UG/M3,1 Hr,Valid
N'Djamena,PM2.5 - Principal,2022-10-22 09:00 PM,2022,10,22,21,31.5,92,Moderate,26.0,UG/M3,1 Hr,Valid
N'Djamena,PM2.5 - Principal,2022-10-22 10:00 PM,2022,10,22,22,26.7,82,Moderate,22.0,UG/M3,1 Hr,Valid
N'Djamena,PM2.5 - Principal,2022-10-22 11:00 PM,2022,10,22,23,22.8,74,Moderate,19.0,UG/M3,1 Hr,Valid
N'Djamena,PM2.5 - Principal,2022-10-23 12:00 AM,2022,10,23,00,16.9,61,Moderate,11.0,UG/M3,1 Hr,Valid
N'Djamena,PM2.5 - Principal,2022-10-23 01:00 AM,2022,10,23,01,15.9,59,Moderate,15.0,UG/M3,1 Hr,Valid
N'Djamena,PM2.5 - Principal,2022-10-23 02:00 AM,2022,10,23,02,15.4,58,Moderate,15.0,UG/M3,1 Hr,Valid
N'Djamena,PM2.5 - Principal,2022-10-23 03:00 AM,2022,10,23,03,15.2,58,Moderate,15.0,UG/M3,1 Hr,Valid
N'Djamena,PM2.5 - Principal,2022-10-23 04:00 AM,2022,10,23,04,12.6,52,Moderate,10.0,UG/M3,1 Hr,Valid
N'Djamena,PM2.5 - Principal,2022-10-23 05:00 AM,2022,10,23,05,13.3,54,Moderate,14.0,UG/M3,1 Hr,Valid
N'Djamena,PM2.5 - Principal,2022-10-23 06:00 AM,2022,10,23,06,17.1,62,Moderate,21.0,UG/M3,1 Hr,Valid
N'Djamena,PM2.5 - Principal,2022-10-23 07:00 AM,2022,10,23,07,51.0,139,Unhealthy for Sensitive Groups,85.0,UG/M3,1 Hr,Valid
N'Djamena,PM2.5 - Principal,2022-10-23 08:00 AM,2022,10,23,08,50.0,137,Unhealthy for Sensitive Groups,49.0,UG/M3,1 Hr,Valid
N'Djamena,PM2.5 - Principal,2022-10-23 09:00 AM,2022,10,23,09,33.5,96,Moderate,17.0,UG/M3,1 Hr,Valid
N'Djamena,PM2.5 - Principal,2022-10-23 10:00 AM,2022,10,23,10,29.7,88,Moderate,26.0,UG/M3,1 Hr,Valid
N'Djamena,PM2.5 - Principal,2022-10-23 11:00 AM,2022,10,23,11,25.3,79,Moderate,21.0,UG/M3,1 Hr,Valid
N'Djamena,PM2.5 - Principal,2022-10-23 12:00 PM,2022,10,23,12,20.1,68,Moderate,15.0,UG/M3,1 Hr,Valid
N'Djamena,PM2.5 - Principal,2022-10-23 01:00 PM,2022,10,23,13,18.5,64,Moderate,17.0,UG/M3,1 Hr,Valid
N'Djamena,PM2.5 - Principal,2022-10-23 02:00 PM,2022,10,23,14,17.7,63,Moderate,17.0,UG/M3,1 Hr,Valid
N'Djamena,PM2.5 - Principal,2022-10-23 03:00 PM,2022,10,23,15,27.4,83,Moderate,37.0,UG/M3,1 Hr,Valid
N'Djamena,PM2.5 - Principal,2022-10-23 04:00 PM,2022,10,23,16,19.7,67,Moderate,12.0,UG/M3,1 Hr,Valid
N'Djamena,PM2.5 - Principal,2022-10-23 05:00 PM,2022,10,23,17,37.8,107,Unhealthy for Sensitive Groups,56.0,UG/M3,1 Hr,Valid
N'Djamena,PM2.5 - Principal,2022-10-23 06:00 PM,2022,10,23,18,31.4,92,Moderate,25.0,UG/M3,1 Hr,Valid
N'Djamena,PM2.5 - Principal,2022-10-23 07:00 PM,2022,10,23,19,36.2,103,Unhealthy for Sensitive Groups,41.0,UG/M3,1 Hr,Valid
N'Djamena,PM2.5 - Principal,2022-10-23 08:00 PM,2022,10,23,20,40.1,112,Unhealthy for Sensitive Groups,44.0,UG/M3,1 Hr,Valid
N'Djamena,PM2.5 - Principal,2022-10-23 09:00 PM,2022,10,23,21,39.5,111,Unhealthy for Sensitive Groups,39.0,UG/M3,1 Hr,Valid
N'Djamena,PM2.5 - Principal,2022-10-23 10:00 PM,2022,10,23,22,39.2,110,Unhealthy for Sensitive Groups,39.0,UG/M3,1 Hr,Valid
N'Djamena,PM2.5 - Principal,2022-10-23 11:00 PM,2022,10,23,23,46.6,128,Unhealthy for Sensitive Groups,54.0,UG/M3,1 Hr,Valid
N'Djamena,PM2.5 - Principal,2022-10-24 12:00 AM,2022,10,24,00,44.8,124,Unhealthy for Sensitive Groups,43.0,UG/M3,1 Hr,Valid
N'Djamena,PM2.5 - Principal,2022-10-24 01:00 AM,2022,10,24,01,38.4,108,Unhealthy for Sensitive Groups,32.0,UG/M3,1 Hr,Valid
N'Djamena,PM2.5 - Principal,2022-10-24 02:00 AM,2022,10,24,02,37.2,105,Unhealthy for Sensitive Groups,36.0,UG/M3,1 Hr,Valid
N'Djamena,PM2.5 - Principal,2022-10-24 03:00 AM,2022,10,24,03,28.6,86,Moderate,20.0,UG/M3,1 Hr,Valid
N'Djamena,PM2.5 - Principal,2022-10-24 04:00 AM,2022,10,24,04,27.3,83,Moderate,26.0,UG/M3,1 Hr,Valid
N'Djamena,PM2.5 - Principal,2022-10-24 05:00 AM,2022,10,24,05,27.1,83,Moderate,27.0,UG/M3,1 Hr,Valid
N'Djamena,PM2.5 - Principal,2022-10-24 06:00 AM,2022,10,24,06,35.5,101,Unhealthy for Sensitive Groups,44.0,UG/M3,1 Hr,Valid
N'Djamena,PM2.5 - Principal,2022-10-24 07:00 AM,2022,10,24,07,69.2,158,Unhealthy,103.0,UG/M3,1 Hr,Valid
N'Djamena,PM2.5 - Principal,2022-10-24 08:00 AM,2022,10,24,08,75.6,161,Unhealthy,82.0,UG/M3,1 Hr,Valid
N'Djamena,PM2.5 - Principal,2022-10-24 09:00 AM,2022,10,24,09,57.3,152,Unhealthy,39.0,UG/M3,1 Hr,Valid
N'Djamena,PM2.5 - Principal,2022-10-24 10:00 AM,2022,10,24,10,46.6,128,Unhealthy for Sensitive Groups,36.0,UG/M3,1 Hr,Valid
N'Djamena,PM2.5 - Principal,2022-10-24 11:00 AM,2022,10,24,11,39.8,112,Unhealthy for Sensitive Groups,33.0,UG/M3,1 Hr,Valid
N'Djamena,PM2.5 - Principal,2022-10-24 12:00 PM,2022,10,24,12,33.4,96,Moderate,27.0,UG/M3,1 Hr,Valid
N'Djamena,PM2.5 - Principal,2022-10-24 01:00 PM,2022,10,24,13,33.7,96,Moderate,34.0,UG/M3,1 Hr,Valid
N'Djamena,PM2.5 - Principal,2022-10-24 02:00 PM,2022,10,24,14,43.3,120,Unhealthy for Sensitive Groups,53.0,UG/M3,1 Hr,Valid
N'Djamena,PM2.5 - Principal,2022-10-24 03:00 PM,2022,10,24,15,43.1,120,Unhealthy for Sensitive Groups,43.0,UG/M3,1 Hr,Valid
N'Djamena,PM2.5 - Principal,2022-10-24 04:00 PM,2022,10,24,16,41.5,116,Unhealthy for Sensitive Groups,40.0,UG/M3,1 Hr,Valid
N'Djamena,PM2.5 - Principal,2022-10-24 05:00 PM,2022,10,24,17,45.7,126,Unhealthy for Sensitive Groups,50.0,UG/M3,1 Hr,Valid
N'Djamena,PM2.5 - Principal,2022-10-24 06:00 PM,2022,10,24,18,63.4,155,Unhealthy,81.0,UG/M3,1 Hr,Valid
N'Djamena,PM2.5 - Principal,2022-10-24 07:00 PM,2022,10,24,19,72.1,160,Unhealthy,81.0,UG/M3,1 Hr,Valid
N'Djamena,PM2.5 - Principal,2022-10-24 08:00 PM,2022,10,24,20,62.5,155,Unhealthy,53.0,UG/M3,1 Hr,Valid
N'Djamena,PM2.5 - Principal,2022-10-24 09:00 PM,2022,10,24,21,52.7,143,Unhealthy for Sensitive Groups,43.0,UG/M3,1 Hr,Valid
N'Djamena,PM2.5 - Principal,2022-10-24 10:00 PM,2022,10,24,22,43.8,121,Unhealthy for Sensitive Groups,35.0,UG/M3,1 Hr,Valid
N'Djamena,PM2.5 - Principal,2022-10-24 11:00 PM,2022,10,24,23,43.4,120,Unhealthy for Sensitive Groups,43.0,UG/M3,1 Hr,Valid
N'Djamena,PM2.5 - Principal,2022-10-25 12:00 AM,2022,10,25,00,45.7,126,Unhealthy for Sensitive Groups,48.0,UG/M3,1 Hr,Valid
N'Djamena,PM2.5 - Principal,2022-10-25 01:00 AM,2022,10,25,01,41.8,117,Unhealthy for Sensitive Groups,38.0,UG/M3,1 Hr,Valid
N'Djamena,PM2.5 - Principal,2022-10-25 02:00 AM,2022,10,25,02,71.4,159,Unhealthy,101.0,UG/M3,1 Hr,Valid
N'Djamena,PM2.5 - Principal,2022-10-25 03:00 AM,2022,10,25,03,65.7,156,Unhealthy,60.0,UG/M3,1 Hr,Valid
N'Djamena,PM2.5 - Principal,2022-10-25 04:00 AM,2022,10,25,04,52.8,144,Unhealthy for Sensitive Groups,40.0,UG/M3,1 Hr,Valid
N'Djamena,PM2.5 - Principal,2022-10-25 05:00 AM,2022,10,25,05,50.4,138,Unhealthy for Sensitive Groups,48.0,UG/M3,1 Hr,Valid
N'Djamena,PM2.5 - Principal,2022-10-25 06:00 AM,2022,10,25,06,52.7,143,Unhealthy for Sensitive Groups,55.0,UG/M3,1 Hr,Valid
N'Djamena,PM2.5 - Principal,2022-10-25 07:00 AM,2022,10,25,07,108.8,179,Unhealthy,165.0,UG/M3,1 Hr,Valid
N'Djamena,PM2.5 - Principal,2022-10-25 08:00 AM,2022,10,25,08,93.9,171,Unhealthy,79.0,UG/M3,1 Hr,Valid
N'Djamena,PM2.5 - Principal,2022-10-25 09:00 AM,2022,10,25,09,77.4,162,Unhealthy,61.0,UG/M3,1 Hr,Valid
N'Djamena,PM2.5 - Principal,2022-10-25 10:00 AM,2022,10,25,10,69.7,158,Unhealthy,62.0,UG/M3,1 Hr,Valid
N'Djamena,PM2.5 - Principal,2022-10-25 11:00 AM,2022,10,25,11,61.8,154,Unhealthy,54.0,UG/M3,1 Hr,Valid
N'Djamena,PM2.5 - Principal,2022-10-25 12:00 PM,2022,10,25,12,52.9,144,Unhealthy for Sensitive Groups,44.0,UG/M3,1 Hr,Valid
N'Djamena,PM2.5 - Principal,2022-10-25 01:00 PM,2022,10,25,13,48.9,134,Unhealthy for Sensitive Groups,45.0,UG/M3,1 Hr,Valid
N'Djamena,PM2.5 - Principal,2022-10-25 02:00 PM,2022,10,25,14,38.4,108,Unhealthy for Sensitive Groups,28.0,UG/M3,1 Hr,Valid
N'Djamena,PM2.5 - Principal,2022-10-25 03:00 PM,2022,10,25,15,32.7,94,Moderate,27.0,UG/M3,1 Hr,Valid
N'Djamena,PM2.5 - Principal,2022-10-25 04:00 PM,2022,10,25,16,31.8,92,Moderate,31.0,UG/M3,1 Hr,Valid
N'Djamena,PM2.5 - Principal,2022-10-25 05:00 PM,2022,10,25,17,33.9,97,Moderate,36.0,UG/M3,1 Hr,Valid
N'Djamena,PM2.5 - Principal,2022-10-25 06:00 PM,2022,10,25,18,46.9,129,Unhealthy for Sensitive Groups,60.0,UG/M3,1 Hr,Valid
N'Djamena,PM2.5 - Principal,2022-10-25 07:00 PM,2022,10,25,19,67.9,157,Unhealthy,89.0,UG/M3,1 Hr,Valid
N'Djamena,PM2.5 - Principal,2022-10-25 08:00 PM,2022,10,25,20,108.9,179,Unhealthy,150.0,UG/M3,1 Hr,Valid
N'Djamena,PM2.5 - Principal,2022-10-25 09:00 PM,2022,10,25,21,89.9,169,Unhealthy,71.0,UG/M3,1 Hr,Valid
N'Djamena,PM2.5 - Principal,2022-10-25 10:00 PM,2022,10,25,22,58.9,153,Unhealthy,28.0,UG/M3,1 Hr,Valid
N'Djamena,PM2.5 - Principal,2022-10-25 11:00 PM,2022,10,25,23,43.9,122,Unhealthy for Sensitive Groups,29.0,UG/M3,1 Hr,Valid
N'Djamena,PM2.5 - Principal,2022-10-26 12:00 AM,2022,10,26,00,55.0,149,Unhealthy for Sensitive Groups,66.0,UG/M3,1 Hr,Valid
N'Djamena,PM2.5 - Principal,2022-10-26 01:00 AM,2022,10,26,01,75.5,161,Unhealthy,96.0,UG/M3,1 Hr,Valid
N'Djamena,PM2.5 - Principal,2022-10-26 02:00 AM,2022,10,26,02,117.2,183,Unhealthy,159.0,UG/M3,1 Hr,Valid
N'Djamena,PM2.5 - Principal,2022-10-26 03:00 AM,2022,10,26,03,166.6,217,Very Unhealthy,216.0,UG/M3,1 Hr,Valid
N'Djamena,PM2.5 - Principal,2022-10-26 04:00 AM,2022,10,26,04,223.8,274,Very Unhealthy,281.0,UG/M3,1 Hr,Valid
N'Djamena,PM2.5 - Principal,2022-10-26 05:00 AM,2022,10,26,05,258.9,309,Hazardous,294.0,UG/M3,1 Hr,Valid
N'Djamena,PM2.5 - Principal,2022-10-26 06:00 AM,2022,10,26,06,283.0,333,Hazardous,307.0,UG/M3,1 Hr,Valid
N'Djamena,PM2.5 - Principal,2022-10-26 07:00 AM,2022,10,26,07,308.5,358,Hazardous,334.0,UG/M3,1 Hr,Valid
N'Djamena,PM2.5 - Principal,2022-10-26 08:00 AM,2022,10,26,08,276.7,327,Hazardous,245.0,UG/M3,1 Hr,Valid
N'Djamena,PM2.5 - Principal,2022-10-26 09:00 AM,2022,10,26,09,191.8,242,Very Unhealthy,107.0,UG/M3,1 Hr,Valid
N'Djamena,PM2.5 - Principal,2022-10-26 10:00 AM,2022,10,26,10,127.9,188,Unhealthy,64.0,UG/M3,1 Hr,Valid
N'Djamena,PM2.5 - Principal,2022-10-26 11:00 AM,2022,10,26,11,85.9,167,Unhealthy,44.0,UG/M3,1 Hr,Valid
N'Djamena,PM2.5 - Principal,2022-10-26 12:00 PM,2022,10,26,12,69.9,158,Unhealthy,54.0,UG/M3,1 Hr,Valid
N'Djamena,PM2.5 - Principal,2022-10-26 01:00 PM,2022,10,26,13,57.9,152,Unhealthy,46.0,UG/M3,1 Hr,Valid
N'Djamena,PM2.5 - Principal,2022-10-26 02:00 PM,2022,10,26,14,47.9,132,Unhealthy for Sensitive Groups,38.0,UG/M3,1 Hr,Valid
N'Djamena,PM2.5 - Principal,2022-10-26 03:00 PM,2022,10,26,15,42.9,119,Unhealthy for Sensitive Groups,38.0,UG/M3,1 Hr,Valid
N'Djamena,PM2.5 - Principal,2022-10-26 04:00 PM,2022,10,26,16,42.4,118,Unhealthy for Sensitive Groups,42.0,UG/M3,1 Hr,Valid
N'Djamena,PM2.5 - Principal,2022-10-26 05:00 PM,2022,10,26,17,43.1,120,Unhealthy for Sensitive Groups,44.0,UG/M3,1 Hr,Valid
N'Djamena,PM2.5 - Principal,2022-10-26 06:00 PM,2022,10,26,18,76.0,162,Unhealthy,109.0,UG/M3,1 Hr,Valid
N'Djamena,PM2.5 - Principal,2022-10-26 07:00 PM,2022,10,26,19,124.0,186,Unhealthy,172.0,UG/M3,1 Hr,Valid
N'Djamena,PM2.5 - Principal,2022-10-26 08:00 PM,2022,10,26,20,123.9,186,Unhealthy,124.0,UG/M3,1 Hr,Valid
N'Djamena,PM2.5 - Principal,2022-10-26 09:00 PM,2022,10,26,21,95.9,172,Unhealthy,68.0,UG/M3,1 Hr,Valid
N'Djamena,PM2.5 - Principal,2022-10-26 10:00 PM,2022,10,26,22,71.9,159,Unhealthy,48.0,UG/M3,1 Hr,Valid
N'Djamena,PM2.5 - Principal,2022-10-26 11:00 PM,2022,10,26,23,51.9,141,Unhealthy for Sensitive Groups,32.0,UG/M3,1 Hr,Valid
N'Djamena,PM2.5 - Principal,2022-10-27 12:00 AM,2022,10,27,00,37.4,106,Unhealthy for Sensitive Groups,23.0,UG/M3,1 Hr,Valid
N'Djamena,PM2.5 - Principal,2022-10-27 01:00 AM,2022,10,27,01,30.7,90,Moderate,24.0,UG/M3,1 Hr,Valid
N'Djamena,PM2.5 - Principal,2022-10-27 02:00 AM,2022,10,27,02,24.3,77,Moderate,18.0,UG/M3,1 Hr,Valid
N'Djamena,PM2.5 - Principal,2022-10-27 03:00 AM,2022,10,27,03,21.1,70,Moderate,18.0,UG/M3,1 Hr,Valid
N'Djamena,PM2.5 - Principal,2022-10-27 04:00 AM,2022,10,27,04,18.0,63,Moderate,15.0,UG/M3,1 Hr,Valid
N'Djamena,PM2.5 - Principal,2022-10-27 05:00 AM,2022,10,27,05,19.0,66,Moderate,20.0,UG/M3,1 Hr,Valid
N'Djamena,PM2.5 - Principal,2022-10-27 06:00 AM,2022,10,27,06,19.5,67,Moderate,20.0,UG/M3,1 Hr,Valid
N'Djamena,PM2.5 - Principal,2022-10-27 07:00 AM,2022,10,27,07,42.7,119,Unhealthy for Sensitive Groups,66.0,UG/M3,1 Hr,Valid
N'Djamena,PM2.5 - Principal,2022-10-27 08:00 AM,2022,10,27,08,48.3,133,Unhealthy for Sensitive Groups,54.0,UG/M3,1 Hr,Valid
N'Djamena,PM2.5 - Principal,2022-10-27 09:00 AM,2022,10,27,09,44.1,122,Unhealthy for Sensitive Groups,40.0,UG/M3,1 Hr,Valid
N'Djamena,PM2.5 - Principal,2022-10-27 10:00 AM,2022,10,27,10,41.0,115,Unhealthy for Sensitive Groups,38.0,UG/M3,1 Hr,Valid
N'Djamena,PM2.5 - Principal,2022-10-27 11:00 AM,2022,10,27,11,37.5,106,Unhealthy for Sensitive Groups,34.0,UG/M3,1 Hr,Valid
N'Djamena,PM2.5 - Principal,2022-10-27 12:00 PM,2022,10,27,12,32.7,94,Moderate,28.0,UG/M3,1 Hr,Valid
N'Djamena,PM2.5 - Principal,2022-10-27 01:00 PM,2022,10,27,13,27.8,84,Moderate,23.0,UG/M3,1 Hr,Valid
N'Djamena,PM2.5 - Principal,2022-10-27 02:00 PM,2022,10,27,14,23.4,75,Moderate,19.0,UG/M3,1 Hr,Valid
N'Djamena,PM2.5 - Principal,2022-10-27 03:00 PM,2022,10,27,15,20.2,68,Moderate,17.0,UG/M3,1 Hr,Valid
N'Djamena,PM2.5 - Principal,2022-10-27 04:00 PM,2022,10,27,16,18.6,65,Moderate,17.0,UG/M3,1 Hr,Valid
N'Djamena,PM2.5 - Principal,2022-10-27 05:00 PM,2022,10,27,17,23.8,76,Moderate,29.0,UG/M3,1 Hr,Valid
N'Djamena,PM2.5 - Principal,2022-10-27 06:00 PM,2022,10,27,18,65.9,156,Unhealthy,108.0,UG/M3,1 Hr,Valid
N'Djamena,PM2.5 - Principal,2022-10-27 07:00 PM,2022,10,27,19,221.4,271,Very Unhealthy,377.0,UG/M3,1 Hr,Valid
N'Djamena,PM2.5 - Principal,2022-10-27 08:00 PM,2022,10,27,20,148.7,199,Unhealthy,76.0,UG/M3,1 Hr,Valid
N'Djamena,PM2.5 - Principal,2022-10-27 09:00 PM,2022,10,27,21,100.8,174,Unhealthy,53.0,UG/M3,1 Hr,Valid
N'Djamena,PM2.5 - Principal,2022-10-27 10:00 PM,2022,10,27,22,72.4,160,Unhealthy,44.0,UG/M3,1 Hr,Valid
N'Djamena,PM2.5 - Principal,2022-10-27 11:00 PM,2022,10,27,23,61.2,154,Unhealthy,50.0,UG/M3,1 Hr,Valid
N'Djamena,PM2.5 - Principal,2022-10-28 12:00 AM,2022,10,28,00,43.1,120,Unhealthy for Sensitive Groups,25.0,UG/M3,1 Hr,Valid
N'Djamena,PM2.5 - Principal,2022-10-28 01:00 AM,2022,10,28,01,30.0,89,Moderate,17.0,UG/M3,1 Hr,Valid
N'Djamena,PM2.5 - Principal,2022-10-28 02:00 AM,2022,10,28,02,23.5,75,Moderate,17.0,UG/M3,1 Hr,Valid
N'Djamena,PM2.5 - Principal,2022-10-28 03:00 AM,2022,10,28,03,18.7,65,Moderate,14.0,UG/M3,1 Hr,Valid
N'Djamena,PM2.5 - Principal,2022-10-28 04:00 AM,2022,10,28,04,18.3,64,Moderate,18.0,UG/M3,1 Hr,Valid
N'Djamena,PM2.5 - Principal,2022-10-28 05:00 AM,2022,10,28,05,16.1,59,Moderate,14.0,UG/M3,1 Hr,Valid
N'Djamena,PM2.5 - Principal,2022-10-28 06:00 AM,2022,10,28,06,18.5,64,Moderate,21.0,UG/M3,1 Hr,Valid
N'Djamena,PM2.5 - Principal,2022-10-28 07:00 AM,2022,10,28,07,41.7,116,Unhealthy for Sensitive Groups,65.0,UG/M3,1 Hr,Valid
N'Djamena,PM2.5 - Principal,2022-10-28 08:00 AM,2022,10,28,08,42.8,119,Unhealthy for Sensitive Groups,44.0,UG/M3,1 Hr,Valid
N'Djamena,PM2.5 - Principal,2022-10-28 09:00 AM,2022,10,28,09,41.4,116,Unhealthy for Sensitive Groups,40.0,UG/M3,1 Hr,Valid
N'Djamena,PM2.5 - Principal,2022-10-28 10:00 AM,2022,10,28,10,41.4,116,Unhealthy for Sensitive Groups,-999.0,UG/M3,1 Hr,Missing
N'Djamena,PM2.5 - Principal,2022-10-28 11:00 AM,2022,10,28,11,87.1,167,Unhealthy,110.0,UG/M3,1 Hr,Valid
N'Djamena,PM2.5 - Principal,2022-10-28 12:00 PM,2022,10,28,12,63.0,155,Unhealthy,45.0,UG/M3,1 Hr,Valid
N'Djamena,PM2.5 - Principal,2022-10-28 01:00 PM,2022,10,28,13,49.7,136,Unhealthy for Sensitive Groups,38.0,UG/M3,1 Hr,Valid
N'Djamena,PM2.5 - Principal,2022-10-28 02:00 PM,2022,10,28,14,33.8,97,Moderate,19.0,UG/M3,1 Hr,Valid
N'Djamena,PM2.5 - Principal,2022-10-28 03:00 PM,2022,10,28,15,49.6,136,Unhealthy for Sensitive Groups,65.0,UG/M3,1 Hr,Valid
N'Djamena,PM2.5 - Principal,2022-10-28 04:00 PM,2022,10,28,16,43.2,120,Unhealthy for Sensitive Groups,37.0,UG/M3,1 Hr,Valid
N'Djamena,PM2.5 - Principal,2022-10-28 05:00 PM,2022,10,28,17,54.1,147,Unhealthy for Sensitive Groups,65.0,UG/M3,1 Hr,Valid
N'Djamena,PM2.5 - Principal,2022-10-28 06:00 PM,2022,10,28,18,76.1,162,Unhealthy,98.0,UG/M3,1 Hr,Valid
N'Djamena,PM2.5 - Principal,2022-10-28 07:00 PM,2022,10,28,19,76.5,162,Unhealthy,77.0,UG/M3,1 Hr,Valid
N'Djamena,PM2.5 - Principal,2022-10-28 08:00 PM,2022,10,28,20,68.2,158,Unhealthy,60.0,UG/M3,1 Hr,Valid
N'Djamena,PM2.5 - Principal,2022-10-28 09:00 PM,2022,10,28,21,63.1,155,Unhealthy,58.0,UG/M3,1 Hr,Valid
N'Djamena,PM2.5 - Principal,2022-10-28 10:00 PM,2022,10,28,22,55.0,149,Unhealthy for Sensitive Groups,47.0,UG/M3,1 Hr,Valid
N'Djamena,PM2.5 - Principal,2022-10-28 11:00 PM,2022,10,28,23,46.0,127,Unhealthy for Sensitive Groups,37.0,UG/M3,1 Hr,Valid
N'Djamena,PM2.5 - Principal,2022-10-29 12:00 AM,2022,10,29,00,34.0,97,Moderate,22.0,UG/M3,1 Hr,Valid
N'Djamena,PM2.5 - Principal,2022-10-29 01:00 AM,2022,10,29,01,25.5,79,Moderate,17.0,UG/M3,1 Hr,Valid
N'Djamena,PM2.5 - Principal,2022-10-29 02:00 AM,2022,10,29,02,19.7,67,Moderate,14.0,UG/M3,1 Hr,Valid
N'Djamena,PM2.5 - Principal,2022-10-29 03:00 AM,2022,10,29,03,21.8,71,Moderate,24.0,UG/M3,1 Hr,Valid
N'Djamena,PM2.5 - Principal,2022-10-29 04:00 AM,2022,10,29,04,23.9,76,Moderate,26.0,UG/M3,1 Hr,Valid
N'Djamena,PM2.5 - Principal,2022-10-29 05:00 AM,2022,10,29,05,26.4,81,Moderate,29.0,UG/M3,1 Hr,Valid
N'Djamena,PM2.5 - Principal,2022-10-29 06:00 AM,2022,10,29,06,29.2,87,Moderate,32.0,UG/M3,1 Hr,Valid
N'Djamena,PM2.5 - Principal,2022-10-29 07:00 AM,2022,10,29,07,46.1,127,Unhealthy for Sensitive Groups,63.0,UG/M3,1 Hr,Valid
N'Djamena,PM2.5 - Principal,2022-10-29 08:00 AM,2022,10,29,08,55.0,149,Unhealthy for Sensitive Groups,64.0,UG/M3,1 Hr,Valid
N'Djamena,PM2.5 - Principal,2022-10-29 09:00 AM,2022,10,29,09,50.0,137,Unhealthy for Sensitive Groups,45.0,UG/M3,1 Hr,Valid
N'Djamena,PM2.5 - Principal,2022-10-29 10:00 AM,2022,10,29,10,46.5,128,Unhealthy for Sensitive Groups,43.0,UG/M3,1 Hr,Valid
N'Djamena,PM2.5 - Principal,2022-10-29 11:00 AM,2022,10,29,11,39.7,111,Unhealthy for Sensitive Groups,33.0,UG/M3,1 Hr,Valid
N'Djamena,PM2.5 - Principal,2022-10-29 12:00 PM,2022,10,29,12,31.8,92,Moderate,24.0,UG/M3,1 Hr,Valid
N'Djamena,PM2.5 - Principal,2022-10-29 01:00 PM,2022,10,29,13,29.4,87,Moderate,27.0,UG/M3,1 Hr,Valid
N'Djamena,PM2.5 - Principal,2022-10-29 02:00 PM,2022,10,29,14,25.7,80,Moderate,22.0,UG/M3,1 Hr,Valid
N'Djamena,PM2.5 - Principal,2022-10-29 03:00 PM,2022,10,29,15,22.8,74,Moderate,20.0,UG/M3,1 Hr,Valid
N'Djamena,PM2.5 - Principal,2022-10-29 04:00 PM,2022,10,29,16,23.4,75,Moderate,24.0,UG/M3,1 Hr,Valid
N'Djamena,PM2.5 - Principal,2022-10-29 05:00 PM,2022,10,29,17,29.2,87,Moderate,35.0,UG/M3,1 Hr,Valid
N'Djamena,PM2.5 - Principal,2022-10-29 06:00 PM,2022,10,29,18,54.1,147,Unhealthy for Sensitive Groups,79.0,UG/M3,1 Hr,Valid
N'Djamena,PM2.5 - Principal,2022-10-29 07:00 PM,2022,10,29,19,69.5,158,Unhealthy,85.0,UG/M3,1 Hr,Valid
N'Djamena,PM2.5 - Principal,2022-10-29 08:00 PM,2022,10,29,20,71.7,159,Unhealthy,74.0,UG/M3,1 Hr,Valid
N'Djamena,PM2.5 - Principal,2022-10-29 09:00 PM,2022,10,29,21,68.3,158,Unhealthy,65.0,UG/M3,1 Hr,Valid
N'Djamena,PM2.5 - Principal,2022-10-29 10:00 PM,2022,10,29,22,58.6,153,Unhealthy,49.0,UG/M3,1 Hr,Valid
N'Djamena,PM2.5 - Principal,2022-10-29 11:00 PM,2022,10,29,23,53.8,146,Unhealthy for Sensitive Groups,49.0,UG/M3,1 Hr,Valid
N'Djamena,PM2.5 - Principal,2022-10-30 12:00 AM,2022,10,30,00,81.4,164,Unhealthy,109.0,UG/M3,1 Hr,Valid
N'Djamena,PM2.5 - Principal,2022-10-30 01:00 AM,2022,10,30,01,47.7,131,Unhealthy for Sensitive Groups,14.0,UG/M3,1 Hr,Valid
N'Djamena,PM2.5 - Principal,2022-10-30 02:00 AM,2022,10,30,02,52.3,142,Unhealthy for Sensitive Groups,57.0,UG/M3,1 Hr,Valid
N'Djamena,PM2.5 - Principal,2022-10-30 03:00 AM,2022,10,30,03,69.1,158,Unhealthy,86.0,UG/M3,1 Hr,Valid
N'Djamena,PM2.5 - Principal,2022-10-30 04:00 AM,2022,10,30,04,95.1,171,Unhealthy,121.0,UG/M3,1 Hr,Valid
N'Djamena,PM2.5 - Principal,2022-10-30 05:00 AM,2022,10,30,05,127.5,188,Unhealthy,160.0,UG/M3,1 Hr,Valid
N'Djamena,PM2.5 - Principal,2022-10-30 06:00 AM,2022,10,30,06,145.2,197,Unhealthy,163.0,UG/M3,1 Hr,Valid
N'Djamena,PM2.5 - Principal,2022-10-30 07:00 AM,2022,10,30,07,169.1,219,Very Unhealthy,193.0,UG/M3,1 Hr,Valid
N'Djamena,PM2.5 - Principal,2022-10-30 08:00 AM,2022,10,30,08,145.5,197,Unhealthy,122.0,UG/M3,1 Hr,Valid
N'Djamena,PM2.5 - Principal,2022-10-30 09:00 AM,2022,10,30,09,113.2,181,Unhealthy,81.0,UG/M3,1 Hr,Valid
N'Djamena,PM2.5 - Principal,2022-10-30 10:00 AM,2022,10,30,10,89.1,168,Unhealthy,65.0,UG/M3,1 Hr,Valid
N'Djamena,PM2.5 - Principal,2022-10-30 11:00 AM,2022,10,30,11,72.5,160,Unhealthy,56.0,UG/M3,1 Hr,Valid
N'Djamena,PM2.5 - Principal,2022-10-30 12:00 PM,2022,10,30,12,50.7,138,Unhealthy for Sensitive Groups,29.0,UG/M3,1 Hr,Valid
N'Djamena,PM2.5 - Principal,2022-10-30 01:00 PM,2022,10,30,13,42.8,119,Unhealthy for Sensitive Groups,35.0,UG/M3,1 Hr,Valid
N'Djamena,PM2.5 - Principal,2022-10-30 02:00 PM,2022,10,30,14,31.4,92,Moderate,20.0,UG/M3,1 Hr,Valid
N'Djamena,PM2.5 - Principal,2022-10-30 03:00 PM,2022,10,30,15,27.2,83,Moderate,23.0,UG/M3,1 Hr,Valid
N'Djamena,PM2.5 - Principal,2022-10-30 04:00 PM,2022,10,30,16,27.5,83,Moderate,28.0,UG/M3,1 Hr,Valid
N'Djamena,PM2.5 - Principal,2022-10-30 05:00 PM,2022,10,30,17,33.2,95,Moderate,39.0,UG/M3,1 Hr,Valid
N'Djamena,PM2.5 - Principal,2022-10-30 06:00 PM,2022,10,30,18,58.1,152,Unhealthy,83.0,UG/M3,1 Hr,Valid
N'Djamena,PM2.5 - Principal,2022-10-30 07:00 PM,2022,10,30,19,77.0,162,Unhealthy,96.0,UG/M3,1 Hr,Valid
N'Djamena,PM2.5 - Principal,2022-10-30 08:00 PM,2022,10,30,20,74.0,161,Unhealthy,71.0,UG/M3,1 Hr,Valid
N'Djamena,PM2.5 - Principal,2022-10-30 09:00 PM,2022,10,30,21,58.5,153,Unhealthy,43.0,UG/M3,1 Hr,Valid
N'Djamena,PM2.5 - Principal,2022-10-30 10:00 PM,2022,10,30,22,46.2,127,Unhealthy for Sensitive Groups,34.0,UG/M3,1 Hr,Valid
N'Djamena,PM2.5 - Principal,2022-10-30 11:00 PM,2022,10,30,23,36.6,104,Unhealthy for Sensitive Groups,27.0,UG/M3,1 Hr,Valid
N'Djamena,PM2.5 - Principal,2022-10-31 12:00 AM,2022,10,31,00,36.3,103,Unhealthy for Sensitive Groups,36.0,UG/M3,1 Hr,Valid
N'Djamena,PM2.5 - Principal,2022-10-31 01:00 AM,2022,10,31,01,39.6,111,Unhealthy for Sensitive Groups,43.0,UG/M3,1 Hr,Valid
N'Djamena,PM2.5 - Principal,2022-10-31 02:00 AM,2022,10,31,02,39.8,112,Unhealthy for Sensitive Groups,40.0,UG/M3,1 Hr,Valid
N'Djamena,PM2.5 - Principal,2022-10-31 03:00 AM,2022,10,31,03,36.9,104,Unhealthy for Sensitive Groups,34.0,UG/M3,1 Hr,Valid
N'Djamena,PM2.5 - Principal,2022-10-31 04:00 AM,2022,10,31,04,34.9,99,Moderate,33.0,UG/M3,1 Hr,Valid
N'Djamena,PM2.5 - Principal,2022-10-31 05:00 AM,2022,10,31,05,29.9,88,Moderate,25.0,UG/M3,1 Hr,Valid
N'Djamena,PM2.5 - Principal,2022-10-31 06:00 AM,2022,10,31,06,32.9,95,Moderate,36.0,UG/M3,1 Hr,Valid
N'Djamena,PM2.5 - Principal,2022-10-31 07:00 AM,2022,10,31,07,45.4,125,Unhealthy for Sensitive Groups,58.0,UG/M3,1 Hr,Valid
N'Djamena,PM2.5 - Principal,2022-10-31 08:00 AM,2022,10,31,08,56.7,152,Unhealthy,68.0,UG/M3,1 Hr,Valid
N'Djamena,PM2.5 - Principal,2022-10-31 09:00 AM,2022,10,31,09,52.8,144,Unhealthy for Sensitive Groups,49.0,UG/M3,1 Hr,Valid
N'Djamena,PM2.5 - Principal,2022-10-31 10:00 AM,2022,10,31,10,50.4,138,Unhealthy for Sensitive Groups,48.0,UG/M3,1 Hr,Valid
N'Djamena,PM2.5 - Principal,2022-10-31 11:00 AM,2022,10,31,11,45.2,125,Unhealthy for Sensitive Groups,40.0,UG/M3,1 Hr,Valid
N'Djamena,PM2.5 - Principal,2022-10-31 12:00 PM,2022,10,31,12,41.1,115,Unhealthy for Sensitive Groups,37.0,UG/M3,1 Hr,Valid
N'Djamena,PM2.5 - Principal,2022-10-31 01:00 PM,2022,10,31,13,37.0,105,Unhealthy for Sensitive Groups,33.0,UG/M3,1 Hr,Valid
N'Djamena,PM2.5 - Principal,2022-10-31 02:00 PM,2022,10,31,14,31.0,91,Moderate,25.0,UG/M3,1 Hr,Valid
N'Djamena,PM2.5 - Principal,2022-10-31 03:00 PM,2022,10,31,15,28.5,85,Moderate,26.0,UG/M3,1 Hr,Valid
N'Djamena,PM2.5 - Principal,2022-10-31 04:00 PM,2022,10,31,16,26.2,81,Moderate,24.0,UG/M3,1 Hr,Valid
N'Djamena,PM2.5 - Principal,2022-10-31 05:00 PM,2022,10,31,17,31.6,92,Moderate,37.0,UG/M3,1 Hr,Valid
N'Djamena,PM2.5 - Principal,2022-10-31 06:00 PM,2022,10,31,18,76.3,162,Unhealthy,121.0,UG/M3,1 Hr,Valid
N'Djamena,PM2.5 - Principal,2022-10-31 07:00 PM,2022,10,31,19,129.1,189,Unhealthy,182.0,UG/M3,1 Hr,Valid
N'Djamena,PM2.5 - Principal,2022-10-31 08:00 PM,2022,10,31,20,126.0,187,Unhealthy,123.0,UG/M3,1 Hr,Valid
N'Djamena,PM2.5 - Principal,2022-10-31 09:00 PM,2022,10,31,21,92.0,170,Unhealthy,58.0,UG/M3,1 Hr,Valid
N'Djamena,PM2.5 - Principal,2022-10-31 10:00 PM,2022,10,31,22,66.5,157,Unhealthy,41.0,UG/M3,1 Hr,Valid
N'Djamena,PM2.5 - Principal,2022-10-31 11:00 PM,2022,10,31,23,42.7,119,Unhealthy for Sensitive Groups,19.0,UG/M3,1 Hr,Valid
N'Djamena,PM2.5 - Principal,2022-11-01 12:00 AM,2022,11,01,00,32.8,95,Moderate,23.0,UG/M3,1 Hr,Valid
