Site,Parameter,Date (LT),Year,Month,Day,Hour,NowCast Conc.,AQI,AQI Category,Raw Conc.,Conc. Unit,Duration,QC Name
Jakarta South,PM2.5 - Principal,2018-09-01 01:00 AM,2018,09,01,01,82.6,165,Unhealthy,81.0,UG/M3,1 Hr,Valid
Jakarta South,PM2.5 - Principal,2018-09-01 02:00 AM,2018,09,01,02,80.3,164,Unhealthy,78.0,UG/M3,1 Hr,Valid
Jakarta South,PM2.5 - Principal,2018-09-01 03:00 AM,2018,09,01,03,82.1,165,Unhealthy,84.0,UG/M3,1 Hr,Valid
Jakarta South,PM2.5 - Principal,2018-09-01 04:00 AM,2018,09,01,04,95.0,171,Unhealthy,108.0,UG/M3,1 Hr,Valid
Jakarta South,PM2.5 - Principal,2018-09-01 05:00 AM,2018,09,01,05,98.0,173,Unhealthy,101.0,UG/M3,1 Hr,Valid
Jakarta South,PM2.5 - Principal,2018-09-01 06:00 AM,2018,09,01,06,98.5,173,Unhealthy,99.0,UG/M3,1 Hr,Valid
Jakarta South,PM2.5 - Principal,2018-09-01 07:00 AM,2018,09,01,07,56.7,152,Unhealthy,15.0,UG/M3,1 Hr,Valid
Jakarta South,PM2.5 - Principal,2018-09-01 08:00 AM,2018,09,01,08,40.8,114,Unhealthy for Sensitive Groups,25.0,UG/M3,1 Hr,Valid
Jakarta South,PM2.5 - Principal,2018-09-01 09:00 AM,2018,09,01,09,44.4,123,Unhealthy for Sensitive Groups,48.0,UG/M3,1 Hr,Valid
Jakarta South,PM2.5 - Principal,2018-09-01 10:00 AM,2018,09,01,10,35.2,100,Moderate,26.0,UG/M3,1 Hr,Valid
Jakarta South,PM2.5 - Principal,2018-09-01 11:00 AM,2018,09,01,11,33.0,95,Moderate,31.0,UG/M3,1 Hr,Valid
Jakarta South,PM2.5 - Principal,2018-09-01 12:00 PM,2018,09,01,12,30.5,90,Moderate,28.0,UG/M3,1 Hr,Valid
Jakarta South,PM2.5 - Principal,2018-09-01 01:00 PM,2018,09,01,13,26.7,82,Moderate,23.0,UG/M3,1 Hr,Valid
Jakarta South,PM2.5 - Principal,2018-09-01 02:00 PM,2018,09,01,14,28.8,86,Moderate,31.0,UG/M3,1 Hr,Valid
Jakarta South,PM2.5 - Principal,2018-09-01 03:00 PM,2018,09,01,15,25.9,80,Moderate,23.0,UG/M3,1 Hr,Valid
Jakarta South,PM2.5 - Principal,2018-09-01 04:00 PM,2018,09,01,16,25.9,80,Moderate,26.0,UG/M3,1 Hr,Valid
Jakarta South,PM2.5 - Principal,2018-09-01 05:00 PM,2018,09,01,17,27.4,83,Moderate,29.0,UG/M3,1 Hr,Valid
Jakarta South,PM2.5 - Principal,2018-09-01 06:00 PM,2018,09,01,18,28.2,85,Moderate,29.0,UG/M3,1 Hr,Valid
Jakarta South,PM2.5 - Principal,2018-09-01 07:00 PM,2018,09,01,19,24.6,77,Moderate,21.0,UG/M3,1 Hr,Valid
Jakarta South,PM2.5 - Principal,2018-09-01 08:00 PM,2018,09,01,20,25.8,80,Moderate,27.0,UG/M3,1 Hr,Valid
Jakarta South,PM2.5 - Principal,2018-09-01 09:00 PM,2018,09,01,21,30.0,89,Moderate,36.0,UG/M3,1 Hr,Valid
Jakarta South,PM2.5 - Principal,2018-09-01 10:00 PM,2018,09,01,22,39.4,111,Unhealthy for Sensitive Groups,48.0,UG/M3,1 Hr,Valid
Jakarta South,PM2.5 - Principal,2018-09-01 11:00 PM,2018,09,01,23,61.7,154,Unhealthy,84.0,UG/M3,1 Hr,Valid
Jakarta South,PM2.5 - Principal,2018-09-02 12:00 AM,2018,09,02,00,58.3,152,Unhealthy,55.0,UG/M3,1 Hr,Valid
Jakarta South,PM2.5 - Principal,2018-09-02 01:00 AM,2018,09,02,01,55.1,149,Unhealthy for Sensitive Groups,52.0,UG/M3,1 Hr,Valid
Jakarta South,PM2.5 - Principal,2018-09-02 02:00 AM,2018,09,02,02,55.0,149,Unhealthy for Sensitive Groups,55.0,UG/M3,1 Hr,Valid
Jakarta South,PM2.5 - Principal,2018-09-02 03:00 AM,2018,09,02,03,72.0,160,Unhealthy,89.0,UG/M3,1 Hr,Valid
Jakarta South,PM2.5 - Principal,2018-09-02 04:00 AM,2018,09,02,04,89.0,168,Unhealthy,106.0,UG/M3,1 Hr,Valid
Jakarta South,PM2.5 - Principal,2018-09-02 05:00 AM,2018,09,02,05,90.0,169,Unhealthy,91.0,UG/M3,1 Hr,Valid
Jakarta South,PM2.5 - Principal,2018-09-02 06:00 AM,2018,09,02,06,90.5,169,Unhealthy,91.0,UG/M3,1 Hr,Valid
Jakarta South,PM2.5 - Principal,2018-09-02 07:00 AM,2018,09,02,07,90.2,169,Unhealthy,90.0,UG/M3,1 Hr,Valid
Jakarta South,PM2.5 - Principal,2018-09-02 08:00 AM,2018,09,02,08,78.1,163,Unhealthy,66.0,UG/M3,1 Hr,Valid
Jakarta South,PM2.5 - Principal,2018-09-02 09:00 AM,2018,09,02,09,68.0,157,Unhealthy,58.0,UG/M3,1 Hr,Valid
Jakarta South,PM2.5 - Principal,2018-09-02 10:00 AM,2018,09,02,10,64.5,156,Unhealthy,61.0,UG/M3,1 Hr,Valid
Jakarta South,PM2.5 - Principal,2018-09-02 11:00 AM,2018,09,02,11,61.7,154,Unhealthy,59.0,UG/M3,1 Hr,Valid
Jakarta South,PM2.5 - Principal,2018-09-02 12:00 PM,2018,09,02,12,60.3,153,Unhealthy,59.0,UG/M3,1 Hr,Valid
Jakarta South,PM2.5 - Principal,2018-09-02 01:00 PM,2018,09,02,13,58.3,152,Unhealthy,56.0,UG/M3,1 Hr,Valid
Jakarta South,PM2.5 - Principal,2018-09-02 02:00 PM,2018,09,02,14,52.5,143,Unhealthy for Sensitive Groups,47.0,UG/M3,1 Hr,Valid
Jakarta South,PM2.5 - Principal,2018-09-02 03:00 PM,2018,09,02,15,45.7,126,Unhealthy for Sensitive Groups,39.0,UG/M3,1 Hr,Valid
Jakarta South,PM2.5 - Principal,2018-09-02 04:00 PM,2018,09,02,16,44.8,124,Unhealthy for Sensitive Groups,44.0,UG/M3,1 Hr,Valid
Jakarta South,PM2.5 - Principal,2018-09-02 05:00 PM,2018,09,02,17,35.9,102,Unhealthy for Sensitive Groups,27.0,UG/M3,1 Hr,Valid
Jakarta South,PM2.5 - Principal,2018-09-02 06:00 PM,2018,09,02,18,34.9,99,Moderate,34.0,UG/M3,1 Hr,Valid
Jakarta South,PM2.5 - Principal,2018-09-02 07:00 PM,2018,09,02,19,32.4,94,Moderate,30.0,UG/M3,1 Hr,Valid
Jakarta South,PM2.5 - Principal,2018-09-02 08:00 PM,2018,09,02,20,29.7,88,Moderate,27.0,UG/M3,1 Hr,Valid
Jakarta South,PM2.5 - Principal,2018-09-02 09:00 PM,2018,09,02,21,29.8,88,Moderate,30.0,UG/M3,1 Hr,Valid
Jakarta South,PM2.5 - Principal,2018-09-02 10:00 PM,2018,09,02,22,34.9,99,Moderate,40.0,UG/M3,1 Hr,Valid
Jakarta South,PM2.5 - Principal,2018-09-02 11:00 PM,2018,09,02,23,38.4,108,Unhealthy for Sensitive Groups,42.0,UG/M3,1 Hr,Valid
Jakarta South,PM2.5 - Principal,2018-09-03 12:00 AM,2018,09,03,00,43.7,121,Unhealthy for Sensitive Groups,49.0,UG/M3,1 Hr,Valid
Jakarta South,PM2.5 - Principal,2018-09-03 01:00 AM,2018,09,03,01,44.7,124,Unhealthy for Sensitive Groups,47.0,UG/M3,1 Hr,Valid
Jakarta South,PM2.5 - Principal,2018-09-03 02:00 AM,2018,09,03,02,44.8,124,Unhealthy for Sensitive Groups,45.0,UG/M3,1 Hr,Valid
Jakarta South,PM2.5 - Principal,2018-09-03 03:00 AM,2018,09,03,03,48.9,134,Unhealthy for Sensitive Groups,53.0,UG/M3,1 Hr,Valid
Jakarta South,PM2.5 - Principal,2018-09-03 04:00 AM,2018,09,03,04,47.0,129,Unhealthy for Sensitive Groups,45.0,UG/M3,1 Hr,Valid
Jakarta South,PM2.5 - Principal,2018-09-03 05:00 AM,2018,09,03,05,40.1,112,Unhealthy for Sensitive Groups,33.0,UG/M3,1 Hr,Valid
Jakarta South,PM2.5 - Principal,2018-09-03 06:00 AM,2018,09,03,06,30.0,89,Moderate,20.0,UG/M3,1 Hr,Valid
Jakarta South,PM2.5 - Principal,2018-09-03 07:00 AM,2018,09,03,07,36.0,102,Unhealthy for Sensitive Groups,42.0,UG/M3,1 Hr,Valid
Jakarta South,PM2.5 - Principal,2018-09-03 08:00 AM,2018,09,03,08,37.0,105,Unhealthy for Sensitive Groups,38.0,UG/M3,1 Hr,Valid
Jakarta South,PM2.5 - Principal,2018-09-03 09:00 AM,2018,09,03,09,33.5,96,Moderate,30.0,UG/M3,1 Hr,Valid
Jakarta South,PM2.5 - Principal,2018-09-03 10:00 AM,2018,09,03,10,29.7,88,Moderate,26.0,UG/M3,1 Hr,Valid
Jakarta South,PM2.5 - Principal,2018-09-03 11:00 AM,2018,09,03,11,59.3,153,Unhealthy,89.0,UG/M3,1 Hr,Valid
Jakarta South,PM2.5 - Principal,2018-09-03 12:00 PM,2018,09,03,12,38.6,109,Unhealthy for Sensitive Groups,18.0,UG/M3,1 Hr,Valid
Jakarta South,PM2.5 - Principal,2018-09-03 01:00 PM,2018,09,03,13,32.3,93,Moderate,26.0,UG/M3,1 Hr,Valid
Jakarta South,PM2.5 - Principal,2018-09-03 02:00 PM,2018,09,03,14,36.6,104,Unhealthy for Sensitive Groups,41.0,UG/M3,1 Hr,Valid
Jakarta South,PM2.5 - Principal,2018-09-03 03:00 PM,2018,09,03,15,39.3,110,Unhealthy for Sensitive Groups,42.0,UG/M3,1 Hr,Valid
Jakarta South,PM2.5 - Principal,2018-09-03 04:00 PM,2018,09,03,16,41.1,115,Unhealthy for Sensitive Groups,43.0,UG/M3,1 Hr,Valid
Jakarta South,PM2.5 - Principal,2018-09-03 05:00 PM,2018,09,03,17,40.5,113,Unhealthy for Sensitive Groups,40.0,UG/M3,1 Hr,Valid
Jakarta South,PM2.5 - Principal,2018-09-03 06:00 PM,2018,09,03,18,44.2,122,Unhealthy for Sensitive Groups,48.0,UG/M3,1 Hr,Valid
Jakarta South,PM2.5 - Principal,2018-09-03 07:00 PM,2018,09,03,19,49.1,134,Unhealthy for Sensitive Groups,54.0,UG/M3,1 Hr,Valid
Jakarta South,PM2.5 - Principal,2018-09-03 08:00 PM,2018,09,03,20,48.5,133,Unhealthy for Sensitive Groups,48.0,UG/M3,1 Hr,Valid
Jakarta South,PM2.5 - Principal,2018-09-03 09:00 PM,2018,09,03,21,45.2,125,Unhealthy for Sensitive Groups,42.0,UG/M3,1 Hr,Valid
Jakarta South,PM2.5 - Principal,2018-09-03 10:00 PM,2018,09,03,22,42.1,117,Unhealthy for Sensitive Groups,39.0,UG/M3,1 Hr,Valid
Jakarta South,PM2.5 - Principal,2018-09-03 11:00 PM,2018,09,03,23,36.5,103,Unhealthy for Sensitive Groups,31.0,UG/M3,1 Hr,Valid
Jakarta South,PM2.5 - Principal,2018-09-04 12:00 AM,2018,09,04,00,29.2,87,Moderate,22.0,UG/M3,1 Hr,Valid
Jakarta South,PM2.5 - Principal,2018-09-04 01:00 AM,2018,09,04,01,26.6,81,Moderate,24.0,UG/M3,1 Hr,Valid
Jakarta South,PM2.5 - Principal,2018-09-04 02:00 AM,2018,09,04,02,23.3,75,Moderate,20.0,UG/M3,1 Hr,Valid
Jakarta South,PM2.5 - Principal,2018-09-04 03:00 AM,2018,09,04,03,19.1,66,Moderate,15.0,UG/M3,1 Hr,Valid
Jakarta South,PM2.5 - Principal,2018-09-04 04:00 AM,2018,09,04,04,16.5,60,Moderate,14.0,UG/M3,1 Hr,Valid
Jakarta South,PM2.5 - Principal,2018-09-04 05:00 AM,2018,09,04,05,15.2,58,Moderate,14.0,UG/M3,1 Hr,Valid
Jakarta South,PM2.5 - Principal,2018-09-04 06:00 AM,2018,09,04,06,17.6,63,Moderate,20.0,UG/M3,1 Hr,Valid
Jakarta South,PM2.5 - Principal,2018-09-04 07:00 AM,2018,09,04,07,17.3,62,Moderate,17.0,UG/M3,1 Hr,Valid
Jakarta South,PM2.5 - Principal,2018-09-04 08:00 AM,2018,09,04,08,20.6,69,Moderate,24.0,UG/M3,1 Hr,Valid
Jakarta South,PM2.5 - Principal,2018-09-04 09:00 AM,2018,09,04,09,24.8,78,Moderate,29.0,UG/M3,1 Hr,Valid
Jakarta South,PM2.5 - Principal,2018-09-04 10:00 AM,2018,09,04,10,29.4,87,Moderate,34.0,UG/M3,1 Hr,Valid
Jakarta South,PM2.5 - Principal,2018-09-04 11:00 AM,2018,09,04,11,30.2,89,Moderate,31.0,UG/M3,1 Hr,Valid
Jakarta South,PM2.5 - Principal,2018-09-04 12:00 PM,2018,09,04,12,37.6,106,Unhealthy for Sensitive Groups,45.0,UG/M3,1 Hr,Valid
Jakarta South,PM2.5 - Principal,2018-09-04 01:00 PM,2018,09,04,13,44.8,124,Unhealthy for Sensitive Groups,52.0,UG/M3,1 Hr,Valid
Jakarta South,PM2.5 - Principal,2018-09-04 02:00 PM,2018,09,04,14,48.9,134,Unhealthy for Sensitive Groups,53.0,UG/M3,1 Hr,Valid
Jakarta South,PM2.5 - Principal,2018-09-04 03:00 PM,2018,09,04,15,50.9,139,Unhealthy for Sensitive Groups,53.0,UG/M3,1 Hr,Valid
Jakarta South,PM2.5 - Principal,2018-09-04 04:00 PM,2018,09,04,16,50.4,138,Unhealthy for Sensitive Groups,50.0,UG/M3,1 Hr,Valid
Jakarta South,PM2.5 - Principal,2018-09-04 05:00 PM,2018,09,04,17,47.7,131,Unhealthy for Sensitive Groups,45.0,UG/M3,1 Hr,Valid
Jakarta South,PM2.5 - Principal,2018-09-04 06:00 PM,2018,09,04,18,41.8,117,Unhealthy for Sensitive Groups,36.0,UG/M3,1 Hr,Valid
Jakarta South,PM2.5 - Principal,2018-09-04 07:00 PM,2018,09,04,19,44.4,123,Unhealthy for Sensitive Groups,47.0,UG/M3,1 Hr,Valid
Jakarta South,PM2.5 - Principal,2018-09-04 08:00 PM,2018,09,04,20,43.3,120,Unhealthy for Sensitive Groups,42.0,UG/M3,1 Hr,Valid
Jakarta South,PM2.5 - Principal,2018-09-04 09:00 PM,2018,09,04,21,42.4,118,Unhealthy for Sensitive Groups,41.0,UG/M3,1 Hr,Valid
Jakarta South,PM2.5 - Principal,2018-09-04 10:00 PM,2018,09,04,22,46.0,127,Unhealthy for Sensitive Groups,51.0,UG/M3,1 Hr,Valid
Jakarta South,PM2.5 - Principal,2018-09-04 11:00 PM,2018,09,04,23,43.5,121,Unhealthy for Sensitive Groups,39.0,UG/M3,1 Hr,Valid
Jakarta South,PM2.5 - Principal,2018-09-05 12:00 AM,2018,09,05,00,41.4,116,Unhealthy for Sensitive Groups,37.0,UG/M3,1 Hr,Valid
Jakarta South,PM2.5 - Principal,2018-09-05 01:00 AM,2018,09,05,01,41.2,115,Unhealthy for Sensitive Groups,41.0,UG/M3,1 Hr,Valid
Jakarta South,PM2.5 - Principal,2018-09-05 02:00 AM,2018,09,05,02,37.3,105,Unhealthy for Sensitive Groups,32.0,UG/M3,1 Hr,Valid
Jakarta South,PM2.5 - Principal,2018-09-05 03:00 AM,2018,09,05,03,32.7,94,Moderate,28.0,UG/M3,1 Hr,Valid
Jakarta South,PM2.5 - Principal,2018-09-05 04:00 AM,2018,09,05,04,26.5,81,Moderate,21.0,UG/M3,1 Hr,Valid
Jakarta South,PM2.5 - Principal,2018-09-05 05:00 AM,2018,09,05,05,23.2,74,Moderate,20.0,UG/M3,1 Hr,Valid
Jakarta South,PM2.5 - Principal,2018-09-05 06:00 AM,2018,09,05,06,23.6,75,Moderate,24.0,UG/M3,1 Hr,Valid
Jakarta South,PM2.5 - Principal,2018-09-05 07:00 AM,2018,09,05,07,26.3,81,Moderate,29.0,UG/M3,1 Hr,Valid
Jakarta South,PM2.5 - Principal,2018-09-05 08:00 AM,2018,09,05,08,30.1,89,Moderate,34.0,UG/M3,1 Hr,Valid
Jakarta South,PM2.5 - Principal,2018-09-05 09:00 AM,2018,09,05,09,34.5,98,Moderate,39.0,UG/M3,1 Hr,Valid
Jakarta South,PM2.5 - Principal,2018-09-05 10:00 AM,2018,09,05,10,34.2,97,Moderate,34.0,UG/M3,1 Hr,Valid
Jakarta South,PM2.5 - Principal,2018-09-05 11:00 AM,2018,09,05,11,37.1,105,Unhealthy for Sensitive Groups,40.0,UG/M3,1 Hr,Valid
Jakarta South,PM2.5 - Principal,2018-09-05 12:00 PM,2018,09,05,12,37.0,105,Unhealthy for Sensitive Groups,37.0,UG/M3,1 Hr,Valid
Jakarta South,PM2.5 - Principal,2018-09-05 01:00 PM,2018,09,05,13,38.0,107,Unhealthy for Sensitive Groups,39.0,UG/M3,1 Hr,Valid
Jakarta South,PM2.5 - Principal,2018-09-05 02:00 PM,2018,09,05,14,40.0,112,Unhealthy for Sensitive Groups,42.0,UG/M3,1 Hr,Valid
Jakarta South,PM2.5 - Principal,2018-09-05 03:00 PM,2018,09,05,15,44.0,122,Unhealthy for Sensitive Groups,48.0,UG/M3,1 Hr,Valid
Jakarta South,PM2.5 - Principal,2018-09-05 04:00 PM,2018,09,05,16,48.0,132,Unhealthy for Sensitive Groups,52.0,UG/M3,1 Hr,Valid
Jakarta South,PM2.5 - Principal,2018-09-05 05:00 PM,2018,09,05,17,52.5,143,Unhealthy for Sensitive Groups,57.0,UG/M3,1 Hr,Valid
Jakarta South,PM2.5 - Principal,2018-09-05 06:00 PM,2018,09,05,18,60.7,154,Unhealthy,69.0,UG/M3,1 Hr,Valid
Jakarta South,PM2.5 - Principal,2018-09-05 07:00 PM,2018,09,05,19,65.3,156,Unhealthy,70.0,UG/M3,1 Hr,Valid
Jakarta South,PM2.5 - Principal,2018-09-05 08:00 PM,2018,09,05,20,79.1,163,Unhealthy,93.0,UG/M3,1 Hr,Valid
Jakarta South,PM2.5 - Principal,2018-09-05 09:00 PM,2018,09,05,21,75.1,161,Unhealthy,71.0,UG/M3,1 Hr,Valid
Jakarta South,PM2.5 - Principal,2018-09-05 10:00 PM,2018,09,05,22,71.5,159,Unhealthy,68.0,UG/M3,1 Hr,Valid
Jakarta South,PM2.5 - Principal,2018-09-05 11:00 PM,2018,09,05,23,57.2,152,Unhealthy,43.0,UG/M3,1 Hr,Valid
Jakarta South,PM2.5 - Principal,2018-09-06 12:00 AM,2018,09,06,00,43.1,120,Unhealthy for Sensitive Groups,29.0,UG/M3,1 Hr,Valid
Jakarta South,PM2.5 - Principal,2018-09-06 01:00 AM,2018,09,06,01,42.0,117,Unhealthy for Sensitive Groups,41.0,UG/M3,1 Hr,Valid
Jakarta South,PM2.5 - Principal,2018-09-06 02:00 AM,2018,09,06,02,39.5,111,Unhealthy for Sensitive Groups,37.0,UG/M3,1 Hr,Valid
Jakarta South,PM2.5 - Principal,2018-09-06 03:00 AM,2018,09,06,03,44.7,124,Unhealthy for Sensitive Groups,50.0,UG/M3,1 Hr,Valid
Jakarta South,PM2.5 - Principal,2018-09-06 04:00 AM,2018,09,06,04,44.8,124,Unhealthy for Sensitive Groups,45.0,UG/M3,1 Hr,Valid
Jakarta South,PM2.5 - Principal,2018-09-06 05:00 AM,2018,09,06,05,47.4,130,Unhealthy for Sensitive Groups,50.0,UG/M3,1 Hr,Valid
Jakarta South,PM2.5 - Principal,2018-09-06 06:00 AM,2018,09,06,06,50.2,137,Unhealthy for Sensitive Groups,53.0,UG/M3,1 Hr,Valid
Jakarta South,PM2.5 - Principal,2018-09-06 07:00 AM,2018,09,06,07,49.1,134,Unhealthy for Sensitive Groups,48.0,UG/M3,1 Hr,Valid
Jakarta South,PM2.5 - Principal,2018-09-06 08:00 AM,2018,09,06,08,60.5,154,Unhealthy,72.0,UG/M3,1 Hr,Valid
Jakarta South,PM2.5 - Principal,2018-09-06 09:00 AM,2018,09,06,09,73.7,160,Unhealthy,87.0,UG/M3,1 Hr,Valid
Jakarta South,PM2.5 - Principal,2018-09-06 10:00 AM,2018,09,06,10,68.8,158,Unhealthy,64.0,UG/M3,1 Hr,Valid
Jakarta South,PM2.5 - Principal,2018-09-06 11:00 AM,2018,09,06,11,67.4,157,Unhealthy,66.0,UG/M3,1 Hr,Valid
Jakarta South,PM2.5 - Principal,2018-09-06 12:00 PM,2018,09,06,12,59.2,153,Unhealthy,51.0,UG/M3,1 Hr,Valid
Jakarta South,PM2.5 - Principal,2018-09-06 01:00 PM,2018,09,06,13,44.6,123,Unhealthy for Sensitive Groups,30.0,UG/M3,1 Hr,Valid
Jakarta South,PM2.5 - Principal,2018-09-06 02:00 PM,2018,09,06,14,38.8,109,Unhealthy for Sensitive Groups,33.0,UG/M3,1 Hr,Valid
Jakarta South,PM2.5 - Principal,2018-09-06 03:00 PM,2018,09,06,15,29.3,87,Moderate,20.0,UG/M3,1 Hr,Valid
Jakarta South,PM2.5 - Principal,2018-09-06 04:00 PM,2018,09,06,16,29.6,88,Moderate,30.0,UG/M3,1 Hr,Valid
Jakarta South,PM2.5 - Principal,2018-09-06 05:00 PM,2018,09,06,17,28.3,85,Moderate,27.0,UG/M3,1 Hr,Valid
Jakarta South,PM2.5 - Principal,2018-09-06 06:00 PM,2018,09,06,18,28.6,86,Moderate,29.0,UG/M3,1 Hr,Valid
Jakarta South,PM2.5 - Principal,2018-09-06 07:00 PM,2018,09,06,19,31.3,91,Moderate,34.0,UG/M3,1 Hr,Valid
Jakarta South,PM2.5 - Principal,2018-09-06 08:00 PM,2018,09,06,20,37.6,106,Unhealthy for Sensitive Groups,44.0,UG/M3,1 Hr,Valid
Jakarta South,PM2.5 - Principal,2018-09-06 09:00 PM,2018,09,06,21,35.8,102,Unhealthy for Sensitive Groups,34.0,UG/M3,1 Hr,Valid
Jakarta South,PM2.5 - Principal,2018-09-06 10:00 PM,2018,09,06,22,33.9,97,Moderate,32.0,UG/M3,1 Hr,Valid
Jakarta South,PM2.5 - Principal,2018-09-06 11:00 PM,2018,09,06,23,36.9,104,Unhealthy for Sensitive Groups,40.0,UG/M3,1 Hr,Valid
Jakarta South,PM2.5 - Principal,2018-09-07 12:00 AM,2018,09,07,00,62.9,155,Unhealthy,89.0,UG/M3,1 Hr,Valid
Jakarta South,PM2.5 - Principal,2018-09-07 01:00 AM,2018,09,07,01,81.9,165,Unhealthy,101.0,UG/M3,1 Hr,Valid
Jakarta South,PM2.5 - Principal,2018-09-07 02:00 AM,2018,09,07,02,79.0,163,Unhealthy,76.0,UG/M3,1 Hr,Valid
Jakarta South,PM2.5 - Principal,2018-09-07 03:00 AM,2018,09,07,03,65.5,156,Unhealthy,52.0,UG/M3,1 Hr,Valid
Jakarta South,PM2.5 - Principal,2018-09-07 04:00 AM,2018,09,07,04,61.7,154,Unhealthy,58.0,UG/M3,1 Hr,Valid
Jakarta South,PM2.5 - Principal,2018-09-07 05:00 AM,2018,09,07,05,58.3,152,Unhealthy,55.0,UG/M3,1 Hr,Valid
Jakarta South,PM2.5 - Principal,2018-09-07 06:00 AM,2018,09,07,06,51.6,141,Unhealthy for Sensitive Groups,45.0,UG/M3,1 Hr,Valid
Jakarta South,PM2.5 - Principal,2018-09-07 07:00 AM,2018,09,07,07,50.8,139,Unhealthy for Sensitive Groups,50.0,UG/M3,1 Hr,Valid
Jakarta South,PM2.5 - Principal,2018-09-07 08:00 AM,2018,09,07,08,53.9,146,Unhealthy for Sensitive Groups,57.0,UG/M3,1 Hr,Valid
Jakarta South,PM2.5 - Principal,2018-09-07 09:00 AM,2018,09,07,09,58.4,152,Unhealthy,63.0,UG/M3,1 Hr,Valid
Jakarta South,PM2.5 - Principal,2018-09-07 10:00 AM,2018,09,07,10,59.2,153,Unhealthy,60.0,UG/M3,1 Hr,Valid
Jakarta South,PM2.5 - Principal,2018-09-07 11:00 AM,2018,09,07,11,53.6,146,Unhealthy for Sensitive Groups,48.0,UG/M3,1 Hr,Valid
Jakarta South,PM2.5 - Principal,2018-09-07 12:00 PM,2018,09,07,12,50.8,139,Unhealthy for Sensitive Groups,48.0,UG/M3,1 Hr,Valid
Jakarta South,PM2.5 - Principal,2018-09-07 01:00 PM,2018,09,07,13,55.4,150,Unhealthy for Sensitive Groups,61.0,UG/M3,1 Hr,Valid
Jakarta South,PM2.5 - Principal,2018-09-07 02:00 PM,2018,09,07,14,47.8,131,Unhealthy for Sensitive Groups,37.0,UG/M3,1 Hr,Valid
Jakarta South,PM2.5 - Principal,2018-09-07 03:00 PM,2018,09,07,15,45.4,125,Unhealthy for Sensitive Groups,42.0,UG/M3,1 Hr,Valid
Jakarta South,PM2.5 - Principal,2018-09-07 04:00 PM,2018,09,07,16,40.5,113,Unhealthy for Sensitive Groups,35.0,UG/M3,1 Hr,Valid
Jakarta South,PM2.5 - Principal,2018-09-07 05:00 PM,2018,09,07,17,34.8,99,Moderate,30.0,UG/M3,1 Hr,Valid
Jakarta South,PM2.5 - Principal,2018-09-07 06:00 PM,2018,09,07,18,30.8,90,Moderate,27.0,UG/M3,1 Hr,Valid
Jakarta South,PM2.5 - Principal,2018-09-07 07:00 PM,2018,09,07,19,36.4,103,Unhealthy for Sensitive Groups,42.0,UG/M3,1 Hr,Valid
Jakarta South,PM2.5 - Principal,2018-09-07 08:00 PM,2018,09,07,20,38.7,109,Unhealthy for Sensitive Groups,41.0,UG/M3,1 Hr,Valid
Jakarta South,PM2.5 - Principal,2018-09-07 09:00 PM,2018,09,07,21,35.3,100,Moderate,32.0,UG/M3,1 Hr,Valid
Jakarta South,PM2.5 - Principal,2018-09-07 10:00 PM,2018,09,07,22,35.6,101,Unhealthy for Sensitive Groups,36.0,UG/M3,1 Hr,Valid
Jakarta South,PM2.5 - Principal,2018-09-07 11:00 PM,2018,09,07,23,38.3,108,Unhealthy for Sensitive Groups,41.0,UG/M3,1 Hr,Valid
Jakarta South,PM2.5 - Principal,2018-09-08 12:00 AM,2018,09,08,00,36.6,104,Unhealthy for Sensitive Groups,35.0,UG/M3,1 Hr,Valid
Jakarta South,PM2.5 - Principal,2018-09-08 01:00 AM,2018,09,08,01,33.9,97,Moderate,29.0,UG/M3,1 Hr,Valid
Jakarta South,PM2.5 - Principal,2018-09-08 02:00 AM,2018,09,08,02,32.8,95,Moderate,31.0,UG/M3,1 Hr,Valid
Jakarta South,PM2.5 - Principal,2018-09-08 03:00 AM,2018,09,08,03,30.1,89,Moderate,26.0,UG/M3,1 Hr,Valid
Jakarta South,PM2.5 - Principal,2018-09-08 04:00 AM,2018,09,08,04,25.7,80,Moderate,22.0,UG/M3,1 Hr,Valid
Jakarta South,PM2.5 - Principal,2018-09-08 05:00 AM,2018,09,08,05,29.2,87,Moderate,33.0,UG/M3,1 Hr,Valid
Jakarta South,PM2.5 - Principal,2018-09-08 06:00 AM,2018,09,08,06,31.0,91,Moderate,33.0,UG/M3,1 Hr,Valid
Jakarta South,PM2.5 - Principal,2018-09-08 07:00 AM,2018,09,08,07,32.8,95,Moderate,35.0,UG/M3,1 Hr,Valid
Jakarta South,PM2.5 - Principal,2018-09-08 08:00 AM,2018,09,08,08,33.8,97,Moderate,35.0,UG/M3,1 Hr,Valid
Jakarta South,PM2.5 - Principal,2018-09-08 09:00 AM,2018,09,08,09,31.5,92,Moderate,29.0,UG/M3,1 Hr,Valid
Jakarta South,PM2.5 - Principal,2018-09-08 10:00 AM,2018,09,08,10,30.3,89,Moderate,29.0,UG/M3,1 Hr,Valid
Jakarta South,PM2.5 - Principal,2018-09-08 11:00 AM,2018,09,08,11,31.5,92,Moderate,33.0,UG/M3,1 Hr,Valid
Jakarta South,PM2.5 - Principal,2018-09-08 12:00 PM,2018,09,08,12,45.3,125,Unhealthy for Sensitive Groups,59.0,UG/M3,1 Hr,Valid
Jakarta South,PM2.5 - Principal,2018-09-08 01:00 PM,2018,09,08,13,47.1,130,Unhealthy for Sensitive Groups,49.0,UG/M3,1 Hr,Valid
Jakarta South,PM2.5 - Principal,2018-09-08 02:00 PM,2018,09,08,14,47.5,131,Unhealthy for Sensitive Groups,48.0,UG/M3,1 Hr,Valid
Jakarta South,PM2.5 - Principal,2018-09-08 03:00 PM,2018,09,08,15,45.7,126,Unhealthy for Sensitive Groups,44.0,UG/M3,1 Hr,Valid
Jakarta South,PM2.5 - Principal,2018-09-08 04:00 PM,2018,09,08,16,33.3,96,Moderate,21.0,UG/M3,1 Hr,Valid
Jakarta South,PM2.5 - Principal,2018-09-08 05:00 PM,2018,09,08,17,27.6,84,Moderate,22.0,UG/M3,1 Hr,Valid
Jakarta South,PM2.5 - Principal,2018-09-08 06:00 PM,2018,09,08,18,30.3,89,Moderate,33.0,UG/M3,1 Hr,Valid
Jakarta South,PM2.5 - Principal,2018-09-08 07:00 PM,2018,09,08,19,38.1,107,Unhealthy for Sensitive Groups,46.0,UG/M3,1 Hr,Valid
Jakarta South,PM2.5 - Principal,2018-09-08 08:00 PM,2018,09,08,20,43.5,121,Unhealthy for Sensitive Groups,49.0,UG/M3,1 Hr,Valid
Jakarta South,PM2.5 - Principal,2018-09-08 09:00 PM,2018,09,08,21,47.7,131,Unhealthy for Sensitive Groups,52.0,UG/M3,1 Hr,Valid
Jakarta South,PM2.5 - Principal,2018-09-08 10:00 PM,2018,09,08,22,56.9,152,Unhealthy,66.0,UG/M3,1 Hr,Valid
Jakarta South,PM2.5 - Principal,2018-09-08 11:00 PM,2018,09,08,23,73.4,160,Unhealthy,90.0,UG/M3,1 Hr,Valid
Jakarta South,PM2.5 - Principal,2018-09-09 12:00 AM,2018,09,09,00,87.7,168,Unhealthy,102.0,UG/M3,1 Hr,Valid
Jakarta South,PM2.5 - Principal,2018-09-09 01:00 AM,2018,09,09,01,79.3,163,Unhealthy,71.0,UG/M3,1 Hr,Valid
Jakarta South,PM2.5 - Principal,2018-09-09 02:00 AM,2018,09,09,02,77.1,162,Unhealthy,75.0,UG/M3,1 Hr,Valid
Jakarta South,PM2.5 - Principal,2018-09-09 03:00 AM,2018,09,09,03,70.5,159,Unhealthy,64.0,UG/M3,1 Hr,Valid
Jakarta South,PM2.5 - Principal,2018-09-09 04:00 AM,2018,09,09,04,61.3,154,Unhealthy,52.0,UG/M3,1 Hr,Valid
Jakarta South,PM2.5 - Principal,2018-09-09 05:00 AM,2018,09,09,05,55.6,151,Unhealthy,50.0,UG/M3,1 Hr,Valid
Jakarta South,PM2.5 - Principal,2018-09-09 06:00 AM,2018,09,09,06,53.8,146,Unhealthy for Sensitive Groups,52.0,UG/M3,1 Hr,Valid
Jakarta South,PM2.5 - Principal,2018-09-09 07:00 AM,2018,09,09,07,53.8,146,Unhealthy for Sensitive Groups,-999.0,UG/M3,1 Hr,Missing
Jakarta South,PM2.5 - Principal,2018-09-09 08:00 AM,2018,09,09,08,53.8,146,Unhealthy for Sensitive Groups,-999.0,UG/M3,1 Hr,Missing
Jakarta South,PM2.5 - Principal,2018-09-09 09:00 AM,2018,09,09,09,53.8,146,Unhealthy for Sensitive Groups,-999.0,UG/M3,1 Hr,Missing
Jakarta South,PM2.5 - Principal,2018-09-09 10:00 AM,2018,09,09,10,53.8,146,Unhealthy for Sensitive Groups,-999.0,UG/M3,1 Hr,Missing
Jakarta South,PM2.5 - Principal,2018-09-09 11:00 AM,2018,09,09,11,-999.0,-999,N/A,-999.0,UG/M3,1 Hr,Missing
Jakarta South,PM2.5 - Principal,2018-09-09 12:00 PM,2018,09,09,12,-999.0,-999,N/A,-999.0,UG/M3,1 Hr,Missing
Jakarta South,PM2.5 - Principal,2018-09-09 01:00 PM,2018,09,09,13,-999.0,-999,N/A,-999.0,UG/M3,1 Hr,Missing
Jakarta South,PM2.5 - Principal,2018-09-09 02:00 PM,2018,09,09,14,-999.0,-999,N/A,-999.0,UG/M3,1 Hr,Missing
Jakarta South,PM2.5 - Principal,2018-09-09 03:00 PM,2018,09,09,15,-999.0,-999,N/A,-999.0,UG/M3,1 Hr,Missing
Jakarta South,PM2.5 - Principal,2018-09-09 04:00 PM,2018,09,09,16,-999.0,-999,N/A,-999.0,UG/M3,1 Hr,Missing
Jakarta South,PM2.5 - Principal,2018-09-09 05:00 PM,2018,09,09,17,-999.0,-999,N/A,-999.0,UG/M3,1 Hr,Missing
Jakarta South,PM2.5 - Principal,2018-09-09 06:00 PM,2018,09,09,18,-999.0,-999,N/A,-999.0,UG/M3,1 Hr,Missing
Jakarta South,PM2.5 - Principal,2018-09-09 07:00 PM,2018,09,09,19,-999.0,-999,N/A,-999.0,UG/M3,1 Hr,Missing
Jakarta South,PM2.5 - Principal,2018-09-09 08:00 PM,2018,09,09,20,-999.0,-999,N/A,-999.0,UG/M3,1 Hr,Missing
Jakarta South,PM2.5 - Principal,2018-09-09 09:00 PM,2018,09,09,21,-999.0,-999,N/A,-999.0,UG/M3,1 Hr,Missing
Jakarta South,PM2.5 - Principal,2018-09-09 10:00 PM,2018,09,09,22,-999.0,-999,N/A,-999.0,UG/M3,1 Hr,Missing
Jakarta South,PM2.5 - Principal,2018-09-09 11:00 PM,2018,09,09,23,-999.0,-999,N/A,-999.0,UG/M3,1 Hr,Missing
Jakarta South,PM2.5 - Principal,2018-09-10 12:00 AM,2018,09,10,00,-999.0,-999,N/A,-999.0,UG/M3,1 Hr,Missing
Jakarta South,PM2.5 - Principal,2018-09-10 01:00 AM,2018,09,10,01,-999.0,-999,N/A,-999.0,UG/M3,1 Hr,Missing
Jakarta South,PM2.5 - Principal,2018-09-10 02:00 AM,2018,09,10,02,-999.0,-999,N/A,-999.0,UG/M3,1 Hr,Missing
Jakarta South,PM2.5 - Principal,2018-09-10 03:00 AM,2018,09,10,03,-999.0,-999,N/A,-999.0,UG/M3,1 Hr,Missing
Jakarta South,PM2.5 - Principal,2018-09-10 04:00 AM,2018,09,10,04,-999.0,-999,N/A,-999.0,UG/M3,1 Hr,Missing
Jakarta South,PM2.5 - Principal,2018-09-10 05:00 AM,2018,09,10,05,-999.0,-999,N/A,-999.0,UG/M3,1 Hr,Missing
Jakarta South,PM2.5 - Principal,2018-09-10 06:00 AM,2018,09,10,06,-999.0,-999,N/A,-999.0,UG/M3,1 Hr,Missing
Jakarta South,PM2.5 - Principal,2018-09-10 07:00 AM,2018,09,10,07,-999.0,-999,N/A,-999.0,UG/M3,1 Hr,Missing
Jakarta South,PM2.5 - Principal,2018-09-10 08:00 AM,2018,09,10,08,-999.0,-999,N/A,-999.0,UG/M3,1 Hr,Missing
Jakarta South,PM2.5 - Principal,2018-09-10 09:00 AM,2018,09,10,09,-999.0,-999,N/A,36.0,UG/M3,1 Hr,Valid
Jakarta South,PM2.5 - Principal,2018-09-10 10:00 AM,2018,09,10,10,42.2,117,Unhealthy for Sensitive Groups,47.0,UG/M3,1 Hr,Valid
Jakarta South,PM2.5 - Principal,2018-09-10 11:00 AM,2018,09,10,11,38.6,109,Unhealthy for Sensitive Groups,34.0,UG/M3,1 Hr,Valid
Jakarta South,PM2.5 - Principal,2018-09-10 12:00 PM,2018,09,10,12,31.4,92,Moderate,25.0,UG/M3,1 Hr,Valid
Jakarta South,PM2.5 - Principal,2018-09-10 01:00 PM,2018,09,10,13,32.6,94,Moderate,34.0,UG/M3,1 Hr,Valid
Jakarta South,PM2.5 - Principal,2018-09-10 02:00 PM,2018,09,10,14,27.7,84,Moderate,23.0,UG/M3,1 Hr,Valid
Jakarta South,PM2.5 - Principal,2018-09-10 03:00 PM,2018,09,10,15,26.3,81,Moderate,25.0,UG/M3,1 Hr,Valid
Jakarta South,PM2.5 - Principal,2018-09-10 04:00 PM,2018,09,10,16,18.6,65,Moderate,11.0,UG/M3,1 Hr,Valid
Jakarta South,PM2.5 - Principal,2018-09-10 05:00 PM,2018,09,10,17,17.8,63,Moderate,17.0,UG/M3,1 Hr,Valid
Jakarta South,PM2.5 - Principal,2018-09-10 06:00 PM,2018,09,10,18,19.9,67,Moderate,22.0,UG/M3,1 Hr,Valid
Jakarta South,PM2.5 - Principal,2018-09-10 07:00 PM,2018,09,10,19,26.9,82,Moderate,34.0,UG/M3,1 Hr,Valid
Jakarta South,PM2.5 - Principal,2018-09-10 08:00 PM,2018,09,10,20,30.9,91,Moderate,35.0,UG/M3,1 Hr,Valid
Jakarta South,PM2.5 - Principal,2018-09-10 09:00 PM,2018,09,10,21,33.4,96,Moderate,36.0,UG/M3,1 Hr,Valid
Jakarta South,PM2.5 - Principal,2018-09-10 10:00 PM,2018,09,10,22,42.2,117,Unhealthy for Sensitive Groups,51.0,UG/M3,1 Hr,Valid
Jakarta South,PM2.5 - Principal,2018-09-10 11:00 PM,2018,09,10,23,43.6,121,Unhealthy for Sensitive Groups,45.0,UG/M3,1 Hr,Valid
Jakarta South,PM2.5 - Principal,2018-09-11 12:00 AM,2018,09,11,00,45.8,126,Unhealthy for Sensitive Groups,48.0,UG/M3,1 Hr,Valid
Jakarta South,PM2.5 - Principal,2018-09-11 01:00 AM,2018,09,11,01,42.9,119,Unhealthy for Sensitive Groups,40.0,UG/M3,1 Hr,Valid
Jakarta South,PM2.5 - Principal,2018-09-11 02:00 AM,2018,09,11,02,43.4,120,Unhealthy for Sensitive Groups,44.0,UG/M3,1 Hr,Valid
Jakarta South,PM2.5 - Principal,2018-09-11 03:00 AM,2018,09,11,03,41.7,116,Unhealthy for Sensitive Groups,40.0,UG/M3,1 Hr,Valid
Jakarta South,PM2.5 - Principal,2018-09-11 04:00 AM,2018,09,11,04,41.3,115,Unhealthy for Sensitive Groups,41.0,UG/M3,1 Hr,Valid
Jakarta South,PM2.5 - Principal,2018-09-11 05:00 AM,2018,09,11,05,45.1,125,Unhealthy for Sensitive Groups,49.0,UG/M3,1 Hr,Valid
Jakarta South,PM2.5 - Principal,2018-09-11 06:00 AM,2018,09,11,06,43.1,120,Unhealthy for Sensitive Groups,41.0,UG/M3,1 Hr,Valid
Jakarta South,PM2.5 - Principal,2018-09-11 07:00 AM,2018,09,11,07,39.0,110,Unhealthy for Sensitive Groups,32.0,UG/M3,1 Hr,Valid
Jakarta South,PM2.5 - Principal,2018-09-11 08:00 AM,2018,09,11,08,37.8,107,Unhealthy for Sensitive Groups,36.0,UG/M3,1 Hr,Valid
Jakarta South,PM2.5 - Principal,2018-09-11 09:00 AM,2018,09,11,09,35.6,101,Unhealthy for Sensitive Groups,32.0,UG/M3,1 Hr,Valid
Jakarta South,PM2.5 - Principal,2018-09-11 10:00 AM,2018,09,11,10,34.5,98,Moderate,32.0,UG/M3,1 Hr,Valid
Jakarta South,PM2.5 - Principal,2018-09-11 11:00 AM,2018,09,11,11,28.0,84,Moderate,23.0,UG/M3,1 Hr,Valid
Jakarta South,PM2.5 - Principal,2018-09-11 12:00 PM,2018,09,11,12,26.0,80,Moderate,24.0,UG/M3,1 Hr,Valid
Jakarta South,PM2.5 - Principal,2018-09-11 01:00 PM,2018,09,11,13,20.0,68,Moderate,14.0,UG/M3,1 Hr,Valid
Jakarta South,PM2.5 - Principal,2018-09-11 02:00 PM,2018,09,11,14,17.5,62,Moderate,15.0,UG/M3,1 Hr,Valid
Jakarta South,PM2.5 - Principal,2018-09-11 03:00 PM,2018,09,11,15,17.7,63,Moderate,18.0,UG/M3,1 Hr,Valid
Jakarta South,PM2.5 - Principal,2018-09-11 04:00 PM,2018,09,11,16,16.8,61,Moderate,16.0,UG/M3,1 Hr,Valid
Jakarta South,PM2.5 - Principal,2018-09-11 05:00 PM,2018,09,11,17,17.9,63,Moderate,19.0,UG/M3,1 Hr,Valid
Jakarta South,PM2.5 - Principal,2018-09-11 06:00 PM,2018,09,11,18,13.4,54,Moderate,9.0,UG/M3,1 Hr,Valid
Jakarta South,PM2.5 - Principal,2018-09-11 07:00 PM,2018,09,11,19,16.2,60,Moderate,19.0,UG/M3,1 Hr,Valid
Jakarta South,PM2.5 - Principal,2018-09-11 08:00 PM,2018,09,11,20,16.1,59,Moderate,16.0,UG/M3,1 Hr,Valid
Jakarta South,PM2.5 - Principal,2018-09-11 09:00 PM,2018,09,11,21,14.0,55,Moderate,12.0,UG/M3,1 Hr,Valid
Jakarta South,PM2.5 - Principal,2018-09-11 10:00 PM,2018,09,11,22,22.5,73,Moderate,31.0,UG/M3,1 Hr,Valid
Jakarta South,PM2.5 - Principal,2018-09-11 11:00 PM,2018,09,11,23,21.2,70,Moderate,20.0,UG/M3,1 Hr,Valid
Jakarta South,PM2.5 - Principal,2018-09-12 12:00 AM,2018,09,12,00,23.1,74,Moderate,25.0,UG/M3,1 Hr,Valid
Jakarta South,PM2.5 - Principal,2018-09-12 01:00 AM,2018,09,12,01,27.0,82,Moderate,31.0,UG/M3,1 Hr,Valid
Jakarta South,PM2.5 - Principal,2018-09-12 02:00 AM,2018,09,12,02,46.5,128,Unhealthy for Sensitive Groups,66.0,UG/M3,1 Hr,Valid
Jakarta South,PM2.5 - Principal,2018-09-12 03:00 AM,2018,09,12,03,47.7,131,Unhealthy for Sensitive Groups,49.0,UG/M3,1 Hr,Valid
Jakarta South,PM2.5 - Principal,2018-09-12 04:00 AM,2018,09,12,04,44.8,124,Unhealthy for Sensitive Groups,42.0,UG/M3,1 Hr,Valid
Jakarta South,PM2.5 - Principal,2018-09-12 05:00 AM,2018,09,12,05,38.9,109,Unhealthy for Sensitive Groups,33.0,UG/M3,1 Hr,Valid
Jakarta South,PM2.5 - Principal,2018-09-12 06:00 AM,2018,09,12,06,36.4,103,Unhealthy for Sensitive Groups,34.0,UG/M3,1 Hr,Valid
Jakarta South,PM2.5 - Principal,2018-09-12 07:00 AM,2018,09,12,07,31.2,91,Moderate,26.0,UG/M3,1 Hr,Valid
Jakarta South,PM2.5 - Principal,2018-09-12 08:00 AM,2018,09,12,08,33.1,95,Moderate,35.0,UG/M3,1 Hr,Valid
Jakarta South,PM2.5 - Principal,2018-09-12 09:00 AM,2018,09,12,09,30.0,89,Moderate,27.0,UG/M3,1 Hr,Valid
Jakarta South,PM2.5 - Principal,2018-09-12 10:00 AM,2018,09,12,10,27.0,82,Moderate,24.0,UG/M3,1 Hr,Valid
Jakarta South,PM2.5 - Principal,2018-09-12 11:00 AM,2018,09,12,11,29.5,88,Moderate,32.0,UG/M3,1 Hr,Valid
Jakarta South,PM2.5 - Principal,2018-09-12 12:00 PM,2018,09,12,12,32.2,93,Moderate,35.0,UG/M3,1 Hr,Valid
Jakarta South,PM2.5 - Principal,2018-09-12 01:00 PM,2018,09,12,13,41.6,116,Unhealthy for Sensitive Groups,51.0,UG/M3,1 Hr,Valid
Jakarta South,PM2.5 - Principal,2018-09-12 02:00 PM,2018,09,12,14,45.3,125,Unhealthy for Sensitive Groups,49.0,UG/M3,1 Hr,Valid
Jakarta South,PM2.5 - Principal,2018-09-12 03:00 PM,2018,09,12,15,38.1,107,Unhealthy for Sensitive Groups,31.0,UG/M3,1 Hr,Valid
Jakarta South,PM2.5 - Principal,2018-09-12 04:00 PM,2018,09,12,16,33.0,95,Moderate,28.0,UG/M3,1 Hr,Valid
Jakarta South,PM2.5 - Principal,2018-09-12 05:00 PM,2018,09,12,17,28.5,85,Moderate,24.0,UG/M3,1 Hr,Valid
Jakarta South,PM2.5 - Principal,2018-09-12 06:00 PM,2018,09,12,18,27.2,83,Moderate,26.0,UG/M3,1 Hr,Valid
Jakarta South,PM2.5 - Principal,2018-09-12 07:00 PM,2018,09,12,19,24.6,77,Moderate,22.0,UG/M3,1 Hr,Valid
Jakarta South,PM2.5 - Principal,2018-09-12 08:00 PM,2018,09,12,20,24.3,77,Moderate,24.0,UG/M3,1 Hr,Valid
Jakarta South,PM2.5 - Principal,2018-09-12 09:00 PM,2018,09,12,21,24.1,76,Moderate,24.0,UG/M3,1 Hr,Valid
Jakarta South,PM2.5 - Principal,2018-09-12 10:00 PM,2018,09,12,22,30.5,90,Moderate,37.0,UG/M3,1 Hr,Valid
Jakarta South,PM2.5 - Principal,2018-09-12 11:00 PM,2018,09,12,23,30.2,89,Moderate,30.0,UG/M3,1 Hr,Valid
Jakarta South,PM2.5 - Principal,2018-09-13 12:00 AM,2018,09,13,00,32.6,94,Moderate,35.0,UG/M3,1 Hr,Valid
Jakarta South,PM2.5 - Principal,2018-09-13 01:00 AM,2018,09,13,01,36.3,103,Unhealthy for Sensitive Groups,40.0,UG/M3,1 Hr,Valid
Jakarta South,PM2.5 - Principal,2018-09-13 02:00 AM,2018,09,13,02,27.1,83,Moderate,18.0,UG/M3,1 Hr,Valid
Jakarta South,PM2.5 - Principal,2018-09-13 03:00 AM,2018,09,13,03,25.0,78,Moderate,23.0,UG/M3,1 Hr,Valid
Jakarta South,PM2.5 - Principal,2018-09-13 04:00 AM,2018,09,13,04,27.0,82,Moderate,29.0,UG/M3,1 Hr,Valid
Jakarta South,PM2.5 - Principal,2018-09-13 05:00 AM,2018,09,13,05,30.5,90,Moderate,34.0,UG/M3,1 Hr,Valid
Jakarta South,PM2.5 - Principal,2018-09-13 06:00 AM,2018,09,13,06,34.2,97,Moderate,38.0,UG/M3,1 Hr,Valid
Jakarta South,PM2.5 - Principal,2018-09-13 07:00 AM,2018,09,13,07,35.1,99,Moderate,36.0,UG/M3,1 Hr,Valid
Jakarta South,PM2.5 - Principal,2018-09-13 08:00 AM,2018,09,13,08,37.0,105,Unhealthy for Sensitive Groups,39.0,UG/M3,1 Hr,Valid
Jakarta South,PM2.5 - Principal,2018-09-13 09:00 AM,2018,09,13,09,43.5,121,Unhealthy for Sensitive Groups,50.0,UG/M3,1 Hr,Valid
Jakarta South,PM2.5 - Principal,2018-09-13 10:00 AM,2018,09,13,10,50.7,138,Unhealthy for Sensitive Groups,58.0,UG/M3,1 Hr,Valid
Jakarta South,PM2.5 - Principal,2018-09-13 11:00 AM,2018,09,13,11,45.8,126,Unhealthy for Sensitive Groups,41.0,UG/M3,1 Hr,Valid
Jakarta South,PM2.5 - Principal,2018-09-13 12:00 PM,2018,09,13,12,50.9,139,Unhealthy for Sensitive Groups,56.0,UG/M3,1 Hr,Valid
Jakarta South,PM2.5 - Principal,2018-09-13 01:00 PM,2018,09,13,13,49.9,136,Unhealthy for Sensitive Groups,49.0,UG/M3,1 Hr,Valid
Jakarta South,PM2.5 - Principal,2018-09-13 02:00 PM,2018,09,13,14,46.9,129,Unhealthy for Sensitive Groups,44.0,UG/M3,1 Hr,Valid
Jakarta South,PM2.5 - Principal,2018-09-13 03:00 PM,2018,09,13,15,42.9,119,Unhealthy for Sensitive Groups,39.0,UG/M3,1 Hr,Valid
Jakarta South,PM2.5 - Principal,2018-09-13 04:00 PM,2018,09,13,16,32.9,95,Moderate,23.0,UG/M3,1 Hr,Valid
Jakarta South,PM2.5 - Principal,2018-09-13 05:00 PM,2018,09,13,17,24.4,77,Moderate,16.0,UG/M3,1 Hr,Valid
Jakarta South,PM2.5 - Principal,2018-09-13 06:00 PM,2018,09,13,18,27.7,84,Moderate,31.0,UG/M3,1 Hr,Valid
Jakarta South,PM2.5 - Principal,2018-09-13 07:00 PM,2018,09,13,19,27.3,83,Moderate,27.0,UG/M3,1 Hr,Valid
Jakarta South,PM2.5 - Principal,2018-09-13 08:00 PM,2018,09,13,20,45.1,125,Unhealthy for Sensitive Groups,63.0,UG/M3,1 Hr,Valid
Jakarta South,PM2.5 - Principal,2018-09-13 09:00 PM,2018,09,13,21,52.0,142,Unhealthy for Sensitive Groups,59.0,UG/M3,1 Hr,Valid
Jakarta South,PM2.5 - Principal,2018-09-13 10:00 PM,2018,09,13,22,47.5,131,Unhealthy for Sensitive Groups,43.0,UG/M3,1 Hr,Valid
Jakarta South,PM2.5 - Principal,2018-09-13 11:00 PM,2018,09,13,23,40.2,113,Unhealthy for Sensitive Groups,33.0,UG/M3,1 Hr,Valid
Jakarta South,PM2.5 - Principal,2018-09-14 12:00 AM,2018,09,14,00,37.1,105,Unhealthy for Sensitive Groups,34.0,UG/M3,1 Hr,Valid
Jakarta South,PM2.5 - Principal,2018-09-14 01:00 AM,2018,09,14,01,37.0,105,Unhealthy for Sensitive Groups,37.0,UG/M3,1 Hr,Valid
Jakarta South,PM2.5 - Principal,2018-09-14 02:00 AM,2018,09,14,02,37.0,105,Unhealthy for Sensitive Groups,37.0,UG/M3,1 Hr,Valid
Jakarta South,PM2.5 - Principal,2018-09-14 03:00 AM,2018,09,14,03,39.5,111,Unhealthy for Sensitive Groups,42.0,UG/M3,1 Hr,Valid
Jakarta South,PM2.5 - Principal,2018-09-14 04:00 AM,2018,09,14,04,34.2,97,Moderate,29.0,UG/M3,1 Hr,Valid
Jakarta South,PM2.5 - Principal,2018-09-14 05:00 AM,2018,09,14,05,30.6,90,Moderate,27.0,UG/M3,1 Hr,Valid
Jakarta South,PM2.5 - Principal,2018-09-14 06:00 AM,2018,09,14,06,41.8,117,Unhealthy for Sensitive Groups,53.0,UG/M3,1 Hr,Valid
Jakarta South,PM2.5 - Principal,2018-09-14 07:00 AM,2018,09,14,07,47.9,132,Unhealthy for Sensitive Groups,54.0,UG/M3,1 Hr,Valid
Jakarta South,PM2.5 - Principal,2018-09-14 08:00 AM,2018,09,14,08,42.9,119,Unhealthy for Sensitive Groups,38.0,UG/M3,1 Hr,Valid
Jakarta South,PM2.5 - Principal,2018-09-14 09:00 AM,2018,09,14,09,39.9,112,Unhealthy for Sensitive Groups,37.0,UG/M3,1 Hr,Valid
Jakarta South,PM2.5 - Principal,2018-09-14 10:00 AM,2018,09,14,10,33.4,96,Moderate,27.0,UG/M3,1 Hr,Valid
Jakarta South,PM2.5 - Principal,2018-09-14 11:00 AM,2018,09,14,11,33.7,96,Moderate,34.0,UG/M3,1 Hr,Valid
Jakarta South,PM2.5 - Principal,2018-09-14 12:00 PM,2018,09,14,12,33.3,96,Moderate,33.0,UG/M3,1 Hr,Valid
Jakarta South,PM2.5 - Principal,2018-09-14 01:00 PM,2018,09,14,13,31.6,92,Moderate,30.0,UG/M3,1 Hr,Valid
Jakarta South,PM2.5 - Principal,2018-09-14 02:00 PM,2018,09,14,14,46.3,128,Unhealthy for Sensitive Groups,61.0,UG/M3,1 Hr,Valid
Jakarta South,PM2.5 - Principal,2018-09-14 03:00 PM,2018,09,14,15,57.1,152,Unhealthy,68.0,UG/M3,1 Hr,Valid
Jakarta South,PM2.5 - Principal,2018-09-14 04:00 PM,2018,09,14,16,53.5,145,Unhealthy for Sensitive Groups,50.0,UG/M3,1 Hr,Valid
Jakarta South,PM2.5 - Principal,2018-09-14 05:00 PM,2018,09,14,17,52.2,142,Unhealthy for Sensitive Groups,51.0,UG/M3,1 Hr,Valid
Jakarta South,PM2.5 - Principal,2018-09-14 06:00 PM,2018,09,14,18,48.6,133,Unhealthy for Sensitive Groups,45.0,UG/M3,1 Hr,Valid
Jakarta South,PM2.5 - Principal,2018-09-14 07:00 PM,2018,09,14,19,52.8,144,Unhealthy for Sensitive Groups,57.0,UG/M3,1 Hr,Valid
Jakarta South,PM2.5 - Principal,2018-09-14 08:00 PM,2018,09,14,20,53.9,146,Unhealthy for Sensitive Groups,55.0,UG/M3,1 Hr,Valid
Jakarta South,PM2.5 - Principal,2018-09-14 09:00 PM,2018,09,14,21,53.4,145,Unhealthy for Sensitive Groups,53.0,UG/M3,1 Hr,Valid
Jakarta South,PM2.5 - Principal,2018-09-14 10:00 PM,2018,09,14,22,44.2,122,Unhealthy for Sensitive Groups,35.0,UG/M3,1 Hr,Valid
Jakarta South,PM2.5 - Principal,2018-09-14 11:00 PM,2018,09,14,23,43.6,121,Unhealthy for Sensitive Groups,43.0,UG/M3,1 Hr,Valid
Jakarta South,PM2.5 - Principal,2018-09-15 12:00 AM,2018,09,15,00,44.3,123,Unhealthy for Sensitive Groups,45.0,UG/M3,1 Hr,Valid
Jakarta South,PM2.5 - Principal,2018-09-15 01:00 AM,2018,09,15,01,37.6,106,Unhealthy for Sensitive Groups,31.0,UG/M3,1 Hr,Valid
Jakarta South,PM2.5 - Principal,2018-09-15 02:00 AM,2018,09,15,02,32.3,93,Moderate,27.0,UG/M3,1 Hr,Valid
Jakarta South,PM2.5 - Principal,2018-09-15 03:00 AM,2018,09,15,03,30.6,90,Moderate,29.0,UG/M3,1 Hr,Valid
Jakarta South,PM2.5 - Principal,2018-09-15 04:00 AM,2018,09,15,04,28.3,85,Moderate,26.0,UG/M3,1 Hr,Valid
Jakarta South,PM2.5 - Principal,2018-09-15 05:00 AM,2018,09,15,05,26.1,80,Moderate,24.0,UG/M3,1 Hr,Valid
Jakarta South,PM2.5 - Principal,2018-09-15 06:00 AM,2018,09,15,06,25.0,78,Moderate,24.0,UG/M3,1 Hr,Valid
Jakarta South,PM2.5 - Principal,2018-09-15 07:00 AM,2018,09,15,07,35.5,101,Unhealthy for Sensitive Groups,46.0,UG/M3,1 Hr,Valid
Jakarta South,PM2.5 - Principal,2018-09-15 08:00 AM,2018,09,15,08,35.7,101,Unhealthy for Sensitive Groups,36.0,UG/M3,1 Hr,Valid
Jakarta South,PM2.5 - Principal,2018-09-15 09:00 AM,2018,09,15,09,41.8,117,Unhealthy for Sensitive Groups,48.0,UG/M3,1 Hr,Valid
Jakarta South,PM2.5 - Principal,2018-09-15 10:00 AM,2018,09,15,10,37.4,106,Unhealthy for Sensitive Groups,33.0,UG/M3,1 Hr,Valid
Jakarta South,PM2.5 - Principal,2018-09-15 11:00 AM,2018,09,15,11,37.2,105,Unhealthy for Sensitive Groups,37.0,UG/M3,1 Hr,Valid
Jakarta South,PM2.5 - Principal,2018-09-15 12:00 PM,2018,09,15,12,42.1,117,Unhealthy for Sensitive Groups,47.0,UG/M3,1 Hr,Valid
Jakarta South,PM2.5 - Principal,2018-09-15 01:00 PM,2018,09,15,13,45.0,124,Unhealthy for Sensitive Groups,48.0,UG/M3,1 Hr,Valid
Jakarta South,PM2.5 - Principal,2018-09-15 02:00 PM,2018,09,15,14,41.0,115,Unhealthy for Sensitive Groups,37.0,UG/M3,1 Hr,Valid
Jakarta South,PM2.5 - Principal,2018-09-15 03:00 PM,2018,09,15,15,44.5,123,Unhealthy for Sensitive Groups,48.0,UG/M3,1 Hr,Valid
Jakarta South,PM2.5 - Principal,2018-09-15 04:00 PM,2018,09,15,16,41.7,116,Unhealthy for Sensitive Groups,39.0,UG/M3,1 Hr,Valid
Jakarta South,PM2.5 - Principal,2018-09-15 05:00 PM,2018,09,15,17,39.8,112,Unhealthy for Sensitive Groups,38.0,UG/M3,1 Hr,Valid
Jakarta South,PM2.5 - Principal,2018-09-15 06:00 PM,2018,09,15,18,38.9,109,Unhealthy for Sensitive Groups,35.0,UG/M3,1 Hr,Valid
Jakarta South,PM2.5 - Principal,2018-09-15 07:00 PM,2018,09,15,19,30.2,89,Moderate,23.0,UG/M3,1 Hr,Valid
Jakarta South,PM2.5 - Principal,2018-09-15 08:00 PM,2018,09,15,20,28.1,85,Moderate,26.0,UG/M3,1 Hr,Valid
Jakarta South,PM2.5 - Principal,2018-09-15 09:00 PM,2018,09,15,21,34.5,98,Moderate,41.0,UG/M3,1 Hr,Valid
Jakarta South,PM2.5 - Principal,2018-09-15 10:00 PM,2018,09,15,22,33.7,96,Moderate,33.0,UG/M3,1 Hr,Valid
Jakarta South,PM2.5 - Principal,2018-09-15 11:00 PM,2018,09,15,23,33.3,96,Moderate,33.0,UG/M3,1 Hr,Valid
Jakarta South,PM2.5 - Principal,2018-09-16 12:00 AM,2018,09,16,00,32.1,93,Moderate,31.0,UG/M3,1 Hr,Valid
Jakarta South,PM2.5 - Principal,2018-09-16 01:00 AM,2018,09,16,01,43.5,121,Unhealthy for Sensitive Groups,55.0,UG/M3,1 Hr,Valid
Jakarta South,PM2.5 - Principal,2018-09-16 02:00 AM,2018,09,16,02,45.7,126,Unhealthy for Sensitive Groups,48.0,UG/M3,1 Hr,Valid
Jakarta South,PM2.5 - Principal,2018-09-16 03:00 AM,2018,09,16,03,49.9,136,Unhealthy for Sensitive Groups,54.0,UG/M3,1 Hr,Valid
Jakarta South,PM2.5 - Principal,2018-09-16 04:00 AM,2018,09,16,04,48.9,134,Unhealthy for Sensitive Groups,48.0,UG/M3,1 Hr,Valid
Jakarta South,PM2.5 - Principal,2018-09-16 05:00 AM,2018,09,16,05,41.4,116,Unhealthy for Sensitive Groups,34.0,UG/M3,1 Hr,Valid
Jakarta South,PM2.5 - Principal,2018-09-16 06:00 AM,2018,09,16,06,38.7,109,Unhealthy for Sensitive Groups,36.0,UG/M3,1 Hr,Valid
Jakarta South,PM2.5 - Principal,2018-09-16 07:00 AM,2018,09,16,07,38.3,108,Unhealthy for Sensitive Groups,38.0,UG/M3,1 Hr,Valid
Jakarta South,PM2.5 - Principal,2018-09-16 08:00 AM,2018,09,16,08,39.7,111,Unhealthy for Sensitive Groups,41.0,UG/M3,1 Hr,Valid
Jakarta South,PM2.5 - Principal,2018-09-16 09:00 AM,2018,09,16,09,38.1,107,Unhealthy for Sensitive Groups,36.0,UG/M3,1 Hr,Valid
Jakarta South,PM2.5 - Principal,2018-09-16 10:00 AM,2018,09,16,10,33.7,96,Moderate,29.0,UG/M3,1 Hr,Valid
Jakarta South,PM2.5 - Principal,2018-09-16 11:00 AM,2018,09,16,11,28.7,86,Moderate,24.0,UG/M3,1 Hr,Valid
Jakarta South,PM2.5 - Principal,2018-09-16 12:00 PM,2018,09,16,12,25.8,80,Moderate,23.0,UG/M3,1 Hr,Valid
Jakarta South,PM2.5 - Principal,2018-09-16 01:00 PM,2018,09,16,13,26.4,81,Moderate,27.0,UG/M3,1 Hr,Valid
Jakarta South,PM2.5 - Principal,2018-09-16 02:00 PM,2018,09,16,14,22.2,72,Moderate,18.0,UG/M3,1 Hr,Valid
Jakarta South,PM2.5 - Principal,2018-09-16 03:00 PM,2018,09,16,15,17.5,62,Moderate,13.0,UG/M3,1 Hr,Valid
Jakarta South,PM2.5 - Principal,2018-09-16 04:00 PM,2018,09,16,16,13.7,54,Moderate,10.0,UG/M3,1 Hr,Valid
Jakarta South,PM2.5 - Principal,2018-09-16 05:00 PM,2018,09,16,17,10.3,43,Good,7.0,UG/M3,1 Hr,Valid
Jakarta South,PM2.5 - Principal,2018-09-16 06:00 PM,2018,09,16,18,12.6,52,Moderate,15.0,UG/M3,1 Hr,Valid
Jakarta South,PM2.5 - Principal,2018-09-16 07:00 PM,2018,09,16,19,15.8,59,Moderate,19.0,UG/M3,1 Hr,Valid
Jakarta South,PM2.5 - Principal,2018-09-16 08:00 PM,2018,09,16,20,12.9,53,Moderate,10.0,UG/M3,1 Hr,Valid
Jakarta South,PM2.5 - Principal,2018-09-16 09:00 PM,2018,09,16,21,19.4,66,Moderate,26.0,UG/M3,1 Hr,Valid
Jakarta South,PM2.5 - Principal,2018-09-16 10:00 PM,2018,09,16,22,30.2,89,Moderate,41.0,UG/M3,1 Hr,Valid
Jakarta South,PM2.5 - Principal,2018-09-16 11:00 PM,2018,09,16,23,33.1,95,Moderate,36.0,UG/M3,1 Hr,Valid
Jakarta South,PM2.5 - Principal,2018-09-17 12:00 AM,2018,09,17,00,43.5,121,Unhealthy for Sensitive Groups,54.0,UG/M3,1 Hr,Valid
Jakarta South,PM2.5 - Principal,2018-09-17 01:00 AM,2018,09,17,01,42.2,117,Unhealthy for Sensitive Groups,41.0,UG/M3,1 Hr,Valid
Jakarta South,PM2.5 - Principal,2018-09-17 02:00 AM,2018,09,17,02,38.6,109,Unhealthy for Sensitive Groups,35.0,UG/M3,1 Hr,Valid
Jakarta South,PM2.5 - Principal,2018-09-17 03:00 AM,2018,09,17,03,39.8,112,Unhealthy for Sensitive Groups,41.0,UG/M3,1 Hr,Valid
Jakarta South,PM2.5 - Principal,2018-09-17 04:00 AM,2018,09,17,04,39.9,112,Unhealthy for Sensitive Groups,40.0,UG/M3,1 Hr,Valid
Jakarta South,PM2.5 - Principal,2018-09-17 05:00 AM,2018,09,17,05,31.4,92,Moderate,23.0,UG/M3,1 Hr,Valid
Jakarta South,PM2.5 - Principal,2018-09-17 06:00 AM,2018,09,17,06,28.7,86,Moderate,26.0,UG/M3,1 Hr,Valid
Jakarta South,PM2.5 - Principal,2018-09-17 07:00 AM,2018,09,17,07,29.8,88,Moderate,31.0,UG/M3,1 Hr,Valid
Jakarta South,PM2.5 - Principal,2018-09-17 08:00 AM,2018,09,17,08,32.4,94,Moderate,35.0,UG/M3,1 Hr,Valid
Jakarta South,PM2.5 - Principal,2018-09-17 09:00 AM,2018,09,17,09,39.2,110,Unhealthy for Sensitive Groups,46.0,UG/M3,1 Hr,Valid
Jakarta South,PM2.5 - Principal,2018-09-17 10:00 AM,2018,09,17,10,35.1,99,Moderate,31.0,UG/M3,1 Hr,Valid
Jakarta South,PM2.5 - Principal,2018-09-17 11:00 AM,2018,09,17,11,26.0,80,Moderate,17.0,UG/M3,1 Hr,Valid
Jakarta South,PM2.5 - Principal,2018-09-17 12:00 PM,2018,09,17,12,22.0,72,Moderate,18.0,UG/M3,1 Hr,Valid
Jakarta South,PM2.5 - Principal,2018-09-17 01:00 PM,2018,09,17,13,20.0,68,Moderate,18.0,UG/M3,1 Hr,Valid
Jakarta South,PM2.5 - Principal,2018-09-17 02:00 PM,2018,09,17,14,19.0,66,Moderate,18.0,UG/M3,1 Hr,Valid
Jakarta South,PM2.5 - Principal,2018-09-17 03:00 PM,2018,09,17,15,19.4,66,Moderate,20.0,UG/M3,1 Hr,Valid
Jakarta South,PM2.5 - Principal,2018-09-17 04:00 PM,2018,09,17,16,16.2,60,Moderate,13.0,UG/M3,1 Hr,Valid
Jakarta South,PM2.5 - Principal,2018-09-17 05:00 PM,2018,09,17,17,14.6,56,Moderate,13.0,UG/M3,1 Hr,Valid
Jakarta South,PM2.5 - Principal,2018-09-17 06:00 PM,2018,09,17,18,14.8,57,Moderate,15.0,UG/M3,1 Hr,Valid
Jakarta South,PM2.5 - Principal,2018-09-17 07:00 PM,2018,09,17,19,16.9,61,Moderate,19.0,UG/M3,1 Hr,Valid
Jakarta South,PM2.5 - Principal,2018-09-17 08:00 PM,2018,09,17,20,16.9,61,Moderate,17.0,UG/M3,1 Hr,Valid
Jakarta South,PM2.5 - Principal,2018-09-17 09:00 PM,2018,09,17,21,22.9,74,Moderate,29.0,UG/M3,1 Hr,Valid
Jakarta South,PM2.5 - Principal,2018-09-17 10:00 PM,2018,09,17,22,23.9,76,Moderate,25.0,UG/M3,1 Hr,Valid
Jakarta South,PM2.5 - Principal,2018-09-17 11:00 PM,2018,09,17,23,29.4,87,Moderate,35.0,UG/M3,1 Hr,Valid
Jakarta South,PM2.5 - Principal,2018-09-18 12:00 AM,2018,09,18,00,41.2,115,Unhealthy for Sensitive Groups,53.0,UG/M3,1 Hr,Valid
Jakarta South,PM2.5 - Principal,2018-09-18 01:00 AM,2018,09,18,01,39.6,111,Unhealthy for Sensitive Groups,38.0,UG/M3,1 Hr,Valid
Jakarta South,PM2.5 - Principal,2018-09-18 02:00 AM,2018,09,18,02,31.3,91,Moderate,23.0,UG/M3,1 Hr,Valid
Jakarta South,PM2.5 - Principal,2018-09-18 03:00 AM,2018,09,18,03,30.6,90,Moderate,30.0,UG/M3,1 Hr,Valid
Jakarta South,PM2.5 - Principal,2018-09-18 04:00 AM,2018,09,18,04,30.8,90,Moderate,31.0,UG/M3,1 Hr,Valid
Jakarta South,PM2.5 - Principal,2018-09-18 05:00 AM,2018,09,18,05,27.9,84,Moderate,25.0,UG/M3,1 Hr,Valid
Jakarta South,PM2.5 - Principal,2018-09-18 06:00 AM,2018,09,18,06,29.9,88,Moderate,32.0,UG/M3,1 Hr,Valid
Jakarta South,PM2.5 - Principal,2018-09-18 07:00 AM,2018,09,18,07,27.9,84,Moderate,26.0,UG/M3,1 Hr,Valid
Jakarta South,PM2.5 - Principal,2018-09-18 08:00 AM,2018,09,18,08,32.9,95,Moderate,38.0,UG/M3,1 Hr,Valid
Jakarta South,PM2.5 - Principal,2018-09-18 09:00 AM,2018,09,18,09,32.9,95,Moderate,33.0,UG/M3,1 Hr,Valid
Jakarta South,PM2.5 - Principal,2018-09-18 10:00 AM,2018,09,18,10,36.0,102,Unhealthy for Sensitive Groups,39.0,UG/M3,1 Hr,Valid
Jakarta South,PM2.5 - Principal,2018-09-18 11:00 AM,2018,09,18,11,40.0,112,Unhealthy for Sensitive Groups,44.0,UG/M3,1 Hr,Valid
Jakarta South,PM2.5 - Principal,2018-09-18 12:00 PM,2018,09,18,12,39.8,112,Unhealthy for Sensitive Groups,40.0,UG/M3,1 Hr,Valid
Jakarta South,PM2.5 - Principal,2018-09-18 01:00 PM,2018,09,18,13,35.1,99,Moderate,30.0,UG/M3,1 Hr,Valid
Jakarta South,PM2.5 - Principal,2018-09-18 02:00 PM,2018,09,18,14,25.9,80,Moderate,17.0,UG/M3,1 Hr,Valid
Jakarta South,PM2.5 - Principal,2018-09-18 03:00 PM,2018,09,18,15,25.4,79,Moderate,25.0,UG/M3,1 Hr,Valid
Jakarta South,PM2.5 - Principal,2018-09-18 04:00 PM,2018,09,18,16,21.2,70,Moderate,17.0,UG/M3,1 Hr,Valid
Jakarta South,PM2.5 - Principal,2018-09-18 05:00 PM,2018,09,18,17,18.6,65,Moderate,16.0,UG/M3,1 Hr,Valid
Jakarta South,PM2.5 - Principal,2018-09-18 06:00 PM,2018,09,18,18,16.8,61,Moderate,15.0,UG/M3,1 Hr,Valid
Jakarta South,PM2.5 - Principal,2018-09-18 07:00 PM,2018,09,18,19,24.4,77,Moderate,32.0,UG/M3,1 Hr,Valid
Jakarta South,PM2.5 - Principal,2018-09-18 08:00 PM,2018,09,18,20,25.7,80,Moderate,27.0,UG/M3,1 Hr,Valid
Jakarta South,PM2.5 - Principal,2018-09-18 09:00 PM,2018,09,18,21,27.8,84,Moderate,30.0,UG/M3,1 Hr,Valid
Jakarta South,PM2.5 - Principal,2018-09-18 10:00 PM,2018,09,18,22,30.9,91,Moderate,34.0,UG/M3,1 Hr,Valid
Jakarta South,PM2.5 - Principal,2018-09-18 11:00 PM,2018,09,18,23,34.9,99,Moderate,39.0,UG/M3,1 Hr,Valid
Jakarta South,PM2.5 - Principal,2018-09-19 12:00 AM,2018,09,19,00,28.9,86,Moderate,23.0,UG/M3,1 Hr,Valid
Jakarta South,PM2.5 - Principal,2018-09-19 01:00 AM,2018,09,19,01,25.4,79,Moderate,22.0,UG/M3,1 Hr,Valid
Jakarta South,PM2.5 - Principal,2018-09-19 02:00 AM,2018,09,19,02,22.7,73,Moderate,20.0,UG/M3,1 Hr,Valid
Jakarta South,PM2.5 - Principal,2018-09-19 03:00 AM,2018,09,19,03,20.8,69,Moderate,19.0,UG/M3,1 Hr,Valid
Jakarta South,PM2.5 - Principal,2018-09-19 04:00 AM,2018,09,19,04,13.4,54,Moderate,6.0,UG/M3,1 Hr,Valid
Jakarta South,PM2.5 - Principal,2018-09-19 05:00 AM,2018,09,19,05,9.7,40,Good,6.0,UG/M3,1 Hr,Valid
Jakarta South,PM2.5 - Principal,2018-09-19 06:00 AM,2018,09,19,06,7.3,30,Good,5.0,UG/M3,1 Hr,Valid
Jakarta South,PM2.5 - Principal,2018-09-19 07:00 AM,2018,09,19,07,10.6,44,Good,14.0,UG/M3,1 Hr,Valid
Jakarta South,PM2.5 - Principal,2018-09-19 08:00 AM,2018,09,19,08,16.8,61,Moderate,23.0,UG/M3,1 Hr,Valid
Jakarta South,PM2.5 - Principal,2018-09-19 09:00 AM,2018,09,19,09,21.9,72,Moderate,27.0,UG/M3,1 Hr,Valid
Jakarta South,PM2.5 - Principal,2018-09-19 10:00 AM,2018,09,19,10,34.9,99,Moderate,48.0,UG/M3,1 Hr,Valid
Jakarta South,PM2.5 - Principal,2018-09-19 11:00 AM,2018,09,19,11,43.4,120,Unhealthy for Sensitive Groups,52.0,UG/M3,1 Hr,Valid
Jakarta South,PM2.5 - Principal,2018-09-19 12:00 PM,2018,09,19,12,47.7,131,Unhealthy for Sensitive Groups,52.0,UG/M3,1 Hr,Valid
Jakarta South,PM2.5 - Principal,2018-09-19 01:00 PM,2018,09,19,13,42.8,119,Unhealthy for Sensitive Groups,38.0,UG/M3,1 Hr,Valid
Jakarta South,PM2.5 - Principal,2018-09-19 02:00 PM,2018,09,19,14,36.4,103,Unhealthy for Sensitive Groups,30.0,UG/M3,1 Hr,Valid
Jakarta South,PM2.5 - Principal,2018-09-19 03:00 PM,2018,09,19,15,31.2,91,Moderate,26.0,UG/M3,1 Hr,Valid
Jakarta South,PM2.5 - Principal,2018-09-19 04:00 PM,2018,09,19,16,27.1,83,Moderate,23.0,UG/M3,1 Hr,Valid
Jakarta South,PM2.5 - Principal,2018-09-19 05:00 PM,2018,09,19,17,30.5,90,Moderate,34.0,UG/M3,1 Hr,Valid
Jakarta South,PM2.5 - Principal,2018-09-19 06:00 PM,2018,09,19,18,29.2,87,Moderate,28.0,UG/M3,1 Hr,Valid
Jakarta South,PM2.5 - Principal,2018-09-19 07:00 PM,2018,09,19,19,26.1,80,Moderate,23.0,UG/M3,1 Hr,Valid
Jakarta South,PM2.5 - Principal,2018-09-19 08:00 PM,2018,09,19,20,29.0,87,Moderate,32.0,UG/M3,1 Hr,Valid
Jakarta South,PM2.5 - Principal,2018-09-19 09:00 PM,2018,09,19,21,41.5,116,Unhealthy for Sensitive Groups,54.0,UG/M3,1 Hr,Valid
Jakarta South,PM2.5 - Principal,2018-09-19 10:00 PM,2018,09,19,22,51.7,141,Unhealthy for Sensitive Groups,62.0,UG/M3,1 Hr,Valid
Jakarta South,PM2.5 - Principal,2018-09-19 11:00 PM,2018,09,19,23,57.3,152,Unhealthy,63.0,UG/M3,1 Hr,Valid
Jakarta South,PM2.5 - Principal,2018-09-20 12:00 AM,2018,09,20,00,60.1,153,Unhealthy,63.0,UG/M3,1 Hr,Valid
Jakarta South,PM2.5 - Principal,2018-09-20 01:00 AM,2018,09,20,01,60.1,153,Unhealthy,60.0,UG/M3,1 Hr,Valid
Jakarta South,PM2.5 - Principal,2018-09-20 02:00 AM,2018,09,20,02,49.5,135,Unhealthy for Sensitive Groups,39.0,UG/M3,1 Hr,Valid
Jakarta South,PM2.5 - Principal,2018-09-20 03:00 AM,2018,09,20,03,59.7,153,Unhealthy,70.0,UG/M3,1 Hr,Valid
Jakarta South,PM2.5 - Principal,2018-09-20 04:00 AM,2018,09,20,04,68.3,158,Unhealthy,77.0,UG/M3,1 Hr,Valid
Jakarta South,PM2.5 - Principal,2018-09-20 05:00 AM,2018,09,20,05,74.7,161,Unhealthy,81.0,UG/M3,1 Hr,Valid
Jakarta South,PM2.5 - Principal,2018-09-20 06:00 AM,2018,09,20,06,78.3,163,Unhealthy,82.0,UG/M3,1 Hr,Valid
Jakarta South,PM2.5 - Principal,2018-09-20 07:00 AM,2018,09,20,07,78.6,163,Unhealthy,79.0,UG/M3,1 Hr,Valid
Jakarta South,PM2.5 - Principal,2018-09-20 08:00 AM,2018,09,20,08,78.8,163,Unhealthy,79.0,UG/M3,1 Hr,Valid
Jakarta South,PM2.5 - Principal,2018-09-20 09:00 AM,2018,09,20,09,70.4,159,Unhealthy,62.0,UG/M3,1 Hr,Valid
Jakarta South,PM2.5 - Principal,2018-09-20 10:00 AM,2018,09,20,10,70.2,159,Unhealthy,70.0,UG/M3,1 Hr,Valid
Jakarta South,PM2.5 - Principal,2018-09-20 11:00 AM,2018,09,20,11,57.1,152,Unhealthy,44.0,UG/M3,1 Hr,Valid
Jakarta South,PM2.5 - Principal,2018-09-20 12:00 PM,2018,09,20,12,39.0,110,Unhealthy for Sensitive Groups,21.0,UG/M3,1 Hr,Valid
Jakarta South,PM2.5 - Principal,2018-09-20 01:00 PM,2018,09,20,13,26.0,80,Moderate,13.0,UG/M3,1 Hr,Valid
Jakarta South,PM2.5 - Principal,2018-09-20 02:00 PM,2018,09,20,14,19.0,66,Moderate,12.0,UG/M3,1 Hr,Valid
Jakarta South,PM2.5 - Principal,2018-09-20 03:00 PM,2018,09,20,15,18.9,65,Moderate,19.0,UG/M3,1 Hr,Valid
Jakarta South,PM2.5 - Principal,2018-09-20 04:00 PM,2018,09,20,16,29.4,87,Moderate,40.0,UG/M3,1 Hr,Valid
Jakarta South,PM2.5 - Principal,2018-09-20 05:00 PM,2018,09,20,17,37.2,105,Unhealthy for Sensitive Groups,45.0,UG/M3,1 Hr,Valid
Jakarta South,PM2.5 - Principal,2018-09-20 06:00 PM,2018,09,20,18,39.1,110,Unhealthy for Sensitive Groups,41.0,UG/M3,1 Hr,Valid
Jakarta South,PM2.5 - Principal,2018-09-20 07:00 PM,2018,09,20,19,43.0,119,Unhealthy for Sensitive Groups,47.0,UG/M3,1 Hr,Valid
Jakarta South,PM2.5 - Principal,2018-09-20 08:00 PM,2018,09,20,20,66.5,157,Unhealthy,90.0,UG/M3,1 Hr,Valid
Jakarta South,PM2.5 - Principal,2018-09-20 09:00 PM,2018,09,20,21,73.2,160,Unhealthy,80.0,UG/M3,1 Hr,Valid
Jakarta South,PM2.5 - Principal,2018-09-20 10:00 PM,2018,09,20,22,74.1,161,Unhealthy,75.0,UG/M3,1 Hr,Valid
Jakarta South,PM2.5 - Principal,2018-09-20 11:00 PM,2018,09,20,23,77.0,162,Unhealthy,80.0,UG/M3,1 Hr,Valid
Jakarta South,PM2.5 - Principal,2018-09-21 12:00 AM,2018,09,21,00,82.5,165,Unhealthy,88.0,UG/M3,1 Hr,Valid
Jakarta South,PM2.5 - Principal,2018-09-21 01:00 AM,2018,09,21,01,94.2,171,Unhealthy,106.0,UG/M3,1 Hr,Valid
Jakarta South,PM2.5 - Principal,2018-09-21 02:00 AM,2018,09,21,02,100.6,174,Unhealthy,107.0,UG/M3,1 Hr,Valid
Jakarta South,PM2.5 - Principal,2018-09-21 03:00 AM,2018,09,21,03,104.8,176,Unhealthy,109.0,UG/M3,1 Hr,Valid
Jakarta South,PM2.5 - Principal,2018-09-21 04:00 AM,2018,09,21,04,93.9,171,Unhealthy,83.0,UG/M3,1 Hr,Valid
Jakarta South,PM2.5 - Principal,2018-09-21 05:00 AM,2018,09,21,05,72.9,160,Unhealthy,52.0,UG/M3,1 Hr,Valid
Jakarta South,PM2.5 - Principal,2018-09-21 06:00 AM,2018,09,21,06,66.4,157,Unhealthy,60.0,UG/M3,1 Hr,Valid
Jakarta South,PM2.5 - Principal,2018-09-21 07:00 AM,2018,09,21,07,72.7,160,Unhealthy,79.0,UG/M3,1 Hr,Valid
Jakarta South,PM2.5 - Principal,2018-09-21 08:00 AM,2018,09,21,08,89.8,169,Unhealthy,107.0,UG/M3,1 Hr,Valid
Jakarta South,PM2.5 - Principal,2018-09-21 09:00 AM,2018,09,21,09,54.9,149,Unhealthy for Sensitive Groups,20.0,UG/M3,1 Hr,Valid
Jakarta South,PM2.5 - Principal,2018-09-21 10:00 AM,2018,09,21,10,40.4,113,Unhealthy for Sensitive Groups,26.0,UG/M3,1 Hr,Valid
Jakarta South,PM2.5 - Principal,2018-09-21 11:00 AM,2018,09,21,11,30.2,89,Moderate,20.0,UG/M3,1 Hr,Valid
Jakarta South,PM2.5 - Principal,2018-09-21 12:00 PM,2018,09,21,12,33.1,95,Moderate,36.0,UG/M3,1 Hr,Valid
Jakarta South,PM2.5 - Principal,2018-09-21 01:00 PM,2018,09,21,13,35.5,101,Unhealthy for Sensitive Groups,38.0,UG/M3,1 Hr,Valid
Jakarta South,PM2.5 - Principal,2018-09-21 02:00 PM,2018,09,21,14,38.2,108,Unhealthy for Sensitive Groups,41.0,UG/M3,1 Hr,Valid
Jakarta South,PM2.5 - Principal,2018-09-21 03:00 PM,2018,09,21,15,40.6,114,Unhealthy for Sensitive Groups,43.0,UG/M3,1 Hr,Valid
Jakarta South,PM2.5 - Principal,2018-09-21 04:00 PM,2018,09,21,16,48.3,133,Unhealthy for Sensitive Groups,56.0,UG/M3,1 Hr,Valid
Jakarta South,PM2.5 - Principal,2018-09-21 05:00 PM,2018,09,21,17,48.1,132,Unhealthy for Sensitive Groups,48.0,UG/M3,1 Hr,Valid
Jakarta South,PM2.5 - Principal,2018-09-21 06:00 PM,2018,09,21,18,44.5,123,Unhealthy for Sensitive Groups,41.0,UG/M3,1 Hr,Valid
Jakarta South,PM2.5 - Principal,2018-09-21 07:00 PM,2018,09,21,19,44.7,124,Unhealthy for Sensitive Groups,45.0,UG/M3,1 Hr,Valid
Jakarta South,PM2.5 - Principal,2018-09-21 08:00 PM,2018,09,21,20,42.3,118,Unhealthy for Sensitive Groups,40.0,UG/M3,1 Hr,Valid
Jakarta South,PM2.5 - Principal,2018-09-21 09:00 PM,2018,09,21,21,35.6,101,Unhealthy for Sensitive Groups,29.0,UG/M3,1 Hr,Valid
Jakarta South,PM2.5 - Principal,2018-09-21 10:00 PM,2018,09,21,22,35.3,100,Moderate,35.0,UG/M3,1 Hr,Valid
Jakarta South,PM2.5 - Principal,2018-09-21 11:00 PM,2018,09,21,23,26.1,80,Moderate,17.0,UG/M3,1 Hr,Valid
Jakarta South,PM2.5 - Principal,2018-09-22 12:00 AM,2018,09,22,00,12.5,52,Moderate,-1.0,UG/M3,1 Hr,Valid
Jakarta South,PM2.5 - Principal,2018-09-22 01:00 AM,2018,09,22,01,5.7,24,Good,-1.0,UG/M3,1 Hr,Valid
Jakarta South,PM2.5 - Principal,2018-09-22 02:00 AM,2018,09,22,02,4.8,20,Good,4.0,UG/M3,1 Hr,Valid
Jakarta South,PM2.5 - Principal,2018-09-22 03:00 AM,2018,09,22,03,4.9,20,Good,5.0,UG/M3,1 Hr,Valid
Jakarta South,PM2.5 - Principal,2018-09-22 04:00 AM,2018,09,22,04,15.4,58,Moderate,26.0,UG/M3,1 Hr,Valid
Jakarta South,PM2.5 - Principal,2018-09-22 05:00 AM,2018,09,22,05,18.2,64,Moderate,21.0,UG/M3,1 Hr,Valid
Jakarta South,PM2.5 - Principal,2018-09-22 06:00 AM,2018,09,22,06,18.1,64,Moderate,18.0,UG/M3,1 Hr,Valid
Jakarta South,PM2.5 - Principal,2018-09-22 07:00 AM,2018,09,22,07,17.5,62,Moderate,17.0,UG/M3,1 Hr,Valid
Jakarta South,PM2.5 - Principal,2018-09-22 08:00 AM,2018,09,22,08,18.7,65,Moderate,20.0,UG/M3,1 Hr,Valid
Jakarta South,PM2.5 - Principal,2018-09-22 09:00 AM,2018,09,22,09,18.3,64,Moderate,18.0,UG/M3,1 Hr,Valid
Jakarta South,PM2.5 - Principal,2018-09-22 10:00 AM,2018,09,22,10,23.6,75,Moderate,29.0,UG/M3,1 Hr,Valid
Jakarta South,PM2.5 - Principal,2018-09-22 11:00 AM,2018,09,22,11,35.3,100,Moderate,47.0,UG/M3,1 Hr,Valid
Jakarta South,PM2.5 - Principal,2018-09-22 12:00 PM,2018,09,22,12,38.1,107,Unhealthy for Sensitive Groups,41.0,UG/M3,1 Hr,Valid
Jakarta South,PM2.5 - Principal,2018-09-22 01:00 PM,2018,09,22,13,44.5,123,Unhealthy for Sensitive Groups,51.0,UG/M3,1 Hr,Valid
Jakarta South,PM2.5 - Principal,2018-09-22 02:00 PM,2018,09,22,14,35.8,102,Unhealthy for Sensitive Groups,27.0,UG/M3,1 Hr,Valid
Jakarta South,PM2.5 - Principal,2018-09-22 03:00 PM,2018,09,22,15,29.4,87,Moderate,23.0,UG/M3,1 Hr,Valid
Jakarta South,PM2.5 - Principal,2018-09-22 04:00 PM,2018,09,22,16,24.2,76,Moderate,19.0,UG/M3,1 Hr,Valid
Jakarta South,PM2.5 - Principal,2018-09-22 05:00 PM,2018,09,22,17,21.6,71,Moderate,19.0,UG/M3,1 Hr,Valid
Jakarta South,PM2.5 - Principal,2018-09-22 06:00 PM,2018,09,22,18,22.3,72,Moderate,23.0,UG/M3,1 Hr,Valid
Jakarta South,PM2.5 - Principal,2018-09-22 07:00 PM,2018,09,22,19,25.1,78,Moderate,28.0,UG/M3,1 Hr,Valid
Jakarta South,PM2.5 - Principal,2018-09-22 08:00 PM,2018,09,22,20,27.0,82,Moderate,29.0,UG/M3,1 Hr,Valid
Jakarta South,PM2.5 - Principal,2018-09-22 09:00 PM,2018,09,22,21,33.0,95,Moderate,39.0,UG/M3,1 Hr,Valid
Jakarta South,PM2.5 - Principal,2018-09-22 10:00 PM,2018,09,22,22,34.0,97,Moderate,35.0,UG/M3,1 Hr,Valid
Jakarta South,PM2.5 - Principal,2018-09-22 11:00 PM,2018,09,22,23,61.5,154,Unhealthy,89.0,UG/M3,1 Hr,Valid
Jakarta South,PM2.5 - Principal,2018-09-23 12:00 AM,2018,09,23,00,73.7,160,Unhealthy,86.0,UG/M3,1 Hr,Valid
Jakarta South,PM2.5 - Principal,2018-09-23 01:00 AM,2018,09,23,01,79.8,164,Unhealthy,86.0,UG/M3,1 Hr,Valid
Jakarta South,PM2.5 - Principal,2018-09-23 02:00 AM,2018,09,23,02,84.9,166,Unhealthy,90.0,UG/M3,1 Hr,Valid
Jakarta South,PM2.5 - Principal,2018-09-23 03:00 AM,2018,09,23,03,99.9,174,Unhealthy,115.0,UG/M3,1 Hr,Valid
Jakarta South,PM2.5 - Principal,2018-09-23 04:00 AM,2018,09,23,04,107.5,178,Unhealthy,115.0,UG/M3,1 Hr,Valid
Jakarta South,PM2.5 - Principal,2018-09-23 05:00 AM,2018,09,23,05,110.7,180,Unhealthy,114.0,UG/M3,1 Hr,Valid
Jakarta South,PM2.5 - Principal,2018-09-23 06:00 AM,2018,09,23,06,111.8,180,Unhealthy,113.0,UG/M3,1 Hr,Valid
Jakarta South,PM2.5 - Principal,2018-09-23 07:00 AM,2018,09,23,07,103.9,176,Unhealthy,96.0,UG/M3,1 Hr,Valid
Jakarta South,PM2.5 - Principal,2018-09-23 08:00 AM,2018,09,23,08,98.4,173,Unhealthy,93.0,UG/M3,1 Hr,Valid
Jakarta South,PM2.5 - Principal,2018-09-23 09:00 AM,2018,09,23,09,84.2,166,Unhealthy,70.0,UG/M3,1 Hr,Valid
Jakarta South,PM2.5 - Principal,2018-09-23 10:00 AM,2018,09,23,10,81.9,165,Unhealthy,72.0,UG/M3,1 Hr,Valid
Jakarta South,PM2.5 - Principal,2018-09-23 11:00 AM,2018,09,23,11,78.0,163,Unhealthy,72.0,UG/M3,1 Hr,Valid
Jakarta South,PM2.5 - Principal,2018-09-23 12:00 PM,2018,09,23,12,71.5,159,Unhealthy,65.0,UG/M3,1 Hr,Valid
Jakarta South,PM2.5 - Principal,2018-09-23 01:00 PM,2018,09,23,13,66.1,156,Unhealthy,61.0,UG/M3,1 Hr,Valid
Jakarta South,PM2.5 - Principal,2018-09-23 02:00 PM,2018,09,23,14,52.7,143,Unhealthy for Sensitive Groups,40.0,UG/M3,1 Hr,Valid
Jakarta South,PM2.5 - Principal,2018-09-23 03:00 PM,2018,09,23,15,45.8,126,Unhealthy for Sensitive Groups,39.0,UG/M3,1 Hr,Valid
Jakarta South,PM2.5 - Principal,2018-09-23 04:00 PM,2018,09,23,16,40.4,113,Unhealthy for Sensitive Groups,35.0,UG/M3,1 Hr,Valid
Jakarta South,PM2.5 - Principal,2018-09-23 05:00 PM,2018,09,23,17,40.7,114,Unhealthy for Sensitive Groups,41.0,UG/M3,1 Hr,Valid
Jakarta South,PM2.5 - Principal,2018-09-23 06:00 PM,2018,09,23,18,39.3,110,Unhealthy for Sensitive Groups,38.0,UG/M3,1 Hr,Valid
Jakarta South,PM2.5 - Principal,2018-09-23 07:00 PM,2018,09,23,19,40.1,112,Unhealthy for Sensitive Groups,41.0,UG/M3,1 Hr,Valid
Jakarta South,PM2.5 - Principal,2018-09-23 08:00 PM,2018,09,23,20,37.0,105,Unhealthy for Sensitive Groups,34.0,UG/M3,1 Hr,Valid
Jakarta South,PM2.5 - Principal,2018-09-23 09:00 PM,2018,09,23,21,30.0,89,Moderate,23.0,UG/M3,1 Hr,Valid
Jakarta South,PM2.5 - Principal,2018-09-23 10:00 PM,2018,09,23,22,30.0,89,Moderate,30.0,UG/M3,1 Hr,Valid
Jakarta South,PM2.5 - Principal,2018-09-23 11:00 PM,2018,09,23,23,36.0,102,Unhealthy for Sensitive Groups,42.0,UG/M3,1 Hr,Valid
Jakarta South,PM2.5 - Principal,2018-09-24 12:00 AM,2018,09,24,00,41.4,116,Unhealthy for Sensitive Groups,47.0,UG/M3,1 Hr,Valid
Jakarta South,PM2.5 - Principal,2018-09-24 01:00 AM,2018,09,24,01,47.7,131,Unhealthy for Sensitive Groups,54.0,UG/M3,1 Hr,Valid
Jakarta South,PM2.5 - Principal,2018-09-24 02:00 AM,2018,09,24,02,62.8,155,Unhealthy,78.0,UG/M3,1 Hr,Valid
Jakarta South,PM2.5 - Principal,2018-09-24 03:00 AM,2018,09,24,03,76.4,162,Unhealthy,90.0,UG/M3,1 Hr,Valid
Jakarta South,PM2.5 - Principal,2018-09-24 04:00 AM,2018,09,24,04,77.7,162,Unhealthy,79.0,UG/M3,1 Hr,Valid
Jakarta South,PM2.5 - Principal,2018-09-24 05:00 AM,2018,09,24,05,68.3,158,Unhealthy,59.0,UG/M3,1 Hr,Valid
Jakarta South,PM2.5 - Principal,2018-09-24 06:00 AM,2018,09,24,06,66.6,157,Unhealthy,65.0,UG/M3,1 Hr,Valid
Jakarta South,PM2.5 - Principal,2018-09-24 07:00 AM,2018,09,24,07,64.3,156,Unhealthy,62.0,UG/M3,1 Hr,Valid
Jakarta South,PM2.5 - Principal,2018-09-24 08:00 AM,2018,09,24,08,66.6,157,Unhealthy,69.0,UG/M3,1 Hr,Valid
Jakarta South,PM2.5 - Principal,2018-09-24 09:00 AM,2018,09,24,09,65.8,156,Unhealthy,65.0,UG/M3,1 Hr,Valid
Jakarta South,PM2.5 - Principal,2018-09-24 10:00 AM,2018,09,24,10,63.4,155,Unhealthy,61.0,UG/M3,1 Hr,Valid
Jakarta South,PM2.5 - Principal,2018-09-24 11:00 AM,2018,09,24,11,57.0,152,Unhealthy,50.0,UG/M3,1 Hr,Valid
Jakarta South,PM2.5 - Principal,2018-09-24 12:00 PM,2018,09,24,12,56.0,151,Unhealthy,54.0,UG/M3,1 Hr,Valid
Jakarta South,PM2.5 - Principal,2018-09-24 01:00 PM,2018,09,24,13,53.7,146,Unhealthy for Sensitive Groups,51.0,UG/M3,1 Hr,Valid
Jakarta South,PM2.5 - Principal,2018-09-24 02:00 PM,2018,09,24,14,55.2,150,Unhealthy for Sensitive Groups,57.0,UG/M3,1 Hr,Valid
Jakarta South,PM2.5 - Principal,2018-09-24 03:00 PM,2018,09,24,15,48.3,133,Unhealthy for Sensitive Groups,41.0,UG/M3,1 Hr,Valid
Jakarta South,PM2.5 - Principal,2018-09-24 04:00 PM,2018,09,24,16,44.6,123,Unhealthy for Sensitive Groups,39.0,UG/M3,1 Hr,Valid
Jakarta South,PM2.5 - Principal,2018-09-24 05:00 PM,2018,09,24,17,40.8,114,Unhealthy for Sensitive Groups,37.0,UG/M3,1 Hr,Valid
Jakarta South,PM2.5 - Principal,2018-09-24 06:00 PM,2018,09,24,18,38.3,108,Unhealthy for Sensitive Groups,36.0,UG/M3,1 Hr,Valid
Jakarta South,PM2.5 - Principal,2018-09-24 07:00 PM,2018,09,24,19,38.1,107,Unhealthy for Sensitive Groups,38.0,UG/M3,1 Hr,Valid
Jakarta South,PM2.5 - Principal,2018-09-24 08:00 PM,2018,09,24,20,38.6,109,Unhealthy for Sensitive Groups,39.0,UG/M3,1 Hr,Valid
Jakarta South,PM2.5 - Principal,2018-09-24 09:00 PM,2018,09,24,21,42.1,117,Unhealthy for Sensitive Groups,47.0,UG/M3,1 Hr,Valid
Jakarta South,PM2.5 - Principal,2018-09-24 10:00 PM,2018,09,24,22,43.4,120,Unhealthy for Sensitive Groups,46.0,UG/M3,1 Hr,Valid
Jakarta South,PM2.5 - Principal,2018-09-24 11:00 PM,2018,09,24,23,44.3,123,Unhealthy for Sensitive Groups,46.0,UG/M3,1 Hr,Valid
Jakarta South,PM2.5 - Principal,2018-09-25 12:00 AM,2018,09,25,00,78.6,163,Unhealthy,112.0,UG/M3,1 Hr,Valid
Jakarta South,PM2.5 - Principal,2018-09-25 01:00 AM,2018,09,25,01,93.8,171,Unhealthy,109.0,UG/M3,1 Hr,Valid
Jakarta South,PM2.5 - Principal,2018-09-25 02:00 AM,2018,09,25,02,103.4,176,Unhealthy,113.0,UG/M3,1 Hr,Valid
Jakarta South,PM2.5 - Principal,2018-09-25 03:00 AM,2018,09,25,03,96.2,172,Unhealthy,89.0,UG/M3,1 Hr,Valid
Jakarta South,PM2.5 - Principal,2018-09-25 04:00 AM,2018,09,25,04,79.1,163,Unhealthy,62.0,UG/M3,1 Hr,Valid
Jakarta South,PM2.5 - Principal,2018-09-25 05:00 AM,2018,09,25,05,67.5,157,Unhealthy,56.0,UG/M3,1 Hr,Valid
Jakarta South,PM2.5 - Principal,2018-09-25 06:00 AM,2018,09,25,06,57.7,152,Unhealthy,48.0,UG/M3,1 Hr,Valid
Jakarta South,PM2.5 - Principal,2018-09-25 07:00 AM,2018,09,25,07,57.8,152,Unhealthy,58.0,UG/M3,1 Hr,Valid
Jakarta South,PM2.5 - Principal,2018-09-25 08:00 AM,2018,09,25,08,65.9,156,Unhealthy,74.0,UG/M3,1 Hr,Valid
Jakarta South,PM2.5 - Principal,2018-09-25 09:00 AM,2018,09,25,09,60.4,154,Unhealthy,55.0,UG/M3,1 Hr,Valid
Jakarta South,PM2.5 - Principal,2018-09-25 10:00 AM,2018,09,25,10,57.7,152,Unhealthy,55.0,UG/M3,1 Hr,Valid
Jakarta South,PM2.5 - Principal,2018-09-25 11:00 AM,2018,09,25,11,54.8,149,Unhealthy for Sensitive Groups,52.0,UG/M3,1 Hr,Valid
Jakarta South,PM2.5 - Principal,2018-09-25 12:00 PM,2018,09,25,12,61.9,154,Unhealthy,69.0,UG/M3,1 Hr,Valid
Jakarta South,PM2.5 - Principal,2018-09-25 01:00 PM,2018,09,25,13,57.4,152,Unhealthy,53.0,UG/M3,1 Hr,Valid
Jakarta South,PM2.5 - Principal,2018-09-25 02:00 PM,2018,09,25,14,51.3,140,Unhealthy for Sensitive Groups,45.0,UG/M3,1 Hr,Valid
Jakarta South,PM2.5 - Principal,2018-09-25 03:00 PM,2018,09,25,15,47.7,131,Unhealthy for Sensitive Groups,42.0,UG/M3,1 Hr,Valid
Jakarta South,PM2.5 - Principal,2018-09-25 04:00 PM,2018,09,25,16,47.4,130,Unhealthy for Sensitive Groups,47.0,UG/M3,1 Hr,Valid
Jakarta South,PM2.5 - Principal,2018-09-25 05:00 PM,2018,09,25,17,45.0,124,Unhealthy for Sensitive Groups,42.0,UG/M3,1 Hr,Valid
Jakarta South,PM2.5 - Principal,2018-09-25 06:00 PM,2018,09,25,18,46.3,128,Unhealthy for Sensitive Groups,48.0,UG/M3,1 Hr,Valid
Jakarta South,PM2.5 - Principal,2018-09-25 07:00 PM,2018,09,25,19,46.6,128,Unhealthy for Sensitive Groups,47.0,UG/M3,1 Hr,Valid
Jakarta South,PM2.5 - Principal,2018-09-25 08:00 PM,2018,09,25,20,50.3,137,Unhealthy for Sensitive Groups,56.0,UG/M3,1 Hr,Valid
Jakarta South,PM2.5 - Principal,2018-09-25 09:00 PM,2018,09,25,21,52.9,144,Unhealthy for Sensitive Groups,57.0,UG/M3,1 Hr,Valid
Jakarta South,PM2.5 - Principal,2018-09-25 10:00 PM,2018,09,25,22,76.5,162,Unhealthy,99.0,UG/M3,1 Hr,Valid
Jakarta South,PM2.5 - Principal,2018-09-25 11:00 PM,2018,09,25,23,89.2,168,Unhealthy,102.0,UG/M3,1 Hr,Valid
Jakarta South,PM2.5 - Principal,2018-09-26 12:00 AM,2018,09,26,00,95.1,171,Unhealthy,101.0,UG/M3,1 Hr,Valid
Jakarta South,PM2.5 - Principal,2018-09-26 01:00 AM,2018,09,26,01,101.0,174,Unhealthy,107.0,UG/M3,1 Hr,Valid
Jakarta South,PM2.5 - Principal,2018-09-26 02:00 AM,2018,09,26,02,108.5,178,Unhealthy,116.0,UG/M3,1 Hr,Valid
Jakarta South,PM2.5 - Principal,2018-09-26 03:00 AM,2018,09,26,03,103.7,176,Unhealthy,99.0,UG/M3,1 Hr,Valid
Jakarta South,PM2.5 - Principal,2018-09-26 04:00 AM,2018,09,26,04,84.3,166,Unhealthy,65.0,UG/M3,1 Hr,Valid
Jakarta South,PM2.5 - Principal,2018-09-26 05:00 AM,2018,09,26,05,68.6,158,Unhealthy,53.0,UG/M3,1 Hr,Valid
Jakarta South,PM2.5 - Principal,2018-09-26 06:00 AM,2018,09,26,06,66.3,157,Unhealthy,64.0,UG/M3,1 Hr,Valid
Jakarta South,PM2.5 - Principal,2018-09-26 07:00 AM,2018,09,26,07,78.6,163,Unhealthy,91.0,UG/M3,1 Hr,Valid
Jakarta South,PM2.5 - Principal,2018-09-26 08:00 AM,2018,09,26,08,89.3,168,Unhealthy,100.0,UG/M3,1 Hr,Valid
Jakarta South,PM2.5 - Principal,2018-09-26 09:00 AM,2018,09,26,09,96.6,172,Unhealthy,104.0,UG/M3,1 Hr,Valid
Jakarta South,PM2.5 - Principal,2018-09-26 10:00 AM,2018,09,26,10,82.3,165,Unhealthy,68.0,UG/M3,1 Hr,Valid
Jakarta South,PM2.5 - Principal,2018-09-26 11:00 AM,2018,09,26,11,74.6,161,Unhealthy,67.0,UG/M3,1 Hr,Valid
Jakarta South,PM2.5 - Principal,2018-09-26 12:00 PM,2018,09,26,12,73.8,160,Unhealthy,73.0,UG/M3,1 Hr,Valid
Jakarta South,PM2.5 - Principal,2018-09-26 01:00 PM,2018,09,26,13,66.4,157,Unhealthy,59.0,UG/M3,1 Hr,Valid
Jakarta South,PM2.5 - Principal,2018-09-26 02:00 PM,2018,09,26,14,57.1,152,Unhealthy,48.0,UG/M3,1 Hr,Valid
Jakarta South,PM2.5 - Principal,2018-09-26 03:00 PM,2018,09,26,15,45.5,126,Unhealthy for Sensitive Groups,34.0,UG/M3,1 Hr,Valid
Jakarta South,PM2.5 - Principal,2018-09-26 04:00 PM,2018,09,26,16,39.2,110,Unhealthy for Sensitive Groups,33.0,UG/M3,1 Hr,Valid
Jakarta South,PM2.5 - Principal,2018-09-26 05:00 PM,2018,09,26,17,37.1,105,Unhealthy for Sensitive Groups,35.0,UG/M3,1 Hr,Valid
Jakarta South,PM2.5 - Principal,2018-09-26 06:00 PM,2018,09,26,18,38.0,107,Unhealthy for Sensitive Groups,39.0,UG/M3,1 Hr,Valid
Jakarta South,PM2.5 - Principal,2018-09-26 07:00 PM,2018,09,26,19,39.5,111,Unhealthy for Sensitive Groups,41.0,UG/M3,1 Hr,Valid
Jakarta South,PM2.5 - Principal,2018-09-26 08:00 PM,2018,09,26,20,45.7,126,Unhealthy for Sensitive Groups,52.0,UG/M3,1 Hr,Valid
Jakarta South,PM2.5 - Principal,2018-09-26 09:00 PM,2018,09,26,21,45.3,125,Unhealthy for Sensitive Groups,45.0,UG/M3,1 Hr,Valid
Jakarta South,PM2.5 - Principal,2018-09-26 10:00 PM,2018,09,26,22,47.1,130,Unhealthy for Sensitive Groups,49.0,UG/M3,1 Hr,Valid
Jakarta South,PM2.5 - Principal,2018-09-26 11:00 PM,2018,09,26,23,53.5,145,Unhealthy for Sensitive Groups,60.0,UG/M3,1 Hr,Valid
Jakarta South,PM2.5 - Principal,2018-09-27 12:00 AM,2018,09,27,00,63.2,155,Unhealthy,73.0,UG/M3,1 Hr,Valid
Jakarta South,PM2.5 - Principal,2018-09-27 01:00 AM,2018,09,27,01,57.1,152,Unhealthy,51.0,UG/M3,1 Hr,Valid
Jakarta South,PM2.5 - Principal,2018-09-27 02:00 AM,2018,09,27,02,56.5,152,Unhealthy,56.0,UG/M3,1 Hr,Valid
Jakarta South,PM2.5 - Principal,2018-09-27 03:00 AM,2018,09,27,03,60.2,153,Unhealthy,64.0,UG/M3,1 Hr,Valid
Jakarta South,PM2.5 - Principal,2018-09-27 04:00 AM,2018,09,27,04,70.1,159,Unhealthy,80.0,UG/M3,1 Hr,Valid
Jakarta South,PM2.5 - Principal,2018-09-27 05:00 AM,2018,09,27,05,79.0,163,Unhealthy,88.0,UG/M3,1 Hr,Valid
Jakarta South,PM2.5 - Principal,2018-09-27 06:00 AM,2018,09,27,06,75.0,161,Unhealthy,71.0,UG/M3,1 Hr,Valid
Jakarta South,PM2.5 - Principal,2018-09-27 07:00 AM,2018,09,27,07,74.4,161,Unhealthy,74.0,UG/M3,1 Hr,Valid
Jakarta South,PM2.5 - Principal,2018-09-27 08:00 AM,2018,09,27,08,77.6,162,Unhealthy,81.0,UG/M3,1 Hr,Valid
Jakarta South,PM2.5 - Principal,2018-09-27 09:00 AM,2018,09,27,09,85.4,166,Unhealthy,94.0,UG/M3,1 Hr,Valid
Jakarta South,PM2.5 - Principal,2018-09-27 10:00 AM,2018,09,27,10,82.2,165,Unhealthy,79.0,UG/M3,1 Hr,Valid
Jakarta South,PM2.5 - Principal,2018-09-27 11:00 AM,2018,09,27,11,79.8,164,Unhealthy,77.0,UG/M3,1 Hr,Valid
Jakarta South,PM2.5 - Principal,2018-09-27 12:00 PM,2018,09,27,12,80.3,164,Unhealthy,81.0,UG/M3,1 Hr,Valid
Jakarta South,PM2.5 - Principal,2018-09-27 01:00 PM,2018,09,27,13,63.6,155,Unhealthy,47.0,UG/M3,1 Hr,Valid
Jakarta South,PM2.5 - Principal,2018-09-27 02:00 PM,2018,09,27,14,58.3,152,Unhealthy,53.0,UG/M3,1 Hr,Valid
Jakarta South,PM2.5 - Principal,2018-09-27 03:00 PM,2018,09,27,15,47.6,131,Unhealthy for Sensitive Groups,37.0,UG/M3,1 Hr,Valid
Jakarta South,PM2.5 - Principal,2018-09-27 04:00 PM,2018,09,27,16,42.8,119,Unhealthy for Sensitive Groups,38.0,UG/M3,1 Hr,Valid
Jakarta South,PM2.5 - Principal,2018-09-27 05:00 PM,2018,09,27,17,36.9,104,Unhealthy for Sensitive Groups,31.0,UG/M3,1 Hr,Valid
Jakarta South,PM2.5 - Principal,2018-09-27 06:00 PM,2018,09,27,18,38.4,108,Unhealthy for Sensitive Groups,40.0,UG/M3,1 Hr,Valid
Jakarta South,PM2.5 - Principal,2018-09-27 07:00 PM,2018,09,27,19,47.2,130,Unhealthy for Sensitive Groups,56.0,UG/M3,1 Hr,Valid
Jakarta South,PM2.5 - Principal,2018-09-27 08:00 PM,2018,09,27,20,43.1,120,Unhealthy for Sensitive Groups,39.0,UG/M3,1 Hr,Valid
Jakarta South,PM2.5 - Principal,2018-09-27 09:00 PM,2018,09,27,21,49.0,134,Unhealthy for Sensitive Groups,55.0,UG/M3,1 Hr,Valid
Jakarta South,PM2.5 - Principal,2018-09-27 10:00 PM,2018,09,27,22,53.0,144,Unhealthy for Sensitive Groups,57.0,UG/M3,1 Hr,Valid
Jakarta South,PM2.5 - Principal,2018-09-27 11:00 PM,2018,09,27,23,53.5,145,Unhealthy for Sensitive Groups,54.0,UG/M3,1 Hr,Valid
Jakarta South,PM2.5 - Principal,2018-09-28 12:00 AM,2018,09,28,00,54.8,149,Unhealthy for Sensitive Groups,57.0,UG/M3,1 Hr,Valid
Jakarta South,PM2.5 - Principal,2018-09-28 01:00 AM,2018,09,28,01,54.4,148,Unhealthy for Sensitive Groups,54.0,UG/M3,1 Hr,Valid
Jakarta South,PM2.5 - Principal,2018-09-28 02:00 AM,2018,09,28,02,51.9,141,Unhealthy for Sensitive Groups,49.0,UG/M3,1 Hr,Valid
Jakarta South,PM2.5 - Principal,2018-09-28 03:00 AM,2018,09,28,03,48.7,134,Unhealthy for Sensitive Groups,45.0,UG/M3,1 Hr,Valid
Jakarta South,PM2.5 - Principal,2018-09-28 04:00 AM,2018,09,28,04,53.5,145,Unhealthy for Sensitive Groups,59.0,UG/M3,1 Hr,Valid
Jakarta South,PM2.5 - Principal,2018-09-28 05:00 AM,2018,09,28,05,54.3,147,Unhealthy for Sensitive Groups,57.0,UG/M3,1 Hr,Valid
Jakarta South,PM2.5 - Principal,2018-09-28 06:00 AM,2018,09,28,06,50.8,139,Unhealthy for Sensitive Groups,44.0,UG/M3,1 Hr,Valid
Jakarta South,PM2.5 - Principal,2018-09-28 07:00 AM,2018,09,28,07,54.4,148,Unhealthy for Sensitive Groups,61.0,UG/M3,1 Hr,Valid
Jakarta South,PM2.5 - Principal,2018-09-28 08:00 AM,2018,09,28,08,55.2,150,Unhealthy for Sensitive Groups,58.0,UG/M3,1 Hr,Valid
Jakarta South,PM2.5 - Principal,2018-09-28 09:00 AM,2018,09,28,09,56.5,152,Unhealthy,60.0,UG/M3,1 Hr,Valid
Jakarta South,PM2.5 - Principal,2018-09-28 10:00 AM,2018,09,28,10,55.2,150,Unhealthy for Sensitive Groups,52.0,UG/M3,1 Hr,Valid
Jakarta South,PM2.5 - Principal,2018-09-28 11:00 AM,2018,09,28,11,56.0,151,Unhealthy,58.0,UG/M3,1 Hr,Valid
Jakarta South,PM2.5 - Principal,2018-09-28 12:00 PM,2018,09,28,12,59.9,153,Unhealthy,67.0,UG/M3,1 Hr,Valid
Jakarta South,PM2.5 - Principal,2018-09-28 01:00 PM,2018,09,28,13,60.0,153,Unhealthy,60.0,UG/M3,1 Hr,Valid
Jakarta South,PM2.5 - Principal,2018-09-28 02:00 PM,2018,09,28,14,49.2,135,Unhealthy for Sensitive Groups,36.0,UG/M3,1 Hr,Valid
Jakarta South,PM2.5 - Principal,2018-09-28 03:00 PM,2018,09,28,15,40.7,114,Unhealthy for Sensitive Groups,33.0,UG/M3,1 Hr,Valid
Jakarta South,PM2.5 - Principal,2018-09-28 04:00 PM,2018,09,28,16,36.3,103,Unhealthy for Sensitive Groups,32.0,UG/M3,1 Hr,Valid
Jakarta South,PM2.5 - Principal,2018-09-28 05:00 PM,2018,09,28,17,39.6,111,Unhealthy for Sensitive Groups,43.0,UG/M3,1 Hr,Valid
Jakarta South,PM2.5 - Principal,2018-09-28 06:00 PM,2018,09,28,18,38.8,109,Unhealthy for Sensitive Groups,38.0,UG/M3,1 Hr,Valid
Jakarta South,PM2.5 - Principal,2018-09-28 07:00 PM,2018,09,28,19,43.4,120,Unhealthy for Sensitive Groups,48.0,UG/M3,1 Hr,Valid
Jakarta South,PM2.5 - Principal,2018-09-28 08:00 PM,2018,09,28,20,48.2,132,Unhealthy for Sensitive Groups,53.0,UG/M3,1 Hr,Valid
Jakarta South,PM2.5 - Principal,2018-09-28 09:00 PM,2018,09,28,21,46.6,128,Unhealthy for Sensitive Groups,45.0,UG/M3,1 Hr,Valid
Jakarta South,PM2.5 - Principal,2018-09-28 10:00 PM,2018,09,28,22,42.2,117,Unhealthy for Sensitive Groups,38.0,UG/M3,1 Hr,Valid
Jakarta South,PM2.5 - Principal,2018-09-28 11:00 PM,2018,09,28,23,37.1,105,Unhealthy for Sensitive Groups,32.0,UG/M3,1 Hr,Valid
Jakarta South,PM2.5 - Principal,2018-09-29 12:00 AM,2018,09,29,00,40.5,113,Unhealthy for Sensitive Groups,44.0,UG/M3,1 Hr,Valid
Jakarta South,PM2.5 - Principal,2018-09-29 01:00 AM,2018,09,29,01,56.7,152,Unhealthy,73.0,UG/M3,1 Hr,Valid
Jakarta South,PM2.5 - Principal,2018-09-29 02:00 AM,2018,09,29,02,63.3,155,Unhealthy,70.0,UG/M3,1 Hr,Valid
Jakarta South,PM2.5 - Principal,2018-09-29 03:00 AM,2018,09,29,03,53.2,145,Unhealthy for Sensitive Groups,43.0,UG/M3,1 Hr,Valid
Jakarta South,PM2.5 - Principal,2018-09-29 04:00 AM,2018,09,29,04,46.6,128,Unhealthy for Sensitive Groups,40.0,UG/M3,1 Hr,Valid
Jakarta South,PM2.5 - Principal,2018-09-29 05:00 AM,2018,09,29,05,37.2,105,Unhealthy for Sensitive Groups,28.0,UG/M3,1 Hr,Valid
Jakarta South,PM2.5 - Principal,2018-09-29 06:00 AM,2018,09,29,06,34.6,98,Moderate,32.0,UG/M3,1 Hr,Valid
Jakarta South,PM2.5 - Principal,2018-09-29 07:00 AM,2018,09,29,07,35.8,102,Unhealthy for Sensitive Groups,37.0,UG/M3,1 Hr,Valid
Jakarta South,PM2.5 - Principal,2018-09-29 08:00 AM,2018,09,29,08,37.4,106,Unhealthy for Sensitive Groups,39.0,UG/M3,1 Hr,Valid
Jakarta South,PM2.5 - Principal,2018-09-29 09:00 AM,2018,09,29,09,41.7,116,Unhealthy for Sensitive Groups,46.0,UG/M3,1 Hr,Valid
Jakarta South,PM2.5 - Principal,2018-09-29 10:00 AM,2018,09,29,10,41.3,115,Unhealthy for Sensitive Groups,41.0,UG/M3,1 Hr,Valid
Jakarta South,PM2.5 - Principal,2018-09-29 11:00 AM,2018,09,29,11,46.1,127,Unhealthy for Sensitive Groups,51.0,UG/M3,1 Hr,Valid
Jakarta South,PM2.5 - Principal,2018-09-29 12:00 PM,2018,09,29,12,47.5,131,Unhealthy for Sensitive Groups,49.0,UG/M3,1 Hr,Valid
Jakarta South,PM2.5 - Principal,2018-09-29 01:00 PM,2018,09,29,13,51.2,140,Unhealthy for Sensitive Groups,55.0,UG/M3,1 Hr,Valid
Jakarta South,PM2.5 - Principal,2018-09-29 02:00 PM,2018,09,29,14,49.6,136,Unhealthy for Sensitive Groups,48.0,UG/M3,1 Hr,Valid
Jakarta South,PM2.5 - Principal,2018-09-29 03:00 PM,2018,09,29,15,42.9,119,Unhealthy for Sensitive Groups,36.0,UG/M3,1 Hr,Valid
Jakarta South,PM2.5 - Principal,2018-09-29 04:00 PM,2018,09,29,16,36.5,103,Unhealthy for Sensitive Groups,30.0,UG/M3,1 Hr,Valid
Jakarta South,PM2.5 - Principal,2018-09-29 05:00 PM,2018,09,29,17,33.9,97,Moderate,30.0,UG/M3,1 Hr,Valid
Jakarta South,PM2.5 - Principal,2018-09-29 06:00 PM,2018,09,29,18,38.9,109,Unhealthy for Sensitive Groups,45.0,UG/M3,1 Hr,Valid
Jakarta South,PM2.5 - Principal,2018-09-29 07:00 PM,2018,09,29,19,39.9,112,Unhealthy for Sensitive Groups,41.0,UG/M3,1 Hr,Valid
Jakarta South,PM2.5 - Principal,2018-09-29 08:00 PM,2018,09,29,20,38.1,107,Unhealthy for Sensitive Groups,36.0,UG/M3,1 Hr,Valid
Jakarta South,PM2.5 - Principal,2018-09-29 09:00 PM,2018,09,29,21,42.6,118,Unhealthy for Sensitive Groups,48.0,UG/M3,1 Hr,Valid
Jakarta South,PM2.5 - Principal,2018-09-29 10:00 PM,2018,09,29,22,45.5,126,Unhealthy for Sensitive Groups,49.0,UG/M3,1 Hr,Valid
Jakarta South,PM2.5 - Principal,2018-09-29 11:00 PM,2018,09,29,23,61.0,154,Unhealthy,76.0,UG/M3,1 Hr,Valid
Jakarta South,PM2.5 - Principal,2018-09-30 12:00 AM,2018,09,30,00,60.0,153,Unhealthy,59.0,UG/M3,1 Hr,Valid
Jakarta South,PM2.5 - Principal,2018-09-30 01:00 AM,2018,09,30,01,60.5,154,Unhealthy,61.0,UG/M3,1 Hr,Valid
Jakarta South,PM2.5 - Principal,2018-09-30 02:00 AM,2018,09,30,02,68.7,158,Unhealthy,77.0,UG/M3,1 Hr,Valid
Jakarta South,PM2.5 - Principal,2018-09-30 03:00 AM,2018,09,30,03,60.3,153,Unhealthy,52.0,UG/M3,1 Hr,Valid
Jakarta South,PM2.5 - Principal,2018-09-30 04:00 AM,2018,09,30,04,52.1,142,Unhealthy for Sensitive Groups,44.0,UG/M3,1 Hr,Valid
Jakarta South,PM2.5 - Principal,2018-09-30 05:00 AM,2018,09,30,05,48.0,132,Unhealthy for Sensitive Groups,44.0,UG/M3,1 Hr,Valid
Jakarta South,PM2.5 - Principal,2018-09-30 06:00 AM,2018,09,30,06,45.5,126,Unhealthy for Sensitive Groups,43.0,UG/M3,1 Hr,Valid
Jakarta South,PM2.5 - Principal,2018-09-30 07:00 AM,2018,09,30,07,55.2,150,Unhealthy for Sensitive Groups,65.0,UG/M3,1 Hr,Valid
Jakarta South,PM2.5 - Principal,2018-09-30 08:00 AM,2018,09,30,08,54.3,147,Unhealthy for Sensitive Groups,54.0,UG/M3,1 Hr,Valid
Jakarta South,PM2.5 - Principal,2018-09-30 09:00 AM,2018,09,30,09,52.8,144,Unhealthy for Sensitive Groups,51.0,UG/M3,1 Hr,Valid
Jakarta South,PM2.5 - Principal,2018-09-30 10:00 AM,2018,09,30,10,53.3,145,Unhealthy for Sensitive Groups,54.0,UG/M3,1 Hr,Valid
Jakarta South,PM2.5 - Principal,2018-09-30 11:00 AM,2018,09,30,11,58.5,153,Unhealthy,65.0,UG/M3,1 Hr,Valid
Jakarta South,PM2.5 - Principal,2018-09-30 12:00 PM,2018,09,30,12,62.2,154,Unhealthy,67.0,UG/M3,1 Hr,Valid
Jakarta South,PM2.5 - Principal,2018-09-30 01:00 PM,2018,09,30,13,53.7,146,Unhealthy for Sensitive Groups,43.0,UG/M3,1 Hr,Valid
Jakarta South,PM2.5 - Principal,2018-09-30 02:00 PM,2018,09,30,14,51.3,140,Unhealthy for Sensitive Groups,46.0,UG/M3,1 Hr,Valid
Jakarta South,PM2.5 - Principal,2018-09-30 03:00 PM,2018,09,30,15,41.9,117,Unhealthy for Sensitive Groups,34.0,UG/M3,1 Hr,Valid
Jakarta South,PM2.5 - Principal,2018-09-30 04:00 PM,2018,09,30,16,44.4,123,Unhealthy for Sensitive Groups,47.0,UG/M3,1 Hr,Valid
Jakarta South,PM2.5 - Principal,2018-09-30 05:00 PM,2018,09,30,17,42.2,117,Unhealthy for Sensitive Groups,40.0,UG/M3,1 Hr,Valid
Jakarta South,PM2.5 - Principal,2018-09-30 06:00 PM,2018,09,30,18,36.5,103,Unhealthy for Sensitive Groups,31.0,UG/M3,1 Hr,Valid
Jakarta South,PM2.5 - Principal,2018-09-30 07:00 PM,2018,09,30,19,32.2,93,Moderate,28.0,UG/M3,1 Hr,Valid
Jakarta South,PM2.5 - Principal,2018-09-30 08:00 PM,2018,09,30,20,29.6,88,Moderate,27.0,UG/M3,1 Hr,Valid
Jakarta South,PM2.5 - Principal,2018-09-30 09:00 PM,2018,09,30,21,31.8,92,Moderate,34.0,UG/M3,1 Hr,Valid
Jakarta South,PM2.5 - Principal,2018-09-30 10:00 PM,2018,09,30,22,29.4,87,Moderate,27.0,UG/M3,1 Hr,Valid
Jakarta South,PM2.5 - Principal,2018-09-30 11:00 PM,2018,09,30,23,32.1,93,Moderate,35.0,UG/M3,1 Hr,Valid
Jakarta South,PM2.5 - Principal,2018-10-01 12:00 AM,2018,10,01,00,36.2,103,Unhealthy for Sensitive Groups,42.0,UG/M3,1 Hr,Valid
