Site,Parameter,Date (LT),Year,Month,Day,Hour,NowCast Conc.,AQI,AQI Category,Raw Conc.,Conc. Unit,Duration,QC Name
Rangoon,PM2.5 - Principal,2025-01-01 02:00 AM,2025,01,01,02,32.3,94,Moderate,34.0,UG/M3,1 Hr,Valid
Rangoon,PM2.5 - Principal,2025-01-01 03:00 AM,2025,01,01,03,32.7,95,Moderate,33.0,UG/M3,1 Hr,Valid
Rangoon,PM2.5 - Principal,2025-01-01 04:00 AM,2025,01,01,04,32.0,94,Moderate,30.0,UG/M3,1 Hr,Valid
Rangoon,PM2.5 - Principal,2025-01-01 05:00 AM,2025,01,01,05,32.8,95,Moderate,35.0,UG/M3,1 Hr,Valid
Rangoon,PM2.5 - Principal,2025-01-01 06:00 AM,2025,01,01,06,35.2,100,Moderate,41.0,UG/M3,1 Hr,Valid
Rangoon,PM2.5 - Principal,2025-01-01 07:00 AM,2025,01,01,07,37.4,106,Unhealthy for Sensitive Groups,42.0,UG/M3,1 Hr,Valid
Rangoon,PM2.5 - Principal,2025-01-01 08:00 AM,2025,01,01,08,39.4,111,Unhealthy for Sensitive Groups,43.0,UG/M3,1 Hr,Valid
Rangoon,PM2.5 - Principal,2025-01-01 09:00 AM,2025,01,01,09,49.6,136,Unhealthy for Sensitive Groups,58.0,UG/M3,1 Hr,Valid
Rangoon,PM2.5 - Principal,2025-01-01 10:00 AM,2025,01,01,10,51.3,140,Unhealthy for Sensitive Groups,53.0,UG/M3,1 Hr,Valid
Rangoon,PM2.5 - Principal,2025-01-01 11:00 AM,2025,01,01,11,39.6,111,Unhealthy for Sensitive Groups,28.0,UG/M3,1 Hr,Valid
Rangoon,PM2.5 - Principal,2025-01-01 12:00 PM,2025,01,01,12,36.8,104,Unhealthy for Sensitive Groups,34.0,UG/M3,1 Hr,Valid
Rangoon,PM2.5 - Principal,2025-01-01 01:00 PM,2025,01,01,13,31.4,93,Moderate,26.0,UG/M3,1 Hr,Valid
Rangoon,PM2.5 - Principal,2025-01-01 02:00 PM,2025,01,01,14,29.2,88,Moderate,27.0,UG/M3,1 Hr,Valid
Rangoon,PM2.5 - Principal,2025-01-01 03:00 PM,2025,01,01,15,28.1,86,Moderate,27.0,UG/M3,1 Hr,Valid
Rangoon,PM2.5 - Principal,2025-01-01 04:00 PM,2025,01,01,16,25.5,82,Moderate,23.0,UG/M3,1 Hr,Valid
Rangoon,PM2.5 - Principal,2025-01-01 05:00 PM,2025,01,01,17,27.2,85,Moderate,29.0,UG/M3,1 Hr,Valid
Rangoon,PM2.5 - Principal,2025-01-01 06:00 PM,2025,01,01,18,32.6,95,Moderate,38.0,UG/M3,1 Hr,Valid
Rangoon,PM2.5 - Principal,2025-01-01 07:00 PM,2025,01,01,19,34.8,99,Moderate,37.0,UG/M3,1 Hr,Valid
Rangoon,PM2.5 - Principal,2025-01-01 08:00 PM,2025,01,01,20,41.4,116,Unhealthy for Sensitive Groups,48.0,UG/M3,1 Hr,Valid
Rangoon,PM2.5 - Principal,2025-01-01 09:00 PM,2025,01,01,21,39.2,110,Unhealthy for Sensitive Groups,37.0,UG/M3,1 Hr,Valid
Rangoon,PM2.5 - Principal,2025-01-01 10:00 PM,2025,01,01,22,39.5,111,Unhealthy for Sensitive Groups,40.0,UG/M3,1 Hr,Valid
Rangoon,PM2.5 - Principal,2025-01-01 11:00 PM,2025,01,01,23,35.8,102,Unhealthy for Sensitive Groups,32.0,UG/M3,1 Hr,Valid
Rangoon,PM2.5 - Principal,2025-01-02 12:00 AM,2025,01,02,00,37.4,106,Unhealthy for Sensitive Groups,39.0,UG/M3,1 Hr,Valid
Rangoon,PM2.5 - Principal,2025-01-02 01:00 AM,2025,01,02,01,34.7,99,Moderate,32.0,UG/M3,1 Hr,Valid
Rangoon,PM2.5 - Principal,2025-01-02 02:00 AM,2025,01,02,02,35.3,100,Moderate,36.0,UG/M3,1 Hr,Valid
Rangoon,PM2.5 - Principal,2025-01-02 03:00 AM,2025,01,02,03,33.1,96,Moderate,31.0,UG/M3,1 Hr,Valid
Rangoon,PM2.5 - Principal,2025-01-02 04:00 AM,2025,01,02,04,31.2,92,Moderate,28.0,UG/M3,1 Hr,Valid
Rangoon,PM2.5 - Principal,2025-01-02 05:00 AM,2025,01,02,05,30.3,90,Moderate,29.0,UG/M3,1 Hr,Valid
Rangoon,PM2.5 - Principal,2025-01-02 06:00 AM,2025,01,02,06,33.5,96,Moderate,38.0,UG/M3,1 Hr,Valid
Rangoon,PM2.5 - Principal,2025-01-02 07:00 AM,2025,01,02,07,44.2,122,Unhealthy for Sensitive Groups,55.0,UG/M3,1 Hr,Valid
Rangoon,PM2.5 - Principal,2025-01-02 08:00 AM,2025,01,02,08,52.2,142,Unhealthy for Sensitive Groups,60.0,UG/M3,1 Hr,Valid
Rangoon,PM2.5 - Principal,2025-01-02 09:00 AM,2025,01,02,09,51.1,139,Unhealthy for Sensitive Groups,50.0,UG/M3,1 Hr,Valid
Rangoon,PM2.5 - Principal,2025-01-02 10:00 AM,2025,01,02,10,45.0,124,Unhealthy for Sensitive Groups,39.0,UG/M3,1 Hr,Valid
Rangoon,PM2.5 - Principal,2025-01-02 11:00 AM,2025,01,02,11,38.5,108,Unhealthy for Sensitive Groups,32.0,UG/M3,1 Hr,Valid
Rangoon,PM2.5 - Principal,2025-01-02 12:00 PM,2025,01,02,12,30.7,91,Moderate,23.0,UG/M3,1 Hr,Valid
Rangoon,PM2.5 - Principal,2025-01-02 01:00 PM,2025,01,02,13,25.8,82,Moderate,21.0,UG/M3,1 Hr,Valid
Rangoon,PM2.5 - Principal,2025-01-02 02:00 PM,2025,01,02,14,21.9,75,Moderate,18.0,UG/M3,1 Hr,Valid
Rangoon,PM2.5 - Principal,2025-01-02 03:00 PM,2025,01,02,15,18.9,69,Moderate,16.0,UG/M3,1 Hr,Valid
Rangoon,PM2.5 - Principal,2025-01-02 04:00 PM,2025,01,02,16,17.4,66,Moderate,16.0,UG/M3,1 Hr,Valid
Rangoon,PM2.5 - Principal,2025-01-02 05:00 PM,2025,01,02,17,18.7,69,Moderate,20.0,UG/M3,1 Hr,Valid
Rangoon,PM2.5 - Principal,2025-01-02 06:00 PM,2025,01,02,18,22.8,77,Moderate,27.0,UG/M3,1 Hr,Valid
Rangoon,PM2.5 - Principal,2025-01-02 07:00 PM,2025,01,02,19,32.9,95,Moderate,43.0,UG/M3,1 Hr,Valid
Rangoon,PM2.5 - Principal,2025-01-02 08:00 PM,2025,01,02,20,35.9,102,Unhealthy for Sensitive Groups,39.0,UG/M3,1 Hr,Valid
Rangoon,PM2.5 - Principal,2025-01-02 09:00 PM,2025,01,02,21,34.4,98,Moderate,33.0,UG/M3,1 Hr,Valid
Rangoon,PM2.5 - Principal,2025-01-02 10:00 PM,2025,01,02,22,40.2,113,Unhealthy for Sensitive Groups,46.0,UG/M3,1 Hr,Valid
Rangoon,PM2.5 - Principal,2025-01-02 11:00 PM,2025,01,02,23,46.6,128,Unhealthy for Sensitive Groups,53.0,UG/M3,1 Hr,Valid
Rangoon,PM2.5 - Principal,2025-01-03 12:00 AM,2025,01,03,00,45.3,125,Unhealthy for Sensitive Groups,44.0,UG/M3,1 Hr,Valid
Rangoon,PM2.5 - Principal,2025-01-03 01:00 AM,2025,01,03,01,46.6,128,Unhealthy for Sensitive Groups,48.0,UG/M3,1 Hr,Valid
Rangoon,PM2.5 - Principal,2025-01-03 02:00 AM,2025,01,03,02,47.8,131,Unhealthy for Sensitive Groups,49.0,UG/M3,1 Hr,Valid
Rangoon,PM2.5 - Principal,2025-01-03 03:00 AM,2025,01,03,03,50.4,138,Unhealthy for Sensitive Groups,53.0,UG/M3,1 Hr,Valid
Rangoon,PM2.5 - Principal,2025-01-03 04:00 AM,2025,01,03,04,48.7,134,Unhealthy for Sensitive Groups,47.0,UG/M3,1 Hr,Valid
Rangoon,PM2.5 - Principal,2025-01-03 05:00 AM,2025,01,03,05,41.4,116,Unhealthy for Sensitive Groups,34.0,UG/M3,1 Hr,Valid
Rangoon,PM2.5 - Principal,2025-01-03 06:00 AM,2025,01,03,06,35.2,100,Moderate,28.0,UG/M3,1 Hr,Valid
Rangoon,PM2.5 - Principal,2025-01-03 07:00 AM,2025,01,03,07,36.0,102,Unhealthy for Sensitive Groups,37.0,UG/M3,1 Hr,Valid
Rangoon,PM2.5 - Principal,2025-01-03 08:00 AM,2025,01,03,08,38.8,109,Unhealthy for Sensitive Groups,42.0,UG/M3,1 Hr,Valid
Rangoon,PM2.5 - Principal,2025-01-03 09:00 AM,2025,01,03,09,45.5,126,Unhealthy for Sensitive Groups,53.0,UG/M3,1 Hr,Valid
Rangoon,PM2.5 - Principal,2025-01-03 10:00 AM,2025,01,03,10,40.5,113,Unhealthy for Sensitive Groups,35.0,UG/M3,1 Hr,Valid
Rangoon,PM2.5 - Principal,2025-01-03 11:00 AM,2025,01,03,11,33.8,97,Moderate,27.0,UG/M3,1 Hr,Valid
Rangoon,PM2.5 - Principal,2025-01-03 12:00 PM,2025,01,03,12,26.8,84,Moderate,20.0,UG/M3,1 Hr,Valid
Rangoon,PM2.5 - Principal,2025-01-03 01:00 PM,2025,01,03,13,21.9,75,Moderate,17.0,UG/M3,1 Hr,Valid
Rangoon,PM2.5 - Principal,2025-01-03 02:00 PM,2025,01,03,14,15.9,64,Moderate,10.0,UG/M3,1 Hr,Valid
Rangoon,PM2.5 - Principal,2025-01-03 03:00 PM,2025,01,03,15,15.4,63,Moderate,15.0,UG/M3,1 Hr,Valid
Rangoon,PM2.5 - Principal,2025-01-03 04:00 PM,2025,01,03,16,14.2,61,Moderate,13.0,UG/M3,1 Hr,Valid
Rangoon,PM2.5 - Principal,2025-01-03 05:00 PM,2025,01,03,17,14.6,61,Moderate,15.0,UG/M3,1 Hr,Valid
Rangoon,PM2.5 - Principal,2025-01-03 06:00 PM,2025,01,03,18,17.8,67,Moderate,21.0,UG/M3,1 Hr,Valid
Rangoon,PM2.5 - Principal,2025-01-03 07:00 PM,2025,01,03,19,28.4,87,Moderate,39.0,UG/M3,1 Hr,Valid
Rangoon,PM2.5 - Principal,2025-01-03 08:00 PM,2025,01,03,20,43.2,120,Unhealthy for Sensitive Groups,58.0,UG/M3,1 Hr,Valid
Rangoon,PM2.5 - Principal,2025-01-03 09:00 PM,2025,01,03,21,54.1,147,Unhealthy for Sensitive Groups,65.0,UG/M3,1 Hr,Valid
Rangoon,PM2.5 - Principal,2025-01-03 10:00 PM,2025,01,03,22,57.5,152,Unhealthy,61.0,UG/M3,1 Hr,Valid
Rangoon,PM2.5 - Principal,2025-01-03 11:00 PM,2025,01,03,23,65.2,158,Unhealthy,73.0,UG/M3,1 Hr,Valid
Rangoon,PM2.5 - Principal,2025-01-04 12:00 AM,2025,01,04,00,73.1,163,Unhealthy,81.0,UG/M3,1 Hr,Valid
Rangoon,PM2.5 - Principal,2025-01-04 01:00 AM,2025,01,04,01,66.5,159,Unhealthy,60.0,UG/M3,1 Hr,Valid
Rangoon,PM2.5 - Principal,2025-01-04 02:00 AM,2025,01,04,02,61.2,155,Unhealthy,56.0,UG/M3,1 Hr,Valid
Rangoon,PM2.5 - Principal,2025-01-04 03:00 AM,2025,01,04,03,61.1,155,Unhealthy,61.0,UG/M3,1 Hr,Valid
Rangoon,PM2.5 - Principal,2025-01-04 04:00 AM,2025,01,04,04,52.0,142,Unhealthy for Sensitive Groups,43.0,UG/M3,1 Hr,Valid
Rangoon,PM2.5 - Principal,2025-01-04 05:00 AM,2025,01,04,05,48.5,133,Unhealthy for Sensitive Groups,45.0,UG/M3,1 Hr,Valid
Rangoon,PM2.5 - Principal,2025-01-04 06:00 AM,2025,01,04,06,44.2,122,Unhealthy for Sensitive Groups,40.0,UG/M3,1 Hr,Valid
Rangoon,PM2.5 - Principal,2025-01-04 07:00 AM,2025,01,04,07,44.1,122,Unhealthy for Sensitive Groups,44.0,UG/M3,1 Hr,Valid
Rangoon,PM2.5 - Principal,2025-01-04 08:00 AM,2025,01,04,08,46.5,128,Unhealthy for Sensitive Groups,49.0,UG/M3,1 Hr,Valid
Rangoon,PM2.5 - Principal,2025-01-04 09:00 AM,2025,01,04,09,52.2,142,Unhealthy for Sensitive Groups,58.0,UG/M3,1 Hr,Valid
Rangoon,PM2.5 - Principal,2025-01-04 10:00 AM,2025,01,04,10,45.6,126,Unhealthy for Sensitive Groups,39.0,UG/M3,1 Hr,Valid
Rangoon,PM2.5 - Principal,2025-01-04 11:00 AM,2025,01,04,11,34.3,98,Moderate,23.0,UG/M3,1 Hr,Valid
Rangoon,PM2.5 - Principal,2025-01-04 12:00 PM,2025,01,04,12,27.1,85,Moderate,20.0,UG/M3,1 Hr,Valid
Rangoon,PM2.5 - Principal,2025-01-04 01:00 PM,2025,01,04,13,22.5,76,Moderate,18.0,UG/M3,1 Hr,Valid
Rangoon,PM2.5 - Principal,2025-01-04 02:00 PM,2025,01,04,14,17.7,67,Moderate,13.0,UG/M3,1 Hr,Valid
Rangoon,PM2.5 - Principal,2025-01-04 03:00 PM,2025,01,04,15,17.3,66,Moderate,17.0,UG/M3,1 Hr,Valid
Rangoon,PM2.5 - Principal,2025-01-04 04:00 PM,2025,01,04,16,17.1,66,Moderate,17.0,UG/M3,1 Hr,Valid
Rangoon,PM2.5 - Principal,2025-01-04 05:00 PM,2025,01,04,17,17.5,67,Moderate,18.0,UG/M3,1 Hr,Valid
Rangoon,PM2.5 - Principal,2025-01-04 06:00 PM,2025,01,04,18,21.2,74,Moderate,25.0,UG/M3,1 Hr,Valid
Rangoon,PM2.5 - Principal,2025-01-04 07:00 PM,2025,01,04,19,32.1,94,Moderate,43.0,UG/M3,1 Hr,Valid
Rangoon,PM2.5 - Principal,2025-01-04 08:00 PM,2025,01,04,20,41.0,115,Unhealthy for Sensitive Groups,50.0,UG/M3,1 Hr,Valid
Rangoon,PM2.5 - Principal,2025-01-04 09:00 PM,2025,01,04,21,46.0,127,Unhealthy for Sensitive Groups,51.0,UG/M3,1 Hr,Valid
Rangoon,PM2.5 - Principal,2025-01-04 10:00 PM,2025,01,04,22,51.5,140,Unhealthy for Sensitive Groups,57.0,UG/M3,1 Hr,Valid
Rangoon,PM2.5 - Principal,2025-01-04 11:00 PM,2025,01,04,23,53.7,146,Unhealthy for Sensitive Groups,56.0,UG/M3,1 Hr,Valid
Rangoon,PM2.5 - Principal,2025-01-05 12:00 AM,2025,01,05,00,50.3,137,Unhealthy for Sensitive Groups,47.0,UG/M3,1 Hr,Valid
Rangoon,PM2.5 - Principal,2025-01-05 01:00 AM,2025,01,05,01,44.6,123,Unhealthy for Sensitive Groups,39.0,UG/M3,1 Hr,Valid
Rangoon,PM2.5 - Principal,2025-01-05 02:00 AM,2025,01,05,02,39.3,110,Unhealthy for Sensitive Groups,34.0,UG/M3,1 Hr,Valid
Rangoon,PM2.5 - Principal,2025-01-05 03:00 AM,2025,01,05,03,41.1,115,Unhealthy for Sensitive Groups,43.0,UG/M3,1 Hr,Valid
Rangoon,PM2.5 - Principal,2025-01-05 04:00 AM,2025,01,05,04,43.5,121,Unhealthy for Sensitive Groups,46.0,UG/M3,1 Hr,Valid
Rangoon,PM2.5 - Principal,2025-01-05 05:00 AM,2025,01,05,05,41.2,115,Unhealthy for Sensitive Groups,39.0,UG/M3,1 Hr,Valid
Rangoon,PM2.5 - Principal,2025-01-05 06:00 AM,2025,01,05,06,38.5,108,Unhealthy for Sensitive Groups,34.0,UG/M3,1 Hr,Valid
Rangoon,PM2.5 - Principal,2025-01-05 07:00 AM,2025,01,05,07,40.7,114,Unhealthy for Sensitive Groups,44.0,UG/M3,1 Hr,Valid
Rangoon,PM2.5 - Principal,2025-01-05 08:00 AM,2025,01,05,08,45.3,125,Unhealthy for Sensitive Groups,52.0,UG/M3,1 Hr,Valid
Rangoon,PM2.5 - Principal,2025-01-05 09:00 AM,2025,01,05,09,48.0,132,Unhealthy for Sensitive Groups,52.0,UG/M3,1 Hr,Valid
Rangoon,PM2.5 - Principal,2025-01-05 10:00 AM,2025,01,05,10,45.5,126,Unhealthy for Sensitive Groups,42.0,UG/M3,1 Hr,Valid
Rangoon,PM2.5 - Principal,2025-01-05 11:00 AM,2025,01,05,11,35.7,101,Unhealthy for Sensitive Groups,26.0,UG/M3,1 Hr,Valid
Rangoon,PM2.5 - Principal,2025-01-05 12:00 PM,2025,01,05,12,28.3,87,Moderate,21.0,UG/M3,1 Hr,Valid
Rangoon,PM2.5 - Principal,2025-01-05 01:00 PM,2025,01,05,13,21.1,73,Moderate,14.0,UG/M3,1 Hr,Valid
Rangoon,PM2.5 - Principal,2025-01-05 02:00 PM,2025,01,05,14,18.0,68,Moderate,15.0,UG/M3,1 Hr,Valid
Rangoon,PM2.5 - Principal,2025-01-05 03:00 PM,2025,01,05,15,17.0,66,Moderate,16.0,UG/M3,1 Hr,Valid
Rangoon,PM2.5 - Principal,2025-01-05 04:00 PM,2025,01,05,16,17.0,66,Moderate,17.0,UG/M3,1 Hr,Valid
Rangoon,PM2.5 - Principal,2025-01-05 05:00 PM,2025,01,05,17,18.5,69,Moderate,20.0,UG/M3,1 Hr,Valid
Rangoon,PM2.5 - Principal,2025-01-05 06:00 PM,2025,01,05,18,21.2,74,Moderate,24.0,UG/M3,1 Hr,Valid
Rangoon,PM2.5 - Principal,2025-01-05 07:00 PM,2025,01,05,19,35.6,101,Unhealthy for Sensitive Groups,50.0,UG/M3,1 Hr,Valid
Rangoon,PM2.5 - Principal,2025-01-05 08:00 PM,2025,01,05,20,47.3,130,Unhealthy for Sensitive Groups,59.0,UG/M3,1 Hr,Valid
Rangoon,PM2.5 - Principal,2025-01-05 09:00 PM,2025,01,05,21,56.6,152,Unhealthy,66.0,UG/M3,1 Hr,Valid
Rangoon,PM2.5 - Principal,2025-01-05 10:00 PM,2025,01,05,22,67.8,160,Unhealthy,79.0,UG/M3,1 Hr,Valid
Rangoon,PM2.5 - Principal,2025-01-05 11:00 PM,2025,01,05,23,75.4,165,Unhealthy,83.0,UG/M3,1 Hr,Valid
Rangoon,PM2.5 - Principal,2025-01-06 12:00 AM,2025,01,06,00,74.2,164,Unhealthy,73.0,UG/M3,1 Hr,Valid
Rangoon,PM2.5 - Principal,2025-01-06 01:00 AM,2025,01,06,01,65.6,158,Unhealthy,57.0,UG/M3,1 Hr,Valid
Rangoon,PM2.5 - Principal,2025-01-06 02:00 AM,2025,01,06,02,55.8,151,Unhealthy,46.0,UG/M3,1 Hr,Valid
Rangoon,PM2.5 - Principal,2025-01-06 03:00 AM,2025,01,06,03,52.9,144,Unhealthy for Sensitive Groups,50.0,UG/M3,1 Hr,Valid
Rangoon,PM2.5 - Principal,2025-01-06 04:00 AM,2025,01,06,04,50.9,139,Unhealthy for Sensitive Groups,49.0,UG/M3,1 Hr,Valid
Rangoon,PM2.5 - Principal,2025-01-06 05:00 AM,2025,01,06,05,46.4,128,Unhealthy for Sensitive Groups,42.0,UG/M3,1 Hr,Valid
Rangoon,PM2.5 - Principal,2025-01-06 06:00 AM,2025,01,06,06,42.7,119,Unhealthy for Sensitive Groups,39.0,UG/M3,1 Hr,Valid
Rangoon,PM2.5 - Principal,2025-01-06 07:00 AM,2025,01,06,07,45.8,126,Unhealthy for Sensitive Groups,49.0,UG/M3,1 Hr,Valid
Rangoon,PM2.5 - Principal,2025-01-06 08:00 AM,2025,01,06,08,58.4,153,Unhealthy,71.0,UG/M3,1 Hr,Valid
Rangoon,PM2.5 - Principal,2025-01-06 09:00 AM,2025,01,06,09,57.7,153,Unhealthy,57.0,UG/M3,1 Hr,Valid
Rangoon,PM2.5 - Principal,2025-01-06 10:00 AM,2025,01,06,10,54.8,149,Unhealthy for Sensitive Groups,52.0,UG/M3,1 Hr,Valid
Rangoon,PM2.5 - Principal,2025-01-06 11:00 AM,2025,01,06,11,42.9,119,Unhealthy for Sensitive Groups,31.0,UG/M3,1 Hr,Valid
Rangoon,PM2.5 - Principal,2025-01-06 12:00 PM,2025,01,06,12,32.4,94,Moderate,22.0,UG/M3,1 Hr,Valid
Rangoon,PM2.5 - Principal,2025-01-06 01:00 PM,2025,01,06,13,27.7,86,Moderate,23.0,UG/M3,1 Hr,Valid
Rangoon,PM2.5 - Principal,2025-01-06 02:00 PM,2025,01,06,14,23.8,78,Moderate,20.0,UG/M3,1 Hr,Valid
Rangoon,PM2.5 - Principal,2025-01-06 03:00 PM,2025,01,06,15,22.4,76,Moderate,21.0,UG/M3,1 Hr,Valid
Rangoon,PM2.5 - Principal,2025-01-06 04:00 PM,2025,01,06,16,22.2,75,Moderate,22.0,UG/M3,1 Hr,Valid
Rangoon,PM2.5 - Principal,2025-01-06 05:00 PM,2025,01,06,17,22.1,75,Moderate,22.0,UG/M3,1 Hr,Valid
Rangoon,PM2.5 - Principal,2025-01-06 06:00 PM,2025,01,06,18,24.0,79,Moderate,26.0,UG/M3,1 Hr,Valid
Rangoon,PM2.5 - Principal,2025-01-06 07:00 PM,2025,01,06,19,28.5,87,Moderate,33.0,UG/M3,1 Hr,Valid
Rangoon,PM2.5 - Principal,2025-01-06 08:00 PM,2025,01,06,20,40.2,113,Unhealthy for Sensitive Groups,52.0,UG/M3,1 Hr,Valid
Rangoon,PM2.5 - Principal,2025-01-06 09:00 PM,2025,01,06,21,63.1,156,Unhealthy,86.0,UG/M3,1 Hr,Valid
Rangoon,PM2.5 - Principal,2025-01-06 10:00 PM,2025,01,06,22,71.5,162,Unhealthy,80.0,UG/M3,1 Hr,Valid
Rangoon,PM2.5 - Principal,2025-01-06 11:00 PM,2025,01,06,23,71.7,162,Unhealthy,72.0,UG/M3,1 Hr,Valid
Rangoon,PM2.5 - Principal,2025-01-07 12:00 AM,2025,01,07,00,74.4,164,Unhealthy,77.0,UG/M3,1 Hr,Valid
Rangoon,PM2.5 - Principal,2025-01-07 01:00 AM,2025,01,07,01,72.7,163,Unhealthy,71.0,UG/M3,1 Hr,Valid
Rangoon,PM2.5 - Principal,2025-01-07 02:00 AM,2025,01,07,02,69.8,161,Unhealthy,67.0,UG/M3,1 Hr,Valid
Rangoon,PM2.5 - Principal,2025-01-07 03:00 AM,2025,01,07,03,67.4,159,Unhealthy,65.0,UG/M3,1 Hr,Valid
Rangoon,PM2.5 - Principal,2025-01-07 04:00 AM,2025,01,07,04,55.2,150,Unhealthy for Sensitive Groups,43.0,UG/M3,1 Hr,Valid
Rangoon,PM2.5 - Principal,2025-01-07 05:00 AM,2025,01,07,05,63.1,156,Unhealthy,71.0,UG/M3,1 Hr,Valid
Rangoon,PM2.5 - Principal,2025-01-07 06:00 AM,2025,01,07,06,63.0,156,Unhealthy,63.0,UG/M3,1 Hr,Valid
Rangoon,PM2.5 - Principal,2025-01-07 07:00 AM,2025,01,07,07,64.5,157,Unhealthy,66.0,UG/M3,1 Hr,Valid
Rangoon,PM2.5 - Principal,2025-01-07 08:00 AM,2025,01,07,08,83.2,170,Unhealthy,102.0,UG/M3,1 Hr,Valid
Rangoon,PM2.5 - Principal,2025-01-07 09:00 AM,2025,01,07,09,79.1,168,Unhealthy,75.0,UG/M3,1 Hr,Valid
Rangoon,PM2.5 - Principal,2025-01-07 10:00 AM,2025,01,07,10,64.0,157,Unhealthy,49.0,UG/M3,1 Hr,Valid
Rangoon,PM2.5 - Principal,2025-01-07 11:00 AM,2025,01,07,11,52.5,143,Unhealthy for Sensitive Groups,41.0,UG/M3,1 Hr,Valid
Rangoon,PM2.5 - Principal,2025-01-07 12:00 PM,2025,01,07,12,36.2,103,Unhealthy for Sensitive Groups,20.0,UG/M3,1 Hr,Valid
Rangoon,PM2.5 - Principal,2025-01-07 01:00 PM,2025,01,07,13,26.6,84,Moderate,17.0,UG/M3,1 Hr,Valid
Rangoon,PM2.5 - Principal,2025-01-07 02:00 PM,2025,01,07,14,24.3,79,Moderate,22.0,UG/M3,1 Hr,Valid
Rangoon,PM2.5 - Principal,2025-01-07 03:00 PM,2025,01,07,15,24.6,80,Moderate,25.0,UG/M3,1 Hr,Valid
Rangoon,PM2.5 - Principal,2025-01-07 04:00 PM,2025,01,07,16,24.3,79,Moderate,24.0,UG/M3,1 Hr,Valid
Rangoon,PM2.5 - Principal,2025-01-07 05:00 PM,2025,01,07,17,30.6,91,Moderate,37.0,UG/M3,1 Hr,Valid
Rangoon,PM2.5 - Principal,2025-01-07 06:00 PM,2025,01,07,18,29.3,89,Moderate,28.0,UG/M3,1 Hr,Valid
Rangoon,PM2.5 - Principal,2025-01-07 07:00 PM,2025,01,07,19,31.6,93,Moderate,34.0,UG/M3,1 Hr,Valid
Rangoon,PM2.5 - Principal,2025-01-07 08:00 PM,2025,01,07,20,42.8,119,Unhealthy for Sensitive Groups,54.0,UG/M3,1 Hr,Valid
Rangoon,PM2.5 - Principal,2025-01-07 09:00 PM,2025,01,07,21,49.9,136,Unhealthy for Sensitive Groups,57.0,UG/M3,1 Hr,Valid
Rangoon,PM2.5 - Principal,2025-01-07 10:00 PM,2025,01,07,22,49.4,135,Unhealthy for Sensitive Groups,49.0,UG/M3,1 Hr,Valid
Rangoon,PM2.5 - Principal,2025-01-07 11:00 PM,2025,01,07,23,46.7,129,Unhealthy for Sensitive Groups,44.0,UG/M3,1 Hr,Valid
Rangoon,PM2.5 - Principal,2025-01-08 12:00 AM,2025,01,08,00,41.8,117,Unhealthy for Sensitive Groups,37.0,UG/M3,1 Hr,Valid
Rangoon,PM2.5 - Principal,2025-01-08 01:00 AM,2025,01,08,01,33.9,97,Moderate,26.0,UG/M3,1 Hr,Valid
Rangoon,PM2.5 - Principal,2025-01-08 02:00 AM,2025,01,08,02,30.4,91,Moderate,27.0,UG/M3,1 Hr,Valid
Rangoon,PM2.5 - Principal,2025-01-08 03:00 AM,2025,01,08,03,27.7,86,Moderate,25.0,UG/M3,1 Hr,Valid
Rangoon,PM2.5 - Principal,2025-01-08 04:00 AM,2025,01,08,04,27.3,85,Moderate,27.0,UG/M3,1 Hr,Valid
Rangoon,PM2.5 - Principal,2025-01-08 05:00 AM,2025,01,08,05,34.6,99,Moderate,42.0,UG/M3,1 Hr,Valid
Rangoon,PM2.5 - Principal,2025-01-08 06:00 AM,2025,01,08,06,45.3,125,Unhealthy for Sensitive Groups,56.0,UG/M3,1 Hr,Valid
Rangoon,PM2.5 - Principal,2025-01-08 07:00 AM,2025,01,08,07,55.1,149,Unhealthy for Sensitive Groups,65.0,UG/M3,1 Hr,Valid
Rangoon,PM2.5 - Principal,2025-01-08 08:00 AM,2025,01,08,08,62.5,156,Unhealthy,70.0,UG/M3,1 Hr,Valid
Rangoon,PM2.5 - Principal,2025-01-08 09:00 AM,2025,01,08,09,69.2,161,Unhealthy,76.0,UG/M3,1 Hr,Valid
Rangoon,PM2.5 - Principal,2025-01-08 10:00 AM,2025,01,08,10,74.6,164,Unhealthy,80.0,UG/M3,1 Hr,Valid
Rangoon,PM2.5 - Principal,2025-01-08 11:00 AM,2025,01,08,11,71.3,162,Unhealthy,68.0,UG/M3,1 Hr,Valid
Rangoon,PM2.5 - Principal,2025-01-08 12:00 PM,2025,01,08,12,56.6,152,Unhealthy,42.0,UG/M3,1 Hr,Valid
Rangoon,PM2.5 - Principal,2025-01-08 01:00 PM,2025,01,08,13,39.8,112,Unhealthy for Sensitive Groups,23.0,UG/M3,1 Hr,Valid
Rangoon,PM2.5 - Principal,2025-01-08 02:00 PM,2025,01,08,14,28.4,87,Moderate,17.0,UG/M3,1 Hr,Valid
Rangoon,PM2.5 - Principal,2025-01-08 03:00 PM,2025,01,08,15,18.7,69,Moderate,9.0,UG/M3,1 Hr,Valid
Rangoon,PM2.5 - Principal,2025-01-08 04:00 PM,2025,01,08,16,14.8,62,Moderate,11.0,UG/M3,1 Hr,Valid
Rangoon,PM2.5 - Principal,2025-01-08 05:00 PM,2025,01,08,17,13.9,60,Moderate,13.0,UG/M3,1 Hr,Valid
Rangoon,PM2.5 - Principal,2025-01-08 06:00 PM,2025,01,08,18,13.9,60,Moderate,-999.0,UG/M3,1 Hr,Missing
Rangoon,PM2.5 - Principal,2025-01-08 07:00 PM,2025,01,08,19,22.6,76,Moderate,27.0,UG/M3,1 Hr,Valid
Rangoon,PM2.5 - Principal,2025-01-08 08:00 PM,2025,01,08,20,31.4,93,Moderate,38.0,UG/M3,1 Hr,Valid
Rangoon,PM2.5 - Principal,2025-01-08 09:00 PM,2025,01,08,21,47.1,130,Unhealthy for Sensitive Groups,61.0,UG/M3,1 Hr,Valid
Rangoon,PM2.5 - Principal,2025-01-08 10:00 PM,2025,01,08,22,58.4,153,Unhealthy,69.0,UG/M3,1 Hr,Valid
Rangoon,PM2.5 - Principal,2025-01-08 11:00 PM,2025,01,08,23,67.3,159,Unhealthy,76.0,UG/M3,1 Hr,Valid
Rangoon,PM2.5 - Principal,2025-01-09 12:00 AM,2025,01,09,00,58.1,153,Unhealthy,49.0,UG/M3,1 Hr,Valid
Rangoon,PM2.5 - Principal,2025-01-09 01:00 AM,2025,01,09,01,48.0,132,Unhealthy for Sensitive Groups,38.0,UG/M3,1 Hr,Valid
Rangoon,PM2.5 - Principal,2025-01-09 02:00 AM,2025,01,09,02,48.0,132,Unhealthy for Sensitive Groups,48.0,UG/M3,1 Hr,Valid
Rangoon,PM2.5 - Principal,2025-01-09 03:00 AM,2025,01,09,03,49.5,135,Unhealthy for Sensitive Groups,51.0,UG/M3,1 Hr,Valid
Rangoon,PM2.5 - Principal,2025-01-09 04:00 AM,2025,01,09,04,48.2,132,Unhealthy for Sensitive Groups,47.0,UG/M3,1 Hr,Valid
Rangoon,PM2.5 - Principal,2025-01-09 05:00 AM,2025,01,09,05,54.6,148,Unhealthy for Sensitive Groups,61.0,UG/M3,1 Hr,Valid
Rangoon,PM2.5 - Principal,2025-01-09 06:00 AM,2025,01,09,06,55.3,150,Unhealthy for Sensitive Groups,56.0,UG/M3,1 Hr,Valid
Rangoon,PM2.5 - Principal,2025-01-09 07:00 AM,2025,01,09,07,51.1,139,Unhealthy for Sensitive Groups,47.0,UG/M3,1 Hr,Valid
Rangoon,PM2.5 - Principal,2025-01-09 08:00 AM,2025,01,09,08,44.5,123,Unhealthy for Sensitive Groups,38.0,UG/M3,1 Hr,Valid
Rangoon,PM2.5 - Principal,2025-01-09 09:00 AM,2025,01,09,09,43.7,121,Unhealthy for Sensitive Groups,43.0,UG/M3,1 Hr,Valid
Rangoon,PM2.5 - Principal,2025-01-09 10:00 AM,2025,01,09,10,58.3,153,Unhealthy,73.0,UG/M3,1 Hr,Valid
Rangoon,PM2.5 - Principal,2025-01-09 11:00 AM,2025,01,09,11,46.6,128,Unhealthy for Sensitive Groups,35.0,UG/M3,1 Hr,Valid
Rangoon,PM2.5 - Principal,2025-01-09 12:00 PM,2025,01,09,12,37.3,105,Unhealthy for Sensitive Groups,28.0,UG/M3,1 Hr,Valid
Rangoon,PM2.5 - Principal,2025-01-09 01:00 PM,2025,01,09,13,31.1,92,Moderate,25.0,UG/M3,1 Hr,Valid
Rangoon,PM2.5 - Principal,2025-01-09 02:00 PM,2025,01,09,14,29.0,88,Moderate,27.0,UG/M3,1 Hr,Valid
Rangoon,PM2.5 - Principal,2025-01-09 03:00 PM,2025,01,09,15,29.0,88,Moderate,29.0,UG/M3,1 Hr,Valid
Rangoon,PM2.5 - Principal,2025-01-09 04:00 PM,2025,01,09,16,29.5,89,Moderate,30.0,UG/M3,1 Hr,Valid
Rangoon,PM2.5 - Principal,2025-01-09 05:00 PM,2025,01,09,17,30.2,90,Moderate,31.0,UG/M3,1 Hr,Valid
Rangoon,PM2.5 - Principal,2025-01-09 06:00 PM,2025,01,09,18,34.1,98,Moderate,38.0,UG/M3,1 Hr,Valid
Rangoon,PM2.5 - Principal,2025-01-09 07:00 PM,2025,01,09,19,40.0,112,Unhealthy for Sensitive Groups,46.0,UG/M3,1 Hr,Valid
Rangoon,PM2.5 - Principal,2025-01-09 08:00 PM,2025,01,09,20,40.0,112,Unhealthy for Sensitive Groups,40.0,UG/M3,1 Hr,Valid
Rangoon,PM2.5 - Principal,2025-01-09 09:00 PM,2025,01,09,21,50.5,138,Unhealthy for Sensitive Groups,61.0,UG/M3,1 Hr,Valid
Rangoon,PM2.5 - Principal,2025-01-09 10:00 PM,2025,01,09,22,61.7,155,Unhealthy,73.0,UG/M3,1 Hr,Valid
Rangoon,PM2.5 - Principal,2025-01-09 11:00 PM,2025,01,09,23,62.3,156,Unhealthy,63.0,UG/M3,1 Hr,Valid
Rangoon,PM2.5 - Principal,2025-01-10 12:00 AM,2025,01,10,00,59.1,154,Unhealthy,56.0,UG/M3,1 Hr,Valid
Rangoon,PM2.5 - Principal,2025-01-10 01:00 AM,2025,01,10,01,49.5,135,Unhealthy for Sensitive Groups,40.0,UG/M3,1 Hr,Valid
Rangoon,PM2.5 - Principal,2025-01-10 02:00 AM,2025,01,10,02,41.8,117,Unhealthy for Sensitive Groups,34.0,UG/M3,1 Hr,Valid
Rangoon,PM2.5 - Principal,2025-01-10 03:00 AM,2025,01,10,03,39.9,112,Unhealthy for Sensitive Groups,38.0,UG/M3,1 Hr,Valid
Rangoon,PM2.5 - Principal,2025-01-10 04:00 AM,2025,01,10,04,33.4,96,Moderate,27.0,UG/M3,1 Hr,Valid
Rangoon,PM2.5 - Principal,2025-01-10 05:00 AM,2025,01,10,05,30.2,90,Moderate,27.0,UG/M3,1 Hr,Valid
Rangoon,PM2.5 - Principal,2025-01-10 06:00 AM,2025,01,10,06,26.6,84,Moderate,23.0,UG/M3,1 Hr,Valid
Rangoon,PM2.5 - Principal,2025-01-10 07:00 AM,2025,01,10,07,24.8,80,Moderate,23.0,UG/M3,1 Hr,Valid
Rangoon,PM2.5 - Principal,2025-01-10 08:00 AM,2025,01,10,08,27.4,85,Moderate,30.0,UG/M3,1 Hr,Valid
Rangoon,PM2.5 - Principal,2025-01-10 09:00 AM,2025,01,10,09,31.6,93,Moderate,36.0,UG/M3,1 Hr,Valid
Rangoon,PM2.5 - Principal,2025-01-10 10:00 AM,2025,01,10,10,31.3,92,Moderate,31.0,UG/M3,1 Hr,Valid
Rangoon,PM2.5 - Principal,2025-01-10 11:00 AM,2025,01,10,11,28.6,87,Moderate,26.0,UG/M3,1 Hr,Valid
Rangoon,PM2.5 - Principal,2025-01-10 12:00 PM,2025,01,10,12,23.8,78,Moderate,19.0,UG/M3,1 Hr,Valid
Rangoon,PM2.5 - Principal,2025-01-10 01:00 PM,2025,01,10,13,20.4,72,Moderate,17.0,UG/M3,1 Hr,Valid
Rangoon,PM2.5 - Principal,2025-01-10 02:00 PM,2025,01,10,14,19.2,70,Moderate,18.0,UG/M3,1 Hr,Valid
Rangoon,PM2.5 - Principal,2025-01-10 03:00 PM,2025,01,10,15,20.0,71,Moderate,21.0,UG/M3,1 Hr,Valid
Rangoon,PM2.5 - Principal,2025-01-10 04:00 PM,2025,01,10,16,22.0,75,Moderate,24.0,UG/M3,1 Hr,Valid
Rangoon,PM2.5 - Principal,2025-01-10 05:00 PM,2025,01,10,17,24.0,79,Moderate,26.0,UG/M3,1 Hr,Valid
Rangoon,PM2.5 - Principal,2025-01-10 06:00 PM,2025,01,10,18,31.5,93,Moderate,39.0,UG/M3,1 Hr,Valid
Rangoon,PM2.5 - Principal,2025-01-10 07:00 PM,2025,01,10,19,38.7,109,Unhealthy for Sensitive Groups,46.0,UG/M3,1 Hr,Valid
Rangoon,PM2.5 - Principal,2025-01-10 08:00 PM,2025,01,10,20,47.8,131,Unhealthy for Sensitive Groups,57.0,UG/M3,1 Hr,Valid
Rangoon,PM2.5 - Principal,2025-01-10 09:00 PM,2025,01,10,21,57.9,153,Unhealthy,68.0,UG/M3,1 Hr,Valid
Rangoon,PM2.5 - Principal,2025-01-10 10:00 PM,2025,01,10,22,62.9,156,Unhealthy,68.0,UG/M3,1 Hr,Valid
Rangoon,PM2.5 - Principal,2025-01-10 11:00 PM,2025,01,10,23,56.9,152,Unhealthy,51.0,UG/M3,1 Hr,Valid
Rangoon,PM2.5 - Principal,2025-01-11 12:00 AM,2025,01,11,00,53.4,145,Unhealthy for Sensitive Groups,50.0,UG/M3,1 Hr,Valid
Rangoon,PM2.5 - Principal,2025-01-11 01:00 AM,2025,01,11,01,44.2,122,Unhealthy for Sensitive Groups,35.0,UG/M3,1 Hr,Valid
Rangoon,PM2.5 - Principal,2025-01-11 02:00 AM,2025,01,11,02,36.1,102,Unhealthy for Sensitive Groups,28.0,UG/M3,1 Hr,Valid
Rangoon,PM2.5 - Principal,2025-01-11 03:00 AM,2025,01,11,03,37.0,105,Unhealthy for Sensitive Groups,38.0,UG/M3,1 Hr,Valid
Rangoon,PM2.5 - Principal,2025-01-11 04:00 AM,2025,01,11,04,33.0,96,Moderate,29.0,UG/M3,1 Hr,Valid
Rangoon,PM2.5 - Principal,2025-01-11 05:00 AM,2025,01,11,05,34.5,98,Moderate,36.0,UG/M3,1 Hr,Valid
Rangoon,PM2.5 - Principal,2025-01-11 06:00 AM,2025,01,11,06,38.2,108,Unhealthy for Sensitive Groups,42.0,UG/M3,1 Hr,Valid
Rangoon,PM2.5 - Principal,2025-01-11 07:00 AM,2025,01,11,07,41.1,115,Unhealthy for Sensitive Groups,44.0,UG/M3,1 Hr,Valid
Rangoon,PM2.5 - Principal,2025-01-11 08:00 AM,2025,01,11,08,40.0,112,Unhealthy for Sensitive Groups,39.0,UG/M3,1 Hr,Valid
Rangoon,PM2.5 - Principal,2025-01-11 09:00 AM,2025,01,11,09,43.5,121,Unhealthy for Sensitive Groups,47.0,UG/M3,1 Hr,Valid
Rangoon,PM2.5 - Principal,2025-01-11 10:00 AM,2025,01,11,10,44.4,123,Unhealthy for Sensitive Groups,46.0,UG/M3,1 Hr,Valid
Rangoon,PM2.5 - Principal,2025-01-11 11:00 AM,2025,01,11,11,41.0,115,Unhealthy for Sensitive Groups,37.0,UG/M3,1 Hr,Valid
Rangoon,PM2.5 - Principal,2025-01-11 12:00 PM,2025,01,11,12,34.3,98,Moderate,26.0,UG/M3,1 Hr,Valid
Rangoon,PM2.5 - Principal,2025-01-11 01:00 PM,2025,01,11,13,30.6,91,Moderate,26.0,UG/M3,1 Hr,Valid
Rangoon,PM2.5 - Principal,2025-01-11 02:00 PM,2025,01,11,14,26.3,83,Moderate,23.0,UG/M3,1 Hr,Valid
Rangoon,PM2.5 - Principal,2025-01-11 03:00 PM,2025,01,11,15,22.6,76,Moderate,19.0,UG/M3,1 Hr,Valid
Rangoon,PM2.5 - Principal,2025-01-11 04:00 PM,2025,01,11,16,22.3,76,Moderate,22.0,UG/M3,1 Hr,Valid
Rangoon,PM2.5 - Principal,2025-01-11 05:00 PM,2025,01,11,17,22.6,76,Moderate,23.0,UG/M3,1 Hr,Valid
Rangoon,PM2.5 - Principal,2025-01-11 06:00 PM,2025,01,11,18,27.3,85,Moderate,32.0,UG/M3,1 Hr,Valid
Rangoon,PM2.5 - Principal,2025-01-11 07:00 PM,2025,01,11,19,39.1,110,Unhealthy for Sensitive Groups,51.0,UG/M3,1 Hr,Valid
Rangoon,PM2.5 - Principal,2025-01-11 08:00 PM,2025,01,11,20,58.5,153,Unhealthy,78.0,UG/M3,1 Hr,Valid
Rangoon,PM2.5 - Principal,2025-01-11 09:00 PM,2025,01,11,21,82.3,170,Unhealthy,106.0,UG/M3,1 Hr,Valid
Rangoon,PM2.5 - Principal,2025-01-11 10:00 PM,2025,01,11,22,90.6,176,Unhealthy,99.0,UG/M3,1 Hr,Valid
Rangoon,PM2.5 - Principal,2025-01-11 11:00 PM,2025,01,11,23,77.8,167,Unhealthy,65.0,UG/M3,1 Hr,Valid
Rangoon,PM2.5 - Principal,2025-01-12 12:00 AM,2025,01,12,00,52.9,144,Unhealthy for Sensitive Groups,28.0,UG/M3,1 Hr,Valid
Rangoon,PM2.5 - Principal,2025-01-12 01:00 AM,2025,01,12,01,36.4,103,Unhealthy for Sensitive Groups,20.0,UG/M3,1 Hr,Valid
Rangoon,PM2.5 - Principal,2025-01-12 02:00 AM,2025,01,12,02,27.7,86,Moderate,19.0,UG/M3,1 Hr,Valid
Rangoon,PM2.5 - Principal,2025-01-12 03:00 AM,2025,01,12,03,25.8,82,Moderate,24.0,UG/M3,1 Hr,Valid
Rangoon,PM2.5 - Principal,2025-01-12 04:00 AM,2025,01,12,04,24.4,80,Moderate,23.0,UG/M3,1 Hr,Valid
Rangoon,PM2.5 - Principal,2025-01-12 05:00 AM,2025,01,12,05,25.2,81,Moderate,26.0,UG/M3,1 Hr,Valid
Rangoon,PM2.5 - Principal,2025-01-12 06:00 AM,2025,01,12,06,29.1,88,Moderate,33.0,UG/M3,1 Hr,Valid
Rangoon,PM2.5 - Principal,2025-01-12 07:00 AM,2025,01,12,07,30.0,90,Moderate,31.0,UG/M3,1 Hr,Valid
Rangoon,PM2.5 - Principal,2025-01-12 08:00 AM,2025,01,12,08,32.5,95,Moderate,35.0,UG/M3,1 Hr,Valid
Rangoon,PM2.5 - Principal,2025-01-12 09:00 AM,2025,01,12,09,31.2,92,Moderate,30.0,UG/M3,1 Hr,Valid
Rangoon,PM2.5 - Principal,2025-01-12 10:00 AM,2025,01,12,10,29.1,88,Moderate,27.0,UG/M3,1 Hr,Valid
Rangoon,PM2.5 - Principal,2025-01-12 11:00 AM,2025,01,12,11,26.3,83,Moderate,23.0,UG/M3,1 Hr,Valid
Rangoon,PM2.5 - Principal,2025-01-12 12:00 PM,2025,01,12,12,25.2,81,Moderate,24.0,UG/M3,1 Hr,Valid
Rangoon,PM2.5 - Principal,2025-01-12 01:00 PM,2025,01,12,13,21.0,73,Moderate,17.0,UG/M3,1 Hr,Valid
Rangoon,PM2.5 - Principal,2025-01-12 02:00 PM,2025,01,12,14,21.0,73,Moderate,21.0,UG/M3,1 Hr,Valid
Rangoon,PM2.5 - Principal,2025-01-12 03:00 PM,2025,01,12,15,22.0,75,Moderate,23.0,UG/M3,1 Hr,Valid
Rangoon,PM2.5 - Principal,2025-01-12 04:00 PM,2025,01,12,16,24.5,80,Moderate,27.0,UG/M3,1 Hr,Valid
Rangoon,PM2.5 - Principal,2025-01-12 05:00 PM,2025,01,12,17,25.7,82,Moderate,27.0,UG/M3,1 Hr,Valid
Rangoon,PM2.5 - Principal,2025-01-12 06:00 PM,2025,01,12,18,26.3,83,Moderate,27.0,UG/M3,1 Hr,Valid
Rangoon,PM2.5 - Principal,2025-01-12 07:00 PM,2025,01,12,19,35.6,101,Unhealthy for Sensitive Groups,45.0,UG/M3,1 Hr,Valid
Rangoon,PM2.5 - Principal,2025-01-12 08:00 PM,2025,01,12,20,39.8,112,Unhealthy for Sensitive Groups,44.0,UG/M3,1 Hr,Valid
Rangoon,PM2.5 - Principal,2025-01-12 09:00 PM,2025,01,12,21,38.4,108,Unhealthy for Sensitive Groups,37.0,UG/M3,1 Hr,Valid
Rangoon,PM2.5 - Principal,2025-01-12 10:00 PM,2025,01,12,22,35.2,100,Moderate,32.0,UG/M3,1 Hr,Valid
Rangoon,PM2.5 - Principal,2025-01-12 11:00 PM,2025,01,12,23,36.1,102,Unhealthy for Sensitive Groups,37.0,UG/M3,1 Hr,Valid
Rangoon,PM2.5 - Principal,2025-01-13 12:00 AM,2025,01,13,00,35.5,101,Unhealthy for Sensitive Groups,35.0,UG/M3,1 Hr,Valid
Rangoon,PM2.5 - Principal,2025-01-13 01:00 AM,2025,01,13,01,33.2,96,Moderate,31.0,UG/M3,1 Hr,Valid
Rangoon,PM2.5 - Principal,2025-01-13 02:00 AM,2025,01,13,02,30.7,91,Moderate,28.0,UG/M3,1 Hr,Valid
Rangoon,PM2.5 - Principal,2025-01-13 03:00 AM,2025,01,13,03,30.4,91,Moderate,29.0,UG/M3,1 Hr,Valid
Rangoon,PM2.5 - Principal,2025-01-13 04:00 AM,2025,01,13,04,32.2,94,Moderate,35.0,UG/M3,1 Hr,Valid
Rangoon,PM2.5 - Principal,2025-01-13 05:00 AM,2025,01,13,05,35.3,100,Moderate,40.0,UG/M3,1 Hr,Valid
Rangoon,PM2.5 - Principal,2025-01-13 06:00 AM,2025,01,13,06,36.6,104,Unhealthy for Sensitive Groups,39.0,UG/M3,1 Hr,Valid
Rangoon,PM2.5 - Principal,2025-01-13 07:00 AM,2025,01,13,07,38.5,108,Unhealthy for Sensitive Groups,42.0,UG/M3,1 Hr,Valid
Rangoon,PM2.5 - Principal,2025-01-13 08:00 AM,2025,01,13,08,42.2,117,Unhealthy for Sensitive Groups,47.0,UG/M3,1 Hr,Valid
Rangoon,PM2.5 - Principal,2025-01-13 09:00 AM,2025,01,13,09,41.3,115,Unhealthy for Sensitive Groups,40.0,UG/M3,1 Hr,Valid
Rangoon,PM2.5 - Principal,2025-01-13 10:00 AM,2025,01,13,10,33.8,97,Moderate,25.0,UG/M3,1 Hr,Valid
Rangoon,PM2.5 - Principal,2025-01-13 11:00 AM,2025,01,13,11,32.0,94,Moderate,30.0,UG/M3,1 Hr,Valid
Rangoon,PM2.5 - Principal,2025-01-13 12:00 PM,2025,01,13,12,28.7,88,Moderate,25.0,UG/M3,1 Hr,Valid
Rangoon,PM2.5 - Principal,2025-01-13 01:00 PM,2025,01,13,13,25.1,81,Moderate,22.0,UG/M3,1 Hr,Valid
Rangoon,PM2.5 - Principal,2025-01-13 02:00 PM,2025,01,13,14,24.0,79,Moderate,23.0,UG/M3,1 Hr,Valid
Rangoon,PM2.5 - Principal,2025-01-13 03:00 PM,2025,01,13,15,22.5,76,Moderate,21.0,UG/M3,1 Hr,Valid
Rangoon,PM2.5 - Principal,2025-01-13 04:00 PM,2025,01,13,16,23.2,77,Moderate,24.0,UG/M3,1 Hr,Valid
Rangoon,PM2.5 - Principal,2025-01-13 05:00 PM,2025,01,13,17,24.6,80,Moderate,26.0,UG/M3,1 Hr,Valid
Rangoon,PM2.5 - Principal,2025-01-13 06:00 PM,2025,01,13,18,27.8,86,Moderate,31.0,UG/M3,1 Hr,Valid
Rangoon,PM2.5 - Principal,2025-01-13 07:00 PM,2025,01,13,19,34.9,99,Moderate,42.0,UG/M3,1 Hr,Valid
Rangoon,PM2.5 - Principal,2025-01-13 08:00 PM,2025,01,13,20,50.4,138,Unhealthy for Sensitive Groups,66.0,UG/M3,1 Hr,Valid
Rangoon,PM2.5 - Principal,2025-01-13 09:00 PM,2025,01,13,21,59.7,154,Unhealthy,69.0,UG/M3,1 Hr,Valid
Rangoon,PM2.5 - Principal,2025-01-13 10:00 PM,2025,01,13,22,67.3,159,Unhealthy,75.0,UG/M3,1 Hr,Valid
Rangoon,PM2.5 - Principal,2025-01-13 11:00 PM,2025,01,13,23,76.6,166,Unhealthy,86.0,UG/M3,1 Hr,Valid
Rangoon,PM2.5 - Principal,2025-01-14 12:00 AM,2025,01,14,00,79.3,168,Unhealthy,82.0,UG/M3,1 Hr,Valid
Rangoon,PM2.5 - Principal,2025-01-14 01:00 AM,2025,01,14,01,79.1,168,Unhealthy,79.0,UG/M3,1 Hr,Valid
Rangoon,PM2.5 - Principal,2025-01-14 02:00 AM,2025,01,14,02,78.0,167,Unhealthy,77.0,UG/M3,1 Hr,Valid
Rangoon,PM2.5 - Principal,2025-01-14 03:00 AM,2025,01,14,03,76.0,165,Unhealthy,74.0,UG/M3,1 Hr,Valid
Rangoon,PM2.5 - Principal,2025-01-14 04:00 AM,2025,01,14,04,72.0,163,Unhealthy,68.0,UG/M3,1 Hr,Valid
Rangoon,PM2.5 - Principal,2025-01-14 05:00 AM,2025,01,14,05,72.5,163,Unhealthy,73.0,UG/M3,1 Hr,Valid
Rangoon,PM2.5 - Principal,2025-01-14 06:00 AM,2025,01,14,06,75.7,165,Unhealthy,79.0,UG/M3,1 Hr,Valid
Rangoon,PM2.5 - Principal,2025-01-14 07:00 AM,2025,01,14,07,82.3,170,Unhealthy,97.0,UG/M3,1 Hr,Valid
Rangoon,PM2.5 - Principal,2025-01-14 08:00 AM,2025,01,14,08,84.7,171,Unhealthy,91.0,UG/M3,1 Hr,Valid
Rangoon,PM2.5 - Principal,2025-01-14 09:00 AM,2025,01,14,09,87.6,174,Unhealthy,94.0,UG/M3,1 Hr,Valid
Rangoon,PM2.5 - Principal,2025-01-14 10:00 AM,2025,01,14,10,77.5,166,Unhealthy,59.0,UG/M3,1 Hr,Valid
Rangoon,PM2.5 - Principal,2025-01-14 11:00 AM,2025,01,14,11,58.0,153,Unhealthy,41.0,UG/M3,1 Hr,Valid
Rangoon,PM2.5 - Principal,2025-01-14 12:00 PM,2025,01,14,12,44.5,123,Unhealthy for Sensitive Groups,31.0,UG/M3,1 Hr,Valid
Rangoon,PM2.5 - Principal,2025-01-14 01:00 PM,2025,01,14,13,33.7,97,Moderate,23.0,UG/M3,1 Hr,Valid
Rangoon,PM2.5 - Principal,2025-01-14 02:00 PM,2025,01,14,14,30.3,90,Moderate,27.0,UG/M3,1 Hr,Valid
Rangoon,PM2.5 - Principal,2025-01-14 03:00 PM,2025,01,14,15,24.1,79,Moderate,18.0,UG/M3,1 Hr,Valid
Rangoon,PM2.5 - Principal,2025-01-14 04:00 PM,2025,01,14,16,20.5,72,Moderate,17.0,UG/M3,1 Hr,Valid
Rangoon,PM2.5 - Principal,2025-01-14 05:00 PM,2025,01,14,17,20.7,73,Moderate,21.0,UG/M3,1 Hr,Valid
Rangoon,PM2.5 - Principal,2025-01-14 06:00 PM,2025,01,14,18,24.3,79,Moderate,28.0,UG/M3,1 Hr,Valid
Rangoon,PM2.5 - Principal,2025-01-14 07:00 PM,2025,01,14,19,28.6,87,Moderate,33.0,UG/M3,1 Hr,Valid
Rangoon,PM2.5 - Principal,2025-01-14 08:00 PM,2025,01,14,20,43.8,121,Unhealthy for Sensitive Groups,59.0,UG/M3,1 Hr,Valid
Rangoon,PM2.5 - Principal,2025-01-14 09:00 PM,2025,01,14,21,57.4,152,Unhealthy,71.0,UG/M3,1 Hr,Valid
Rangoon,PM2.5 - Principal,2025-01-14 10:00 PM,2025,01,14,22,74.7,164,Unhealthy,92.0,UG/M3,1 Hr,Valid
Rangoon,PM2.5 - Principal,2025-01-14 11:00 PM,2025,01,14,23,77.3,166,Unhealthy,80.0,UG/M3,1 Hr,Valid
Rangoon,PM2.5 - Principal,2025-01-15 12:00 AM,2025,01,15,00,77.1,166,Unhealthy,77.0,UG/M3,1 Hr,Valid
Rangoon,PM2.5 - Principal,2025-01-15 01:00 AM,2025,01,15,01,63.0,156,Unhealthy,49.0,UG/M3,1 Hr,Valid
Rangoon,PM2.5 - Principal,2025-01-15 02:00 AM,2025,01,15,02,54.0,147,Unhealthy for Sensitive Groups,45.0,UG/M3,1 Hr,Valid
Rangoon,PM2.5 - Principal,2025-01-15 03:00 AM,2025,01,15,03,51.0,139,Unhealthy for Sensitive Groups,48.0,UG/M3,1 Hr,Valid
Rangoon,PM2.5 - Principal,2025-01-15 04:00 AM,2025,01,15,04,59.5,154,Unhealthy,68.0,UG/M3,1 Hr,Valid
Rangoon,PM2.5 - Principal,2025-01-15 05:00 AM,2025,01,15,05,82.2,170,Unhealthy,105.0,UG/M3,1 Hr,Valid
Rangoon,PM2.5 - Principal,2025-01-15 06:00 AM,2025,01,15,06,82.1,170,Unhealthy,82.0,UG/M3,1 Hr,Valid
Rangoon,PM2.5 - Principal,2025-01-15 07:00 AM,2025,01,15,07,70.0,161,Unhealthy,58.0,UG/M3,1 Hr,Valid
Rangoon,PM2.5 - Principal,2025-01-15 08:00 AM,2025,01,15,08,62.5,156,Unhealthy,55.0,UG/M3,1 Hr,Valid
Rangoon,PM2.5 - Principal,2025-01-15 09:00 AM,2025,01,15,09,66.2,159,Unhealthy,70.0,UG/M3,1 Hr,Valid
Rangoon,PM2.5 - Principal,2025-01-15 10:00 AM,2025,01,15,10,51.6,141,Unhealthy for Sensitive Groups,37.0,UG/M3,1 Hr,Valid
Rangoon,PM2.5 - Principal,2025-01-15 11:00 AM,2025,01,15,11,42.8,119,Unhealthy for Sensitive Groups,34.0,UG/M3,1 Hr,Valid
Rangoon,PM2.5 - Principal,2025-01-15 12:00 PM,2025,01,15,12,36.8,104,Unhealthy for Sensitive Groups,31.0,UG/M3,1 Hr,Valid
Rangoon,PM2.5 - Principal,2025-01-15 01:00 PM,2025,01,15,13,31.4,93,Moderate,26.0,UG/M3,1 Hr,Valid
Rangoon,PM2.5 - Principal,2025-01-15 02:00 PM,2025,01,15,14,28.7,88,Moderate,26.0,UG/M3,1 Hr,Valid
Rangoon,PM2.5 - Principal,2025-01-15 03:00 PM,2025,01,15,15,24.8,80,Moderate,21.0,UG/M3,1 Hr,Valid
Rangoon,PM2.5 - Principal,2025-01-15 04:00 PM,2025,01,15,16,23.4,78,Moderate,22.0,UG/M3,1 Hr,Valid
Rangoon,PM2.5 - Principal,2025-01-15 05:00 PM,2025,01,15,17,25.7,82,Moderate,28.0,UG/M3,1 Hr,Valid
Rangoon,PM2.5 - Principal,2025-01-15 06:00 PM,2025,01,15,18,31.8,93,Moderate,38.0,UG/M3,1 Hr,Valid
Rangoon,PM2.5 - Principal,2025-01-15 07:00 PM,2025,01,15,19,32.9,95,Moderate,34.0,UG/M3,1 Hr,Valid
Rangoon,PM2.5 - Principal,2025-01-15 08:00 PM,2025,01,15,20,40.4,113,Unhealthy for Sensitive Groups,48.0,UG/M3,1 Hr,Valid
Rangoon,PM2.5 - Principal,2025-01-15 09:00 PM,2025,01,15,21,48.2,132,Unhealthy for Sensitive Groups,56.0,UG/M3,1 Hr,Valid
Rangoon,PM2.5 - Principal,2025-01-15 10:00 PM,2025,01,15,22,57.1,152,Unhealthy,66.0,UG/M3,1 Hr,Valid
Rangoon,PM2.5 - Principal,2025-01-15 11:00 PM,2025,01,15,23,54.5,148,Unhealthy for Sensitive Groups,52.0,UG/M3,1 Hr,Valid
Rangoon,PM2.5 - Principal,2025-01-16 12:00 AM,2025,01,16,00,50.2,137,Unhealthy for Sensitive Groups,46.0,UG/M3,1 Hr,Valid
Rangoon,PM2.5 - Principal,2025-01-16 01:00 AM,2025,01,16,01,43.6,121,Unhealthy for Sensitive Groups,37.0,UG/M3,1 Hr,Valid
Rangoon,PM2.5 - Principal,2025-01-16 02:00 AM,2025,01,16,02,43.3,120,Unhealthy for Sensitive Groups,43.0,UG/M3,1 Hr,Valid
Rangoon,PM2.5 - Principal,2025-01-16 03:00 AM,2025,01,16,03,40.6,114,Unhealthy for Sensitive Groups,38.0,UG/M3,1 Hr,Valid
Rangoon,PM2.5 - Principal,2025-01-16 04:00 AM,2025,01,16,04,38.8,109,Unhealthy for Sensitive Groups,37.0,UG/M3,1 Hr,Valid
Rangoon,PM2.5 - Principal,2025-01-16 05:00 AM,2025,01,16,05,35.9,102,Unhealthy for Sensitive Groups,33.0,UG/M3,1 Hr,Valid
Rangoon,PM2.5 - Principal,2025-01-16 06:00 AM,2025,01,16,06,33.4,96,Moderate,31.0,UG/M3,1 Hr,Valid
Rangoon,PM2.5 - Principal,2025-01-16 07:00 AM,2025,01,16,07,34.7,99,Moderate,36.0,UG/M3,1 Hr,Valid
Rangoon,PM2.5 - Principal,2025-01-16 08:00 AM,2025,01,16,08,43.8,121,Unhealthy for Sensitive Groups,53.0,UG/M3,1 Hr,Valid
Rangoon,PM2.5 - Principal,2025-01-16 09:00 AM,2025,01,16,09,51.4,140,Unhealthy for Sensitive Groups,59.0,UG/M3,1 Hr,Valid
Rangoon,PM2.5 - Principal,2025-01-16 10:00 AM,2025,01,16,10,47.5,131,Unhealthy for Sensitive Groups,44.0,UG/M3,1 Hr,Valid
Rangoon,PM2.5 - Principal,2025-01-16 11:00 AM,2025,01,16,11,36.8,104,Unhealthy for Sensitive Groups,26.0,UG/M3,1 Hr,Valid
Rangoon,PM2.5 - Principal,2025-01-16 12:00 PM,2025,01,16,12,28.4,87,Moderate,20.0,UG/M3,1 Hr,Valid
Rangoon,PM2.5 - Principal,2025-01-16 01:00 PM,2025,01,16,13,25.2,81,Moderate,22.0,UG/M3,1 Hr,Valid
Rangoon,PM2.5 - Principal,2025-01-16 02:00 PM,2025,01,16,14,24.6,80,Moderate,24.0,UG/M3,1 Hr,Valid
Rangoon,PM2.5 - Principal,2025-01-16 03:00 PM,2025,01,16,15,22.7,76,Moderate,21.0,UG/M3,1 Hr,Valid
Rangoon,PM2.5 - Principal,2025-01-16 04:00 PM,2025,01,16,16,19.3,70,Moderate,16.0,UG/M3,1 Hr,Valid
Rangoon,PM2.5 - Principal,2025-01-16 05:00 PM,2025,01,16,17,19.6,71,Moderate,20.0,UG/M3,1 Hr,Valid
Rangoon,PM2.5 - Principal,2025-01-16 06:00 PM,2025,01,16,18,20.8,73,Moderate,22.0,UG/M3,1 Hr,Valid
Rangoon,PM2.5 - Principal,2025-01-16 07:00 PM,2025,01,16,19,27.9,86,Moderate,35.0,UG/M3,1 Hr,Valid
Rangoon,PM2.5 - Principal,2025-01-16 08:00 PM,2025,01,16,20,38.9,109,Unhealthy for Sensitive Groups,50.0,UG/M3,1 Hr,Valid
Rangoon,PM2.5 - Principal,2025-01-16 09:00 PM,2025,01,16,21,50.4,138,Unhealthy for Sensitive Groups,62.0,UG/M3,1 Hr,Valid
Rangoon,PM2.5 - Principal,2025-01-16 10:00 PM,2025,01,16,22,53.7,146,Unhealthy for Sensitive Groups,57.0,UG/M3,1 Hr,Valid
Rangoon,PM2.5 - Principal,2025-01-16 11:00 PM,2025,01,16,23,51.3,140,Unhealthy for Sensitive Groups,49.0,UG/M3,1 Hr,Valid
Rangoon,PM2.5 - Principal,2025-01-17 12:00 AM,2025,01,17,00,43.1,120,Unhealthy for Sensitive Groups,35.0,UG/M3,1 Hr,Valid
Rangoon,PM2.5 - Principal,2025-01-17 01:00 AM,2025,01,17,01,34.0,97,Moderate,25.0,UG/M3,1 Hr,Valid
Rangoon,PM2.5 - Principal,2025-01-17 02:00 AM,2025,01,17,02,33.0,96,Moderate,32.0,UG/M3,1 Hr,Valid
Rangoon,PM2.5 - Principal,2025-01-17 03:00 AM,2025,01,17,03,33.0,96,Moderate,33.0,UG/M3,1 Hr,Valid
Rangoon,PM2.5 - Principal,2025-01-17 04:00 AM,2025,01,17,04,37.0,105,Unhealthy for Sensitive Groups,41.0,UG/M3,1 Hr,Valid
Rangoon,PM2.5 - Principal,2025-01-17 05:00 AM,2025,01,17,05,34.0,97,Moderate,31.0,UG/M3,1 Hr,Valid
Rangoon,PM2.5 - Principal,2025-01-17 06:00 AM,2025,01,17,06,30.0,90,Moderate,26.0,UG/M3,1 Hr,Valid
Rangoon,PM2.5 - Principal,2025-01-17 07:00 AM,2025,01,17,07,29.5,89,Moderate,29.0,UG/M3,1 Hr,Valid
Rangoon,PM2.5 - Principal,2025-01-17 08:00 AM,2025,01,17,08,36.7,104,Unhealthy for Sensitive Groups,44.0,UG/M3,1 Hr,Valid
Rangoon,PM2.5 - Principal,2025-01-17 09:00 AM,2025,01,17,09,36.8,104,Unhealthy for Sensitive Groups,37.0,UG/M3,1 Hr,Valid
Rangoon,PM2.5 - Principal,2025-01-17 10:00 AM,2025,01,17,10,30.4,91,Moderate,24.0,UG/M3,1 Hr,Valid
Rangoon,PM2.5 - Principal,2025-01-17 11:00 AM,2025,01,17,11,26.9,84,Moderate,23.0,UG/M3,1 Hr,Valid
Rangoon,PM2.5 - Principal,2025-01-17 12:00 PM,2025,01,17,12,25.5,82,Moderate,24.0,UG/M3,1 Hr,Valid
Rangoon,PM2.5 - Principal,2025-01-17 01:00 PM,2025,01,17,13,26.2,83,Moderate,27.0,UG/M3,1 Hr,Valid
Rangoon,PM2.5 - Principal,2025-01-17 02:00 PM,2025,01,17,14,23.5,78,Moderate,21.0,UG/M3,1 Hr,Valid
Rangoon,PM2.5 - Principal,2025-01-17 03:00 PM,2025,01,17,15,18.7,69,Moderate,14.0,UG/M3,1 Hr,Valid
Rangoon,PM2.5 - Principal,2025-01-17 04:00 PM,2025,01,17,16,19.3,70,Moderate,20.0,UG/M3,1 Hr,Valid
Rangoon,PM2.5 - Principal,2025-01-17 05:00 PM,2025,01,17,17,18.6,69,Moderate,18.0,UG/M3,1 Hr,Valid
Rangoon,PM2.5 - Principal,2025-01-17 06:00 PM,2025,01,17,18,23.8,78,Moderate,29.0,UG/M3,1 Hr,Valid
Rangoon,PM2.5 - Principal,2025-01-17 07:00 PM,2025,01,17,19,34.9,99,Moderate,46.0,UG/M3,1 Hr,Valid
Rangoon,PM2.5 - Principal,2025-01-17 08:00 PM,2025,01,17,20,50.4,138,Unhealthy for Sensitive Groups,66.0,UG/M3,1 Hr,Valid
Rangoon,PM2.5 - Principal,2025-01-17 09:00 PM,2025,01,17,21,73.2,163,Unhealthy,96.0,UG/M3,1 Hr,Valid
Rangoon,PM2.5 - Principal,2025-01-17 10:00 PM,2025,01,17,22,88.1,174,Unhealthy,103.0,UG/M3,1 Hr,Valid
Rangoon,PM2.5 - Principal,2025-01-17 11:00 PM,2025,01,17,23,91.5,176,Unhealthy,95.0,UG/M3,1 Hr,Valid
Rangoon,PM2.5 - Principal,2025-01-18 12:00 AM,2025,01,18,00,88.7,174,Unhealthy,86.0,UG/M3,1 Hr,Valid
Rangoon,PM2.5 - Principal,2025-01-18 01:00 AM,2025,01,18,01,68.8,160,Unhealthy,49.0,UG/M3,1 Hr,Valid
Rangoon,PM2.5 - Principal,2025-01-18 02:00 AM,2025,01,18,02,54.4,148,Unhealthy for Sensitive Groups,40.0,UG/M3,1 Hr,Valid
Rangoon,PM2.5 - Principal,2025-01-18 03:00 AM,2025,01,18,03,50.7,138,Unhealthy for Sensitive Groups,47.0,UG/M3,1 Hr,Valid
Rangoon,PM2.5 - Principal,2025-01-18 04:00 AM,2025,01,18,04,43.8,121,Unhealthy for Sensitive Groups,37.0,UG/M3,1 Hr,Valid
Rangoon,PM2.5 - Principal,2025-01-18 05:00 AM,2025,01,18,05,37.4,106,Unhealthy for Sensitive Groups,31.0,UG/M3,1 Hr,Valid
Rangoon,PM2.5 - Principal,2025-01-18 06:00 AM,2025,01,18,06,30.7,91,Moderate,24.0,UG/M3,1 Hr,Valid
Rangoon,PM2.5 - Principal,2025-01-18 07:00 AM,2025,01,18,07,36.8,104,Unhealthy for Sensitive Groups,43.0,UG/M3,1 Hr,Valid
Rangoon,PM2.5 - Principal,2025-01-18 08:00 AM,2025,01,18,08,39.4,111,Unhealthy for Sensitive Groups,42.0,UG/M3,1 Hr,Valid
Rangoon,PM2.5 - Principal,2025-01-18 09:00 AM,2025,01,18,09,50.2,137,Unhealthy for Sensitive Groups,61.0,UG/M3,1 Hr,Valid
Rangoon,PM2.5 - Principal,2025-01-18 10:00 AM,2025,01,18,10,45.0,124,Unhealthy for Sensitive Groups,40.0,UG/M3,1 Hr,Valid
Rangoon,PM2.5 - Principal,2025-01-18 11:00 AM,2025,01,18,11,37.5,106,Unhealthy for Sensitive Groups,30.0,UG/M3,1 Hr,Valid
Rangoon,PM2.5 - Principal,2025-01-18 12:00 PM,2025,01,18,12,27.7,86,Moderate,18.0,UG/M3,1 Hr,Valid
Rangoon,PM2.5 - Principal,2025-01-18 01:00 PM,2025,01,18,13,23.8,78,Moderate,20.0,UG/M3,1 Hr,Valid
Rangoon,PM2.5 - Principal,2025-01-18 02:00 PM,2025,01,18,14,18.4,68,Moderate,13.0,UG/M3,1 Hr,Valid
Rangoon,PM2.5 - Principal,2025-01-18 03:00 PM,2025,01,18,15,12.7,58,Moderate,7.0,UG/M3,1 Hr,Valid
Rangoon,PM2.5 - Principal,2025-01-18 04:00 PM,2025,01,18,16,10.8,54,Moderate,9.0,UG/M3,1 Hr,Valid
Rangoon,PM2.5 - Principal,2025-01-18 05:00 PM,2025,01,18,17,9.4,52,Moderate,8.0,UG/M3,1 Hr,Valid
Rangoon,PM2.5 - Principal,2025-01-18 06:00 PM,2025,01,18,18,10.2,53,Moderate,11.0,UG/M3,1 Hr,Valid
Rangoon,PM2.5 - Principal,2025-01-18 07:00 PM,2025,01,18,19,20.1,71,Moderate,30.0,UG/M3,1 Hr,Valid
Rangoon,PM2.5 - Principal,2025-01-18 08:00 PM,2025,01,18,20,39.5,111,Unhealthy for Sensitive Groups,59.0,UG/M3,1 Hr,Valid
Rangoon,PM2.5 - Principal,2025-01-18 09:00 PM,2025,01,18,21,51.7,141,Unhealthy for Sensitive Groups,64.0,UG/M3,1 Hr,Valid
Rangoon,PM2.5 - Principal,2025-01-18 10:00 PM,2025,01,18,22,56.8,152,Unhealthy,62.0,UG/M3,1 Hr,Valid
Rangoon,PM2.5 - Principal,2025-01-18 11:00 PM,2025,01,18,23,68.4,160,Unhealthy,80.0,UG/M3,1 Hr,Valid
Rangoon,PM2.5 - Principal,2025-01-19 12:00 AM,2025,01,19,00,66.7,159,Unhealthy,65.0,UG/M3,1 Hr,Valid
Rangoon,PM2.5 - Principal,2025-01-19 01:00 AM,2025,01,19,01,68.3,160,Unhealthy,70.0,UG/M3,1 Hr,Valid
Rangoon,PM2.5 - Principal,2025-01-19 02:00 AM,2025,01,19,02,64.1,157,Unhealthy,60.0,UG/M3,1 Hr,Valid
Rangoon,PM2.5 - Principal,2025-01-19 03:00 AM,2025,01,19,03,55.1,149,Unhealthy for Sensitive Groups,46.0,UG/M3,1 Hr,Valid
Rangoon,PM2.5 - Principal,2025-01-19 04:00 AM,2025,01,19,04,53.0,144,Unhealthy for Sensitive Groups,51.0,UG/M3,1 Hr,Valid
Rangoon,PM2.5 - Principal,2025-01-19 05:00 AM,2025,01,19,05,50.5,138,Unhealthy for Sensitive Groups,48.0,UG/M3,1 Hr,Valid
Rangoon,PM2.5 - Principal,2025-01-19 06:00 AM,2025,01,19,06,48.7,134,Unhealthy for Sensitive Groups,47.0,UG/M3,1 Hr,Valid
Rangoon,PM2.5 - Principal,2025-01-19 07:00 AM,2025,01,19,07,46.3,128,Unhealthy for Sensitive Groups,43.0,UG/M3,1 Hr,Valid
Rangoon,PM2.5 - Principal,2025-01-19 08:00 AM,2025,01,19,08,47.5,131,Unhealthy for Sensitive Groups,49.0,UG/M3,1 Hr,Valid
Rangoon,PM2.5 - Principal,2025-01-19 09:00 AM,2025,01,19,09,60.7,155,Unhealthy,76.0,UG/M3,1 Hr,Valid
Rangoon,PM2.5 - Principal,2025-01-19 10:00 AM,2025,01,19,10,55.7,151,Unhealthy,50.0,UG/M3,1 Hr,Valid
Rangoon,PM2.5 - Principal,2025-01-19 11:00 AM,2025,01,19,11,40.9,114,Unhealthy for Sensitive Groups,26.0,UG/M3,1 Hr,Valid
Rangoon,PM2.5 - Principal,2025-01-19 12:00 PM,2025,01,19,12,29.9,90,Moderate,19.0,UG/M3,1 Hr,Valid
Rangoon,PM2.5 - Principal,2025-01-19 01:00 PM,2025,01,19,13,21.9,75,Moderate,14.0,UG/M3,1 Hr,Valid
Rangoon,PM2.5 - Principal,2025-01-19 02:00 PM,2025,01,19,14,19.9,71,Moderate,18.0,UG/M3,1 Hr,Valid
Rangoon,PM2.5 - Principal,2025-01-19 03:00 PM,2025,01,19,15,21.9,75,Moderate,24.0,UG/M3,1 Hr,Valid
Rangoon,PM2.5 - Principal,2025-01-19 04:00 PM,2025,01,19,16,22.9,77,Moderate,24.0,UG/M3,1 Hr,Valid
Rangoon,PM2.5 - Principal,2025-01-19 05:00 PM,2025,01,19,17,25.4,81,Moderate,28.0,UG/M3,1 Hr,Valid
Rangoon,PM2.5 - Principal,2025-01-19 06:00 PM,2025,01,19,18,32.2,94,Moderate,39.0,UG/M3,1 Hr,Valid
Rangoon,PM2.5 - Principal,2025-01-19 07:00 PM,2025,01,19,19,39.6,111,Unhealthy for Sensitive Groups,47.0,UG/M3,1 Hr,Valid
Rangoon,PM2.5 - Principal,2025-01-19 08:00 PM,2025,01,19,20,47.8,131,Unhealthy for Sensitive Groups,56.0,UG/M3,1 Hr,Valid
Rangoon,PM2.5 - Principal,2025-01-19 09:00 PM,2025,01,19,21,55.4,150,Unhealthy for Sensitive Groups,63.0,UG/M3,1 Hr,Valid
Rangoon,PM2.5 - Principal,2025-01-19 10:00 PM,2025,01,19,22,59.2,154,Unhealthy,63.0,UG/M3,1 Hr,Valid
Rangoon,PM2.5 - Principal,2025-01-19 11:00 PM,2025,01,19,23,59.1,154,Unhealthy,59.0,UG/M3,1 Hr,Valid
Rangoon,PM2.5 - Principal,2025-01-20 12:00 AM,2025,01,20,00,53.5,145,Unhealthy for Sensitive Groups,48.0,UG/M3,1 Hr,Valid
Rangoon,PM2.5 - Principal,2025-01-20 01:00 AM,2025,01,20,01,49.2,135,Unhealthy for Sensitive Groups,45.0,UG/M3,1 Hr,Valid
Rangoon,PM2.5 - Principal,2025-01-20 02:00 AM,2025,01,20,02,48.6,133,Unhealthy for Sensitive Groups,48.0,UG/M3,1 Hr,Valid
Rangoon,PM2.5 - Principal,2025-01-20 03:00 AM,2025,01,20,03,52.3,142,Unhealthy for Sensitive Groups,56.0,UG/M3,1 Hr,Valid
Rangoon,PM2.5 - Principal,2025-01-20 04:00 AM,2025,01,20,04,50.6,138,Unhealthy for Sensitive Groups,49.0,UG/M3,1 Hr,Valid
Rangoon,PM2.5 - Principal,2025-01-20 05:00 AM,2025,01,20,05,46.7,129,Unhealthy for Sensitive Groups,40.0,UG/M3,1 Hr,Valid
Rangoon,PM2.5 - Principal,2025-01-20 06:00 AM,2025,01,20,06,44.7,124,Unhealthy for Sensitive Groups,41.0,UG/M3,1 Hr,Valid
Rangoon,PM2.5 - Principal,2025-01-20 07:00 AM,2025,01,20,07,46.3,128,Unhealthy for Sensitive Groups,49.0,UG/M3,1 Hr,Valid
Rangoon,PM2.5 - Principal,2025-01-20 08:00 AM,2025,01,20,08,54.0,147,Unhealthy for Sensitive Groups,66.0,UG/M3,1 Hr,Valid
Rangoon,PM2.5 - Principal,2025-01-20 09:00 AM,2025,01,20,09,72.0,163,Unhealthy,88.0,UG/M3,1 Hr,Valid
Rangoon,PM2.5 - Principal,2025-01-20 10:00 AM,2025,01,20,10,74.0,164,Unhealthy,76.0,UG/M3,1 Hr,Valid
Rangoon,PM2.5 - Principal,2025-01-20 11:00 AM,2025,01,20,11,73.0,163,Unhealthy,72.0,UG/M3,1 Hr,Valid
Rangoon,PM2.5 - Principal,2025-01-20 12:00 PM,2025,01,20,12,55.0,149,Unhealthy for Sensitive Groups,37.0,UG/M3,1 Hr,Valid
Rangoon,PM2.5 - Principal,2025-01-20 01:00 PM,2025,01,20,13,42.9,119,Unhealthy for Sensitive Groups,31.0,UG/M3,1 Hr,Valid
Rangoon,PM2.5 - Principal,2025-01-20 02:00 PM,2025,01,20,14,39.9,112,Unhealthy for Sensitive Groups,37.0,UG/M3,1 Hr,Valid
Rangoon,PM2.5 - Principal,2025-01-20 03:00 PM,2025,01,20,15,38.9,109,Unhealthy for Sensitive Groups,38.0,UG/M3,1 Hr,Valid
Rangoon,PM2.5 - Principal,2025-01-20 04:00 PM,2025,01,20,16,37.4,106,Unhealthy for Sensitive Groups,36.0,UG/M3,1 Hr,Valid
Rangoon,PM2.5 - Principal,2025-01-20 05:00 PM,2025,01,20,17,36.2,103,Unhealthy for Sensitive Groups,35.0,UG/M3,1 Hr,Valid
Rangoon,PM2.5 - Principal,2025-01-20 06:00 PM,2025,01,20,18,33.6,97,Moderate,31.0,UG/M3,1 Hr,Valid
Rangoon,PM2.5 - Principal,2025-01-20 07:00 PM,2025,01,20,19,40.3,113,Unhealthy for Sensitive Groups,47.0,UG/M3,1 Hr,Valid
Rangoon,PM2.5 - Principal,2025-01-20 08:00 PM,2025,01,20,20,41.1,115,Unhealthy for Sensitive Groups,42.0,UG/M3,1 Hr,Valid
Rangoon,PM2.5 - Principal,2025-01-20 09:00 PM,2025,01,20,21,40.0,112,Unhealthy for Sensitive Groups,39.0,UG/M3,1 Hr,Valid
Rangoon,PM2.5 - Principal,2025-01-20 10:00 PM,2025,01,20,22,58.0,153,Unhealthy,76.0,UG/M3,1 Hr,Valid
Rangoon,PM2.5 - Principal,2025-01-20 11:00 PM,2025,01,20,23,63.5,157,Unhealthy,69.0,UG/M3,1 Hr,Valid
Rangoon,PM2.5 - Principal,2025-01-21 12:00 AM,2025,01,21,00,57.7,153,Unhealthy,52.0,UG/M3,1 Hr,Valid
Rangoon,PM2.5 - Principal,2025-01-21 01:00 AM,2025,01,21,01,47.8,131,Unhealthy for Sensitive Groups,38.0,UG/M3,1 Hr,Valid
Rangoon,PM2.5 - Principal,2025-01-21 02:00 AM,2025,01,21,02,39.4,111,Unhealthy for Sensitive Groups,31.0,UG/M3,1 Hr,Valid
Rangoon,PM2.5 - Principal,2025-01-21 03:00 AM,2025,01,21,03,35.7,101,Unhealthy for Sensitive Groups,32.0,UG/M3,1 Hr,Valid
Rangoon,PM2.5 - Principal,2025-01-21 04:00 AM,2025,01,21,04,32.8,95,Moderate,30.0,UG/M3,1 Hr,Valid
Rangoon,PM2.5 - Principal,2025-01-21 05:00 AM,2025,01,21,05,31.4,93,Moderate,30.0,UG/M3,1 Hr,Valid
Rangoon,PM2.5 - Principal,2025-01-21 06:00 AM,2025,01,21,06,32.7,95,Moderate,34.0,UG/M3,1 Hr,Valid
Rangoon,PM2.5 - Principal,2025-01-21 07:00 AM,2025,01,21,07,33.8,97,Moderate,35.0,UG/M3,1 Hr,Valid
Rangoon,PM2.5 - Principal,2025-01-21 08:00 AM,2025,01,21,08,40.9,114,Unhealthy for Sensitive Groups,48.0,UG/M3,1 Hr,Valid
Rangoon,PM2.5 - Principal,2025-01-21 09:00 AM,2025,01,21,09,38.9,109,Unhealthy for Sensitive Groups,37.0,UG/M3,1 Hr,Valid
Rangoon,PM2.5 - Principal,2025-01-21 10:00 AM,2025,01,21,10,34.4,98,Moderate,30.0,UG/M3,1 Hr,Valid
Rangoon,PM2.5 - Principal,2025-01-21 11:00 AM,2025,01,21,11,30.2,90,Moderate,26.0,UG/M3,1 Hr,Valid
Rangoon,PM2.5 - Principal,2025-01-21 12:00 PM,2025,01,21,12,27.8,86,Moderate,25.0,UG/M3,1 Hr,Valid
Rangoon,PM2.5 - Principal,2025-01-21 01:00 PM,2025,01,21,13,28.8,88,Moderate,30.0,UG/M3,1 Hr,Valid
Rangoon,PM2.5 - Principal,2025-01-21 02:00 PM,2025,01,21,14,28.4,87,Moderate,28.0,UG/M3,1 Hr,Valid
Rangoon,PM2.5 - Principal,2025-01-21 03:00 PM,2025,01,21,15,29.1,88,Moderate,30.0,UG/M3,1 Hr,Valid
Rangoon,PM2.5 - Principal,2025-01-21 04:00 PM,2025,01,21,16,28.1,86,Moderate,27.0,UG/M3,1 Hr,Valid
Rangoon,PM2.5 - Principal,2025-01-21 05:00 PM,2025,01,21,17,26.0,82,Moderate,24.0,UG/M3,1 Hr,Valid
Rangoon,PM2.5 - Principal,2025-01-21 06:00 PM,2025,01,21,18,28.0,86,Moderate,30.0,UG/M3,1 Hr,Valid
Rangoon,PM2.5 - Principal,2025-01-21 07:00 PM,2025,01,21,19,27.0,84,Moderate,26.0,UG/M3,1 Hr,Valid
Rangoon,PM2.5 - Principal,2025-01-21 08:00 PM,2025,01,21,20,35.4,100,Moderate,45.0,UG/M3,1 Hr,Valid
Rangoon,PM2.5 - Principal,2025-01-21 09:00 PM,2025,01,21,21,46.0,127,Unhealthy for Sensitive Groups,56.0,UG/M3,1 Hr,Valid
Rangoon,PM2.5 - Principal,2025-01-21 10:00 PM,2025,01,21,22,49.5,135,Unhealthy for Sensitive Groups,53.0,UG/M3,1 Hr,Valid
Rangoon,PM2.5 - Principal,2025-01-21 11:00 PM,2025,01,21,23,42.2,117,Unhealthy for Sensitive Groups,35.0,UG/M3,1 Hr,Valid
Rangoon,PM2.5 - Principal,2025-01-22 12:00 AM,2025,01,22,00,39.1,110,Unhealthy for Sensitive Groups,36.0,UG/M3,1 Hr,Valid
Rangoon,PM2.5 - Principal,2025-01-22 01:00 AM,2025,01,22,01,37.0,105,Unhealthy for Sensitive Groups,35.0,UG/M3,1 Hr,Valid
Rangoon,PM2.5 - Principal,2025-01-22 02:00 AM,2025,01,22,02,32.5,95,Moderate,28.0,UG/M3,1 Hr,Valid
Rangoon,PM2.5 - Principal,2025-01-22 03:00 AM,2025,01,22,03,29.7,89,Moderate,27.0,UG/M3,1 Hr,Valid
Rangoon,PM2.5 - Principal,2025-01-22 04:00 AM,2025,01,22,04,28.3,87,Moderate,27.0,UG/M3,1 Hr,Valid
Rangoon,PM2.5 - Principal,2025-01-22 05:00 AM,2025,01,22,05,26.1,83,Moderate,24.0,UG/M3,1 Hr,Valid
Rangoon,PM2.5 - Principal,2025-01-22 06:00 AM,2025,01,22,06,29.0,88,Moderate,32.0,UG/M3,1 Hr,Valid
Rangoon,PM2.5 - Principal,2025-01-22 07:00 AM,2025,01,22,07,33.5,96,Moderate,38.0,UG/M3,1 Hr,Valid
Rangoon,PM2.5 - Principal,2025-01-22 08:00 AM,2025,01,22,08,46.2,127,Unhealthy for Sensitive Groups,59.0,UG/M3,1 Hr,Valid
Rangoon,PM2.5 - Principal,2025-01-22 09:00 AM,2025,01,22,09,54.6,148,Unhealthy for Sensitive Groups,63.0,UG/M3,1 Hr,Valid
Rangoon,PM2.5 - Principal,2025-01-22 10:00 AM,2025,01,22,10,60.3,154,Unhealthy,66.0,UG/M3,1 Hr,Valid
Rangoon,PM2.5 - Principal,2025-01-22 11:00 AM,2025,01,22,11,53.6,146,Unhealthy for Sensitive Groups,47.0,UG/M3,1 Hr,Valid
Rangoon,PM2.5 - Principal,2025-01-22 12:00 PM,2025,01,22,12,42.3,118,Unhealthy for Sensitive Groups,31.0,UG/M3,1 Hr,Valid
Rangoon,PM2.5 - Principal,2025-01-22 01:00 PM,2025,01,22,13,39.1,110,Unhealthy for Sensitive Groups,36.0,UG/M3,1 Hr,Valid
Rangoon,PM2.5 - Principal,2025-01-22 02:00 PM,2025,01,22,14,32.5,95,Moderate,26.0,UG/M3,1 Hr,Valid
Rangoon,PM2.5 - Principal,2025-01-22 03:00 PM,2025,01,22,15,30.2,90,Moderate,28.0,UG/M3,1 Hr,Valid
Rangoon,PM2.5 - Principal,2025-01-22 04:00 PM,2025,01,22,16,27.6,85,Moderate,25.0,UG/M3,1 Hr,Valid
Rangoon,PM2.5 - Principal,2025-01-22 05:00 PM,2025,01,22,17,28.8,88,Moderate,30.0,UG/M3,1 Hr,Valid
Rangoon,PM2.5 - Principal,2025-01-22 06:00 PM,2025,01,22,18,27.9,86,Moderate,27.0,UG/M3,1 Hr,Valid
Rangoon,PM2.5 - Principal,2025-01-22 07:00 PM,2025,01,22,19,30.9,92,Moderate,34.0,UG/M3,1 Hr,Valid
Rangoon,PM2.5 - Principal,2025-01-22 08:00 PM,2025,01,22,20,39.4,111,Unhealthy for Sensitive Groups,48.0,UG/M3,1 Hr,Valid
Rangoon,PM2.5 - Principal,2025-01-22 09:00 PM,2025,01,22,21,47.7,131,Unhealthy for Sensitive Groups,56.0,UG/M3,1 Hr,Valid
Rangoon,PM2.5 - Principal,2025-01-22 10:00 PM,2025,01,22,22,46.3,128,Unhealthy for Sensitive Groups,45.0,UG/M3,1 Hr,Valid
Rangoon,PM2.5 - Principal,2025-01-22 11:00 PM,2025,01,22,23,39.1,110,Unhealthy for Sensitive Groups,32.0,UG/M3,1 Hr,Valid
Rangoon,PM2.5 - Principal,2025-01-23 12:00 AM,2025,01,23,00,29.5,89,Moderate,20.0,UG/M3,1 Hr,Valid
Rangoon,PM2.5 - Principal,2025-01-23 01:00 AM,2025,01,23,01,23.2,77,Moderate,17.0,UG/M3,1 Hr,Valid
Rangoon,PM2.5 - Principal,2025-01-23 02:00 AM,2025,01,23,02,21.6,74,Moderate,20.0,UG/M3,1 Hr,Valid
Rangoon,PM2.5 - Principal,2025-01-23 03:00 AM,2025,01,23,03,20.8,73,Moderate,20.0,UG/M3,1 Hr,Valid
Rangoon,PM2.5 - Principal,2025-01-23 04:00 AM,2025,01,23,04,25.4,81,Moderate,30.0,UG/M3,1 Hr,Valid
Rangoon,PM2.5 - Principal,2025-01-23 05:00 AM,2025,01,23,05,28.7,88,Moderate,32.0,UG/M3,1 Hr,Valid
Rangoon,PM2.5 - Principal,2025-01-23 06:00 AM,2025,01,23,06,32.3,94,Moderate,36.0,UG/M3,1 Hr,Valid
Rangoon,PM2.5 - Principal,2025-01-23 07:00 AM,2025,01,23,07,40.6,114,Unhealthy for Sensitive Groups,49.0,UG/M3,1 Hr,Valid
Rangoon,PM2.5 - Principal,2025-01-23 08:00 AM,2025,01,23,08,48.8,134,Unhealthy for Sensitive Groups,57.0,UG/M3,1 Hr,Valid
Rangoon,PM2.5 - Principal,2025-01-23 09:00 AM,2025,01,23,09,53.4,145,Unhealthy for Sensitive Groups,58.0,UG/M3,1 Hr,Valid
Rangoon,PM2.5 - Principal,2025-01-23 10:00 AM,2025,01,23,10,63.7,157,Unhealthy,74.0,UG/M3,1 Hr,Valid
Rangoon,PM2.5 - Principal,2025-01-23 11:00 AM,2025,01,23,11,62.3,156,Unhealthy,61.0,UG/M3,1 Hr,Valid
Rangoon,PM2.5 - Principal,2025-01-23 12:00 PM,2025,01,23,12,60.1,154,Unhealthy,58.0,UG/M3,1 Hr,Valid
Rangoon,PM2.5 - Principal,2025-01-23 01:00 PM,2025,01,23,13,61.5,155,Unhealthy,63.0,UG/M3,1 Hr,Valid
Rangoon,PM2.5 - Principal,2025-01-23 02:00 PM,2025,01,23,14,56.8,152,Unhealthy,52.0,UG/M3,1 Hr,Valid
Rangoon,PM2.5 - Principal,2025-01-23 03:00 PM,2025,01,23,15,43.9,122,Unhealthy for Sensitive Groups,31.0,UG/M3,1 Hr,Valid
Rangoon,PM2.5 - Principal,2025-01-23 04:00 PM,2025,01,23,16,38.9,109,Unhealthy for Sensitive Groups,34.0,UG/M3,1 Hr,Valid
Rangoon,PM2.5 - Principal,2025-01-23 05:00 PM,2025,01,23,17,37.4,106,Unhealthy for Sensitive Groups,36.0,UG/M3,1 Hr,Valid
Rangoon,PM2.5 - Principal,2025-01-23 06:00 PM,2025,01,23,18,36.7,104,Unhealthy for Sensitive Groups,36.0,UG/M3,1 Hr,Valid
Rangoon,PM2.5 - Principal,2025-01-23 07:00 PM,2025,01,23,19,41.3,115,Unhealthy for Sensitive Groups,46.0,UG/M3,1 Hr,Valid
Rangoon,PM2.5 - Principal,2025-01-23 08:00 PM,2025,01,23,20,41.1,115,Unhealthy for Sensitive Groups,41.0,UG/M3,1 Hr,Valid
Rangoon,PM2.5 - Principal,2025-01-23 09:00 PM,2025,01,23,21,47.0,129,Unhealthy for Sensitive Groups,53.0,UG/M3,1 Hr,Valid
Rangoon,PM2.5 - Principal,2025-01-23 10:00 PM,2025,01,23,22,49.0,134,Unhealthy for Sensitive Groups,51.0,UG/M3,1 Hr,Valid
Rangoon,PM2.5 - Principal,2025-01-23 11:00 PM,2025,01,23,23,46.5,128,Unhealthy for Sensitive Groups,44.0,UG/M3,1 Hr,Valid
Rangoon,PM2.5 - Principal,2025-01-24 12:00 AM,2025,01,24,00,42.2,117,Unhealthy for Sensitive Groups,38.0,UG/M3,1 Hr,Valid
Rangoon,PM2.5 - Principal,2025-01-24 01:00 AM,2025,01,24,01,34.1,98,Moderate,26.0,UG/M3,1 Hr,Valid
Rangoon,PM2.5 - Principal,2025-01-24 02:00 AM,2025,01,24,02,31.5,93,Moderate,29.0,UG/M3,1 Hr,Valid
Rangoon,PM2.5 - Principal,2025-01-24 03:00 AM,2025,01,24,03,31.2,92,Moderate,31.0,UG/M3,1 Hr,Valid
Rangoon,PM2.5 - Principal,2025-01-24 04:00 AM,2025,01,24,04,31.6,93,Moderate,32.0,UG/M3,1 Hr,Valid
Rangoon,PM2.5 - Principal,2025-01-24 05:00 AM,2025,01,24,05,33.3,96,Moderate,35.0,UG/M3,1 Hr,Valid
Rangoon,PM2.5 - Principal,2025-01-24 06:00 AM,2025,01,24,06,37.6,106,Unhealthy for Sensitive Groups,42.0,UG/M3,1 Hr,Valid
Rangoon,PM2.5 - Principal,2025-01-24 07:00 AM,2025,01,24,07,43.3,120,Unhealthy for Sensitive Groups,49.0,UG/M3,1 Hr,Valid
Rangoon,PM2.5 - Principal,2025-01-24 08:00 AM,2025,01,24,08,50.6,138,Unhealthy for Sensitive Groups,58.0,UG/M3,1 Hr,Valid
Rangoon,PM2.5 - Principal,2025-01-24 09:00 AM,2025,01,24,09,69.8,161,Unhealthy,89.0,UG/M3,1 Hr,Valid
Rangoon,PM2.5 - Principal,2025-01-24 10:00 AM,2025,01,24,10,75.4,165,Unhealthy,81.0,UG/M3,1 Hr,Valid
Rangoon,PM2.5 - Principal,2025-01-24 11:00 AM,2025,01,24,11,71.7,162,Unhealthy,68.0,UG/M3,1 Hr,Valid
Rangoon,PM2.5 - Principal,2025-01-24 12:00 PM,2025,01,24,12,59.8,154,Unhealthy,48.0,UG/M3,1 Hr,Valid
Rangoon,PM2.5 - Principal,2025-01-24 01:00 PM,2025,01,24,13,50.4,138,Unhealthy for Sensitive Groups,41.0,UG/M3,1 Hr,Valid
Rangoon,PM2.5 - Principal,2025-01-24 02:00 PM,2025,01,24,14,39.7,111,Unhealthy for Sensitive Groups,29.0,UG/M3,1 Hr,Valid
Rangoon,PM2.5 - Principal,2025-01-24 03:00 PM,2025,01,24,15,34.3,98,Moderate,29.0,UG/M3,1 Hr,Valid
Rangoon,PM2.5 - Principal,2025-01-24 04:00 PM,2025,01,24,16,31.6,93,Moderate,29.0,UG/M3,1 Hr,Valid
Rangoon,PM2.5 - Principal,2025-01-24 05:00 PM,2025,01,24,17,28.3,87,Moderate,25.0,UG/M3,1 Hr,Valid
Rangoon,PM2.5 - Principal,2025-01-24 06:00 PM,2025,01,24,18,31.1,92,Moderate,34.0,UG/M3,1 Hr,Valid
Rangoon,PM2.5 - Principal,2025-01-24 07:00 PM,2025,01,24,19,37.0,105,Unhealthy for Sensitive Groups,43.0,UG/M3,1 Hr,Valid
Rangoon,PM2.5 - Principal,2025-01-24 08:00 PM,2025,01,24,20,45.0,124,Unhealthy for Sensitive Groups,53.0,UG/M3,1 Hr,Valid
Rangoon,PM2.5 - Principal,2025-01-24 09:00 PM,2025,01,24,21,47.5,131,Unhealthy for Sensitive Groups,50.0,UG/M3,1 Hr,Valid
Rangoon,PM2.5 - Principal,2025-01-24 10:00 PM,2025,01,24,22,45.2,125,Unhealthy for Sensitive Groups,43.0,UG/M3,1 Hr,Valid
Rangoon,PM2.5 - Principal,2025-01-24 11:00 PM,2025,01,24,23,40.6,114,Unhealthy for Sensitive Groups,36.0,UG/M3,1 Hr,Valid
Rangoon,PM2.5 - Principal,2025-01-25 12:00 AM,2025,01,25,00,37.3,105,Unhealthy for Sensitive Groups,34.0,UG/M3,1 Hr,Valid
Rangoon,PM2.5 - Principal,2025-01-25 01:00 AM,2025,01,25,01,35.6,101,Unhealthy for Sensitive Groups,34.0,UG/M3,1 Hr,Valid
Rangoon,PM2.5 - Principal,2025-01-25 02:00 AM,2025,01,25,02,34.8,99,Moderate,34.0,UG/M3,1 Hr,Valid
Rangoon,PM2.5 - Principal,2025-01-25 03:00 AM,2025,01,25,03,35.4,100,Moderate,36.0,UG/M3,1 Hr,Valid
Rangoon,PM2.5 - Principal,2025-01-25 04:00 AM,2025,01,25,04,35.2,100,Moderate,35.0,UG/M3,1 Hr,Valid
Rangoon,PM2.5 - Principal,2025-01-25 05:00 AM,2025,01,25,05,37.5,106,Unhealthy for Sensitive Groups,41.0,UG/M3,1 Hr,Valid
Rangoon,PM2.5 - Principal,2025-01-25 06:00 AM,2025,01,25,06,38.4,108,Unhealthy for Sensitive Groups,40.0,UG/M3,1 Hr,Valid
Rangoon,PM2.5 - Principal,2025-01-25 07:00 AM,2025,01,25,07,41.5,116,Unhealthy for Sensitive Groups,47.0,UG/M3,1 Hr,Valid
Rangoon,PM2.5 - Principal,2025-01-25 08:00 AM,2025,01,25,08,42.9,119,Unhealthy for Sensitive Groups,47.0,UG/M3,1 Hr,Valid
Rangoon,PM2.5 - Principal,2025-01-25 09:00 AM,2025,01,25,09,54.4,148,Unhealthy for Sensitive Groups,65.0,UG/M3,1 Hr,Valid
Rangoon,PM2.5 - Principal,2025-01-25 10:00 AM,2025,01,25,10,49.9,136,Unhealthy for Sensitive Groups,45.0,UG/M3,1 Hr,Valid
Rangoon,PM2.5 - Principal,2025-01-25 11:00 AM,2025,01,25,11,48.0,132,Unhealthy for Sensitive Groups,46.0,UG/M3,1 Hr,Valid
Rangoon,PM2.5 - Principal,2025-01-25 12:00 PM,2025,01,25,12,40.0,112,Unhealthy for Sensitive Groups,32.0,UG/M3,1 Hr,Valid
Rangoon,PM2.5 - Principal,2025-01-25 01:00 PM,2025,01,25,13,39.5,111,Unhealthy for Sensitive Groups,39.0,UG/M3,1 Hr,Valid
Rangoon,PM2.5 - Principal,2025-01-25 02:00 PM,2025,01,25,14,37.2,105,Unhealthy for Sensitive Groups,35.0,UG/M3,1 Hr,Valid
Rangoon,PM2.5 - Principal,2025-01-25 03:00 PM,2025,01,25,15,37.6,106,Unhealthy for Sensitive Groups,38.0,UG/M3,1 Hr,Valid
Rangoon,PM2.5 - Principal,2025-01-25 04:00 PM,2025,01,25,16,37.8,107,Unhealthy for Sensitive Groups,38.0,UG/M3,1 Hr,Valid
Rangoon,PM2.5 - Principal,2025-01-25 05:00 PM,2025,01,25,17,39.9,112,Unhealthy for Sensitive Groups,42.0,UG/M3,1 Hr,Valid
Rangoon,PM2.5 - Principal,2025-01-25 06:00 PM,2025,01,25,18,39.9,112,Unhealthy for Sensitive Groups,40.0,UG/M3,1 Hr,Valid
Rangoon,PM2.5 - Principal,2025-01-25 07:00 PM,2025,01,25,19,43.4,120,Unhealthy for Sensitive Groups,47.0,UG/M3,1 Hr,Valid
Rangoon,PM2.5 - Principal,2025-01-25 08:00 PM,2025,01,25,20,43.2,120,Unhealthy for Sensitive Groups,43.0,UG/M3,1 Hr,Valid
Rangoon,PM2.5 - Principal,2025-01-25 09:00 PM,2025,01,25,21,53.6,146,Unhealthy for Sensitive Groups,64.0,UG/M3,1 Hr,Valid
Rangoon,PM2.5 - Principal,2025-01-25 10:00 PM,2025,01,25,22,73.8,164,Unhealthy,94.0,UG/M3,1 Hr,Valid
Rangoon,PM2.5 - Principal,2025-01-25 11:00 PM,2025,01,25,23,75.9,165,Unhealthy,78.0,UG/M3,1 Hr,Valid
Rangoon,PM2.5 - Principal,2025-01-26 12:00 AM,2025,01,26,00,70.9,162,Unhealthy,66.0,UG/M3,1 Hr,Valid
Rangoon,PM2.5 - Principal,2025-01-26 01:00 AM,2025,01,26,01,60.9,155,Unhealthy,51.0,UG/M3,1 Hr,Valid
Rangoon,PM2.5 - Principal,2025-01-26 02:00 AM,2025,01,26,02,55.4,150,Unhealthy for Sensitive Groups,50.0,UG/M3,1 Hr,Valid
Rangoon,PM2.5 - Principal,2025-01-26 03:00 AM,2025,01,26,03,50.7,138,Unhealthy for Sensitive Groups,46.0,UG/M3,1 Hr,Valid
Rangoon,PM2.5 - Principal,2025-01-26 04:00 AM,2025,01,26,04,45.8,126,Unhealthy for Sensitive Groups,41.0,UG/M3,1 Hr,Valid
Rangoon,PM2.5 - Principal,2025-01-26 05:00 AM,2025,01,26,05,44.9,124,Unhealthy for Sensitive Groups,44.0,UG/M3,1 Hr,Valid
Rangoon,PM2.5 - Principal,2025-01-26 06:00 AM,2025,01,26,06,50.4,138,Unhealthy for Sensitive Groups,56.0,UG/M3,1 Hr,Valid
Rangoon,PM2.5 - Principal,2025-01-26 07:00 AM,2025,01,26,07,65.7,158,Unhealthy,81.0,UG/M3,1 Hr,Valid
Rangoon,PM2.5 - Principal,2025-01-26 08:00 AM,2025,01,26,08,79.8,168,Unhealthy,94.0,UG/M3,1 Hr,Valid
Rangoon,PM2.5 - Principal,2025-01-26 09:00 AM,2025,01,26,09,75.9,165,Unhealthy,72.0,UG/M3,1 Hr,Valid
Rangoon,PM2.5 - Principal,2025-01-26 10:00 AM,2025,01,26,10,70.4,161,Unhealthy,65.0,UG/M3,1 Hr,Valid
Rangoon,PM2.5 - Principal,2025-01-26 11:00 AM,2025,01,26,11,66.2,159,Unhealthy,62.0,UG/M3,1 Hr,Valid
Rangoon,PM2.5 - Principal,2025-01-26 12:00 PM,2025,01,26,12,59.1,154,Unhealthy,52.0,UG/M3,1 Hr,Valid
Rangoon,PM2.5 - Principal,2025-01-26 01:00 PM,2025,01,26,13,48.5,133,Unhealthy for Sensitive Groups,38.0,UG/M3,1 Hr,Valid
Rangoon,PM2.5 - Principal,2025-01-26 02:00 PM,2025,01,26,14,41.2,115,Unhealthy for Sensitive Groups,34.0,UG/M3,1 Hr,Valid
Rangoon,PM2.5 - Principal,2025-01-26 03:00 PM,2025,01,26,15,39.1,110,Unhealthy for Sensitive Groups,37.0,UG/M3,1 Hr,Valid
Rangoon,PM2.5 - Principal,2025-01-26 04:00 PM,2025,01,26,16,32.5,95,Moderate,26.0,UG/M3,1 Hr,Valid
Rangoon,PM2.5 - Principal,2025-01-26 05:00 PM,2025,01,26,17,29.7,89,Moderate,27.0,UG/M3,1 Hr,Valid
Rangoon,PM2.5 - Principal,2025-01-26 06:00 PM,2025,01,26,18,35.3,100,Moderate,41.0,UG/M3,1 Hr,Valid
Rangoon,PM2.5 - Principal,2025-01-26 07:00 PM,2025,01,26,19,40.6,114,Unhealthy for Sensitive Groups,46.0,UG/M3,1 Hr,Valid
Rangoon,PM2.5 - Principal,2025-01-26 08:00 PM,2025,01,26,20,44.8,124,Unhealthy for Sensitive Groups,49.0,UG/M3,1 Hr,Valid
Rangoon,PM2.5 - Principal,2025-01-26 09:00 PM,2025,01,26,21,50.4,138,Unhealthy for Sensitive Groups,56.0,UG/M3,1 Hr,Valid
Rangoon,PM2.5 - Principal,2025-01-26 10:00 PM,2025,01,26,22,48.2,132,Unhealthy for Sensitive Groups,46.0,UG/M3,1 Hr,Valid
Rangoon,PM2.5 - Principal,2025-01-26 11:00 PM,2025,01,26,23,43.6,121,Unhealthy for Sensitive Groups,39.0,UG/M3,1 Hr,Valid
Rangoon,PM2.5 - Principal,2025-01-27 12:00 AM,2025,01,27,00,42.2,117,Unhealthy for Sensitive Groups,41.0,UG/M3,1 Hr,Valid
Rangoon,PM2.5 - Principal,2025-01-27 01:00 AM,2025,01,27,01,37.6,106,Unhealthy for Sensitive Groups,33.0,UG/M3,1 Hr,Valid
Rangoon,PM2.5 - Principal,2025-01-27 02:00 AM,2025,01,27,02,37.3,105,Unhealthy for Sensitive Groups,37.0,UG/M3,1 Hr,Valid
Rangoon,PM2.5 - Principal,2025-01-27 03:00 AM,2025,01,27,03,35.6,101,Unhealthy for Sensitive Groups,34.0,UG/M3,1 Hr,Valid
Rangoon,PM2.5 - Principal,2025-01-27 04:00 AM,2025,01,27,04,39.3,110,Unhealthy for Sensitive Groups,43.0,UG/M3,1 Hr,Valid
Rangoon,PM2.5 - Principal,2025-01-27 05:00 AM,2025,01,27,05,42.7,119,Unhealthy for Sensitive Groups,48.0,UG/M3,1 Hr,Valid
Rangoon,PM2.5 - Principal,2025-01-27 06:00 AM,2025,01,27,06,53.4,145,Unhealthy for Sensitive Groups,64.0,UG/M3,1 Hr,Valid
Rangoon,PM2.5 - Principal,2025-01-27 07:00 AM,2025,01,27,07,65.9,158,Unhealthy,78.0,UG/M3,1 Hr,Valid
Rangoon,PM2.5 - Principal,2025-01-27 08:00 AM,2025,01,27,08,88.9,174,Unhealthy,112.0,UG/M3,1 Hr,Valid
Rangoon,PM2.5 - Principal,2025-01-27 09:00 AM,2025,01,27,09,98.4,181,Unhealthy,108.0,UG/M3,1 Hr,Valid
Rangoon,PM2.5 - Principal,2025-01-27 10:00 AM,2025,01,27,10,100.2,182,Unhealthy,102.0,UG/M3,1 Hr,Valid
Rangoon,PM2.5 - Principal,2025-01-27 11:00 AM,2025,01,27,11,103.6,185,Unhealthy,107.0,UG/M3,1 Hr,Valid
Rangoon,PM2.5 - Principal,2025-01-27 12:00 PM,2025,01,27,12,89.8,175,Unhealthy,76.0,UG/M3,1 Hr,Valid
Rangoon,PM2.5 - Principal,2025-01-27 01:00 PM,2025,01,27,13,72.4,163,Unhealthy,55.0,UG/M3,1 Hr,Valid
Rangoon,PM2.5 - Principal,2025-01-27 02:00 PM,2025,01,27,14,63.7,157,Unhealthy,55.0,UG/M3,1 Hr,Valid
Rangoon,PM2.5 - Principal,2025-01-27 03:00 PM,2025,01,27,15,58.3,153,Unhealthy,53.0,UG/M3,1 Hr,Valid
Rangoon,PM2.5 - Principal,2025-01-27 04:00 PM,2025,01,27,16,52.6,143,Unhealthy for Sensitive Groups,47.0,UG/M3,1 Hr,Valid
Rangoon,PM2.5 - Principal,2025-01-27 05:00 PM,2025,01,27,17,50.3,137,Unhealthy for Sensitive Groups,48.0,UG/M3,1 Hr,Valid
Rangoon,PM2.5 - Principal,2025-01-27 06:00 PM,2025,01,27,18,50.6,138,Unhealthy for Sensitive Groups,51.0,UG/M3,1 Hr,Valid
Rangoon,PM2.5 - Principal,2025-01-27 07:00 PM,2025,01,27,19,42.3,118,Unhealthy for Sensitive Groups,34.0,UG/M3,1 Hr,Valid
Rangoon,PM2.5 - Principal,2025-01-27 08:00 PM,2025,01,27,20,54.1,147,Unhealthy for Sensitive Groups,66.0,UG/M3,1 Hr,Valid
Rangoon,PM2.5 - Principal,2025-01-27 09:00 PM,2025,01,27,21,57.5,152,Unhealthy,61.0,UG/M3,1 Hr,Valid
Rangoon,PM2.5 - Principal,2025-01-27 10:00 PM,2025,01,27,22,59.7,154,Unhealthy,62.0,UG/M3,1 Hr,Valid
Rangoon,PM2.5 - Principal,2025-01-27 11:00 PM,2025,01,27,23,57.3,152,Unhealthy,55.0,UG/M3,1 Hr,Valid
Rangoon,PM2.5 - Principal,2025-01-28 12:00 AM,2025,01,28,00,48.9,134,Unhealthy for Sensitive Groups,40.0,UG/M3,1 Hr,Valid
Rangoon,PM2.5 - Principal,2025-01-28 01:00 AM,2025,01,28,01,43.1,120,Unhealthy for Sensitive Groups,37.0,UG/M3,1 Hr,Valid
Rangoon,PM2.5 - Principal,2025-01-28 02:00 AM,2025,01,28,02,38.7,109,Unhealthy for Sensitive Groups,34.0,UG/M3,1 Hr,Valid
Rangoon,PM2.5 - Principal,2025-01-28 03:00 AM,2025,01,28,03,37.3,105,Unhealthy for Sensitive Groups,36.0,UG/M3,1 Hr,Valid
Rangoon,PM2.5 - Principal,2025-01-28 04:00 AM,2025,01,28,04,37.6,106,Unhealthy for Sensitive Groups,38.0,UG/M3,1 Hr,Valid
Rangoon,PM2.5 - Principal,2025-01-28 05:00 AM,2025,01,28,05,44.6,123,Unhealthy for Sensitive Groups,52.0,UG/M3,1 Hr,Valid
Rangoon,PM2.5 - Principal,2025-01-28 06:00 AM,2025,01,28,06,48.2,132,Unhealthy for Sensitive Groups,52.0,UG/M3,1 Hr,Valid
Rangoon,PM2.5 - Principal,2025-01-28 07:00 AM,2025,01,28,07,51.9,141,Unhealthy for Sensitive Groups,56.0,UG/M3,1 Hr,Valid
Rangoon,PM2.5 - Principal,2025-01-28 08:00 AM,2025,01,28,08,61.6,155,Unhealthy,71.0,UG/M3,1 Hr,Valid
Rangoon,PM2.5 - Principal,2025-01-28 09:00 AM,2025,01,28,09,72.3,163,Unhealthy,83.0,UG/M3,1 Hr,Valid
Rangoon,PM2.5 - Principal,2025-01-28 10:00 AM,2025,01,28,10,59.6,154,Unhealthy,47.0,UG/M3,1 Hr,Valid
Rangoon,PM2.5 - Principal,2025-01-28 11:00 AM,2025,01,28,11,51.8,141,Unhealthy for Sensitive Groups,44.0,UG/M3,1 Hr,Valid
Rangoon,PM2.5 - Principal,2025-01-28 12:00 PM,2025,01,28,12,45.4,125,Unhealthy for Sensitive Groups,39.0,UG/M3,1 Hr,Valid
Rangoon,PM2.5 - Principal,2025-01-28 01:00 PM,2025,01,28,13,39.2,110,Unhealthy for Sensitive Groups,33.0,UG/M3,1 Hr,Valid
Rangoon,PM2.5 - Principal,2025-01-28 02:00 PM,2025,01,28,14,37.1,105,Unhealthy for Sensitive Groups,35.0,UG/M3,1 Hr,Valid
Rangoon,PM2.5 - Principal,2025-01-28 03:00 PM,2025,01,28,15,38.5,108,Unhealthy for Sensitive Groups,40.0,UG/M3,1 Hr,Valid
Rangoon,PM2.5 - Principal,2025-01-28 04:00 PM,2025,01,28,16,38.2,108,Unhealthy for Sensitive Groups,38.0,UG/M3,1 Hr,Valid
Rangoon,PM2.5 - Principal,2025-01-28 05:00 PM,2025,01,28,17,35.1,99,Moderate,32.0,UG/M3,1 Hr,Valid
Rangoon,PM2.5 - Principal,2025-01-28 06:00 PM,2025,01,28,18,45.0,124,Unhealthy for Sensitive Groups,55.0,UG/M3,1 Hr,Valid
Rangoon,PM2.5 - Principal,2025-01-28 07:00 PM,2025,01,28,19,48.5,133,Unhealthy for Sensitive Groups,52.0,UG/M3,1 Hr,Valid
Rangoon,PM2.5 - Principal,2025-01-28 08:00 PM,2025,01,28,20,54.7,148,Unhealthy for Sensitive Groups,61.0,UG/M3,1 Hr,Valid
Rangoon,PM2.5 - Principal,2025-01-28 09:00 PM,2025,01,28,21,59.3,154,Unhealthy,64.0,UG/M3,1 Hr,Valid
Rangoon,PM2.5 - Principal,2025-01-28 10:00 PM,2025,01,28,22,59.6,154,Unhealthy,60.0,UG/M3,1 Hr,Valid
Rangoon,PM2.5 - Principal,2025-01-28 11:00 PM,2025,01,28,23,56.3,152,Unhealthy,53.0,UG/M3,1 Hr,Valid
Rangoon,PM2.5 - Principal,2025-01-29 12:00 AM,2025,01,29,00,53.1,144,Unhealthy for Sensitive Groups,50.0,UG/M3,1 Hr,Valid
Rangoon,PM2.5 - Principal,2025-01-29 01:00 AM,2025,01,29,01,55.0,149,Unhealthy for Sensitive Groups,57.0,UG/M3,1 Hr,Valid
Rangoon,PM2.5 - Principal,2025-01-29 02:00 AM,2025,01,29,02,55.0,149,Unhealthy for Sensitive Groups,55.0,UG/M3,1 Hr,Valid
Rangoon,PM2.5 - Principal,2025-01-29 03:00 AM,2025,01,29,03,49.0,134,Unhealthy for Sensitive Groups,43.0,UG/M3,1 Hr,Valid
Rangoon,PM2.5 - Principal,2025-01-29 04:00 AM,2025,01,29,04,42.5,118,Unhealthy for Sensitive Groups,36.0,UG/M3,1 Hr,Valid
Rangoon,PM2.5 - Principal,2025-01-29 05:00 AM,2025,01,29,05,42.1,117,Unhealthy for Sensitive Groups,40.0,UG/M3,1 Hr,Valid
Rangoon,PM2.5 - Principal,2025-01-29 06:00 AM,2025,01,29,06,44.6,123,Unhealthy for Sensitive Groups,48.0,UG/M3,1 Hr,Valid
Rangoon,PM2.5 - Principal,2025-01-29 07:00 AM,2025,01,29,07,49.6,136,Unhealthy for Sensitive Groups,56.0,UG/M3,1 Hr,Valid
Rangoon,PM2.5 - Principal,2025-01-29 08:00 AM,2025,01,29,08,56.5,152,Unhealthy,65.0,UG/M3,1 Hr,Valid
Rangoon,PM2.5 - Principal,2025-01-29 09:00 AM,2025,01,29,09,59.4,154,Unhealthy,63.0,UG/M3,1 Hr,Valid
Rangoon,PM2.5 - Principal,2025-01-29 10:00 AM,2025,01,29,10,63.0,156,Unhealthy,67.0,UG/M3,1 Hr,Valid
Rangoon,PM2.5 - Principal,2025-01-29 11:00 AM,2025,01,29,11,56.1,151,Unhealthy,48.0,UG/M3,1 Hr,Valid
Rangoon,PM2.5 - Principal,2025-01-29 12:00 PM,2025,01,29,12,49.1,134,Unhealthy for Sensitive Groups,41.0,UG/M3,1 Hr,Valid
Rangoon,PM2.5 - Principal,2025-01-29 01:00 PM,2025,01,29,13,44.8,124,Unhealthy for Sensitive Groups,40.0,UG/M3,1 Hr,Valid
Rangoon,PM2.5 - Principal,2025-01-29 02:00 PM,2025,01,29,14,46.3,128,Unhealthy for Sensitive Groups,48.0,UG/M3,1 Hr,Valid
Rangoon,PM2.5 - Principal,2025-01-29 03:00 PM,2025,01,29,15,38.5,108,Unhealthy for Sensitive Groups,31.0,UG/M3,1 Hr,Valid
Rangoon,PM2.5 - Principal,2025-01-29 04:00 PM,2025,01,29,16,40.7,114,Unhealthy for Sensitive Groups,43.0,UG/M3,1 Hr,Valid
Rangoon,PM2.5 - Principal,2025-01-29 05:00 PM,2025,01,29,17,43.8,121,Unhealthy for Sensitive Groups,47.0,UG/M3,1 Hr,Valid
Rangoon,PM2.5 - Principal,2025-01-29 06:00 PM,2025,01,29,18,48.4,133,Unhealthy for Sensitive Groups,53.0,UG/M3,1 Hr,Valid
Rangoon,PM2.5 - Principal,2025-01-29 07:00 PM,2025,01,29,19,47.2,130,Unhealthy for Sensitive Groups,46.0,UG/M3,1 Hr,Valid
Rangoon,PM2.5 - Principal,2025-01-29 08:00 PM,2025,01,29,20,56.1,151,Unhealthy,65.0,UG/M3,1 Hr,Valid
Rangoon,PM2.5 - Principal,2025-01-29 09:00 PM,2025,01,29,21,62.5,156,Unhealthy,69.0,UG/M3,1 Hr,Valid
Rangoon,PM2.5 - Principal,2025-01-29 10:00 PM,2025,01,29,22,63.7,157,Unhealthy,65.0,UG/M3,1 Hr,Valid
Rangoon,PM2.5 - Principal,2025-01-29 11:00 PM,2025,01,29,23,54.3,147,Unhealthy for Sensitive Groups,45.0,UG/M3,1 Hr,Valid
Rangoon,PM2.5 - Principal,2025-01-30 12:00 AM,2025,01,30,00,46.1,127,Unhealthy for Sensitive Groups,38.0,UG/M3,1 Hr,Valid
Rangoon,PM2.5 - Principal,2025-01-30 01:00 AM,2025,01,30,01,41.5,116,Unhealthy for Sensitive Groups,37.0,UG/M3,1 Hr,Valid
Rangoon,PM2.5 - Principal,2025-01-30 02:00 AM,2025,01,30,02,35.7,101,Unhealthy for Sensitive Groups,30.0,UG/M3,1 Hr,Valid
Rangoon,PM2.5 - Principal,2025-01-30 03:00 AM,2025,01,30,03,34.3,98,Moderate,33.0,UG/M3,1 Hr,Valid
Rangoon,PM2.5 - Principal,2025-01-30 04:00 AM,2025,01,30,04,34.1,98,Moderate,34.0,UG/M3,1 Hr,Valid
Rangoon,PM2.5 - Principal,2025-01-30 05:00 AM,2025,01,30,05,36.5,103,Unhealthy for Sensitive Groups,39.0,UG/M3,1 Hr,Valid
Rangoon,PM2.5 - Principal,2025-01-30 06:00 AM,2025,01,30,06,37.7,106,Unhealthy for Sensitive Groups,39.0,UG/M3,1 Hr,Valid
Rangoon,PM2.5 - Principal,2025-01-30 07:00 AM,2025,01,30,07,48.9,134,Unhealthy for Sensitive Groups,60.0,UG/M3,1 Hr,Valid
Rangoon,PM2.5 - Principal,2025-01-30 08:00 AM,2025,01,30,08,48.9,134,Unhealthy for Sensitive Groups,49.0,UG/M3,1 Hr,Valid
Rangoon,PM2.5 - Principal,2025-01-30 09:00 AM,2025,01,30,09,53.4,145,Unhealthy for Sensitive Groups,58.0,UG/M3,1 Hr,Valid
Rangoon,PM2.5 - Principal,2025-01-30 10:00 AM,2025,01,30,10,52.7,143,Unhealthy for Sensitive Groups,52.0,UG/M3,1 Hr,Valid
Rangoon,PM2.5 - Principal,2025-01-30 11:00 AM,2025,01,30,11,53.8,146,Unhealthy for Sensitive Groups,55.0,UG/M3,1 Hr,Valid
Rangoon,PM2.5 - Principal,2025-01-30 12:00 PM,2025,01,30,12,54.4,148,Unhealthy for Sensitive Groups,55.0,UG/M3,1 Hr,Valid
Rangoon,PM2.5 - Principal,2025-01-30 01:00 PM,2025,01,30,13,46.2,127,Unhealthy for Sensitive Groups,38.0,UG/M3,1 Hr,Valid
Rangoon,PM2.5 - Principal,2025-01-30 02:00 PM,2025,01,30,14,37.6,106,Unhealthy for Sensitive Groups,29.0,UG/M3,1 Hr,Valid
Rangoon,PM2.5 - Principal,2025-01-30 03:00 PM,2025,01,30,15,29.8,90,Moderate,22.0,UG/M3,1 Hr,Valid
Rangoon,PM2.5 - Principal,2025-01-30 04:00 PM,2025,01,30,16,27.9,86,Moderate,26.0,UG/M3,1 Hr,Valid
Rangoon,PM2.5 - Principal,2025-01-30 05:00 PM,2025,01,30,17,23.4,78,Moderate,19.0,UG/M3,1 Hr,Valid
Rangoon,PM2.5 - Principal,2025-01-30 06:00 PM,2025,01,30,18,20.2,72,Moderate,17.0,UG/M3,1 Hr,Valid
Rangoon,PM2.5 - Principal,2025-01-30 07:00 PM,2025,01,30,19,23.6,78,Moderate,27.0,UG/M3,1 Hr,Valid
Rangoon,PM2.5 - Principal,2025-01-30 08:00 PM,2025,01,30,20,26.3,83,Moderate,29.0,UG/M3,1 Hr,Valid
Rangoon,PM2.5 - Principal,2025-01-30 09:00 PM,2025,01,30,21,38.1,107,Unhealthy for Sensitive Groups,50.0,UG/M3,1 Hr,Valid
Rangoon,PM2.5 - Principal,2025-01-30 10:00 PM,2025,01,30,22,36.0,102,Unhealthy for Sensitive Groups,34.0,UG/M3,1 Hr,Valid
Rangoon,PM2.5 - Principal,2025-01-30 11:00 PM,2025,01,30,23,32.0,94,Moderate,28.0,UG/M3,1 Hr,Valid
Rangoon,PM2.5 - Principal,2025-01-31 12:00 AM,2025,01,31,00,29.5,89,Moderate,27.0,UG/M3,1 Hr,Valid
Rangoon,PM2.5 - Principal,2025-01-31 01:00 AM,2025,01,31,01,29.7,89,Moderate,30.0,UG/M3,1 Hr,Valid
Rangoon,PM2.5 - Principal,2025-01-31 02:00 AM,2025,01,31,02,28.3,87,Moderate,27.0,UG/M3,1 Hr,Valid
Rangoon,PM2.5 - Principal,2025-01-31 03:00 AM,2025,01,31,03,28.1,86,Moderate,28.0,UG/M3,1 Hr,Valid
Rangoon,PM2.5 - Principal,2025-01-31 04:00 AM,2025,01,31,04,28.0,86,Moderate,28.0,UG/M3,1 Hr,Valid
Rangoon,PM2.5 - Principal,2025-01-31 05:00 AM,2025,01,31,05,42.0,117,Unhealthy for Sensitive Groups,56.0,UG/M3,1 Hr,Suspect
Rangoon,PM2.5 - Principal,2025-01-31 06:00 AM,2025,01,31,06,49.0,134,Unhealthy for Sensitive Groups,56.0,UG/M3,1 Hr,Suspect
Rangoon,PM2.5 - Principal,2025-01-31 07:00 AM,2025,01,31,07,52.5,143,Unhealthy for Sensitive Groups,56.0,UG/M3,1 Hr,Valid
Rangoon,PM2.5 - Principal,2025-01-31 08:00 AM,2025,01,31,08,54.2,147,Unhealthy for Sensitive Groups,56.0,UG/M3,1 Hr,Valid
Rangoon,PM2.5 - Principal,2025-01-31 09:00 AM,2025,01,31,09,142.1,217,Very Unhealthy,230.0,UG/M3,1 Hr,Valid
Rangoon,PM2.5 - Principal,2025-01-31 10:00 AM,2025,01,31,10,92.5,177,Unhealthy,43.0,UG/M3,1 Hr,Valid
Rangoon,PM2.5 - Principal,2025-01-31 11:00 AM,2025,01,31,11,60.2,154,Unhealthy,28.0,UG/M3,1 Hr,Valid
Rangoon,PM2.5 - Principal,2025-01-31 12:00 PM,2025,01,31,12,40.6,114,Unhealthy for Sensitive Groups,21.0,UG/M3,1 Hr,Valid
Rangoon,PM2.5 - Principal,2025-01-31 01:00 PM,2025,01,31,13,28.3,87,Moderate,16.0,UG/M3,1 Hr,Valid
Rangoon,PM2.5 - Principal,2025-01-31 02:00 PM,2025,01,31,14,23.6,78,Moderate,19.0,UG/M3,1 Hr,Valid
Rangoon,PM2.5 - Principal,2025-01-31 03:00 PM,2025,01,31,15,20.8,73,Moderate,18.0,UG/M3,1 Hr,Valid
Rangoon,PM2.5 - Principal,2025-01-31 04:00 PM,2025,01,31,16,24.4,80,Moderate,28.0,UG/M3,1 Hr,Valid
Rangoon,PM2.5 - Principal,2025-01-31 05:00 PM,2025,01,31,17,25.7,82,Moderate,27.0,UG/M3,1 Hr,Valid
Rangoon,PM2.5 - Principal,2025-01-31 06:00 PM,2025,01,31,18,26.3,83,Moderate,27.0,UG/M3,1 Hr,Valid
Rangoon,PM2.5 - Principal,2025-01-31 07:00 PM,2025,01,31,19,28.1,86,Moderate,30.0,UG/M3,1 Hr,Valid
Rangoon,PM2.5 - Principal,2025-01-31 08:00 PM,2025,01,31,20,31.0,92,Moderate,34.0,UG/M3,1 Hr,Valid
Rangoon,PM2.5 - Principal,2025-01-31 09:00 PM,2025,01,31,21,31.0,92,Moderate,34.0,UG/M3,1 Hr,Invalid
Rangoon,PM2.5 - Principal,2025-01-31 10:00 PM,2025,01,31,22,-999.0,-999,N/A,34.0,UG/M3,1 Hr,Invalid
Rangoon,PM2.5 - Principal,2025-01-31 11:00 PM,2025,01,31,23,-999.0,-999,N/A,34.0,UG/M3,1 Hr,Invalid
Rangoon,PM2.5 - Principal,2025-02-01 12:00 AM,2025,02,01,00,-999.0,-999,N/A,34.0,UG/M3,1 Hr,Invalid
Rangoon,PM2.5 - Principal,2025-02-01 01:00 AM,2025,02,01,01,-999.0,-999,N/A,34.0,UG/M3,1 Hr,Invalid
